0.172010 -0.010666 -0.032014 8.939400 -20.618000 13.514000
0.107320 0.069744 -0.129400 20.480000 -14.657000 -6.438000
0.023068 0.080273 -0.036686 16.600000 -15.384000 18.162001
-0.445270 -0.067117 0.106580 43.161999 11.888000 -37.744999
0.372360 -0.121670 -0.077957 -34.293999 -24.801001 -5.500600
-0.013539 0.957540 0.196510 -2.762700 24.108000 7.266900
0.121810 0.011550 0.135040 -1.417200 3.158400 9.668200
0.323380 -0.530430 -0.105620 21.606001 -0.884770 -13.954000
-0.032812 0.064022 -0.070113 -1.101500 4.121700 14.343000
0.066049 -0.299030 -0.272400 5.163200 -1.456800 -16.493000
-0.014975 0.107290 -0.281530 -7.637900 -6.651500 1.489600
-0.097399 0.109350 -0.121430 1.890400 -4.363200 -0.251160
-0.676870 0.235040 0.299030 11.583000 -8.285900 5.898200
-0.219080 0.120910 -0.177410 9.874100 -0.182810 -7.165400
-0.051043 0.362020 -0.219960 0.288850 -9.598000 3.774500
-0.216310 0.014928 -0.680540 -20.773001 10.039000 -51.235001
-0.040222 0.111800 -0.123410 -12.035000 5.433500 -6.001700
0.235980 0.089441 -0.157420 -11.263000 3.938900 10.140000
0.063473 0.021681 -0.128440 22.285000 -9.852900 -19.146999
0.010727 -0.199000 0.350880 5.017100 -30.049000 29.791000
1.188200 -0.422290 0.184910 -59.270000 13.731000 -11.691000
-0.093431 0.061697 0.230190 0.970850 8.913400 -2.708400
-0.095858 -0.011782 -0.017863 -12.790000 -12.056000 9.390500
-0.099849 -0.133780 0.110670 5.378700 -7.423600 -3.319500
-0.398230 0.312270 -0.215130 18.264000 -4.626300 -0.836810
-0.099936 -0.040413 -0.032837 -1.034300 -5.764800 18.802999
-0.160360 -0.045061 0.148100 -1.581600 20.482000 15.457000
0.036906 0.147910 0.090059 4.853300 10.316000 18.613001
0.041543 -0.028938 0.440930 -16.931000 9.140200 -14.744000
-0.253050 0.573220 0.285570 -20.174000 46.311001 9.501300
0.016783 -0.103480 -0.192000 -5.100800 3.391700 -4.453400
-0.315370 0.023649 0.302650 -9.894800 -1.365900 13.325000
-0.216140 0.190610 -0.006432 -6.759400 11.557000 -8.428000
-0.014932 0.079968 -0.219330 0.386220 -3.850500 -27.202000
-0.014194 -0.098868 0.017733 3.471100 8.552100 26.612000
0.210120 0.217770 0.077708 -29.441000 -21.073999 -1.310900
0.155750 0.017780 0.043477 -2.298300 0.224990 -4.528600
-0.544390 0.207760 0.676580 9.139800 1.654100 -9.122900
0.068285 0.259650 0.094683 2.282800 -20.153999 -5.370200
-0.059456 0.158940 0.068089 -2.864900 -4.404900 4.904900
-0.138760 0.332450 0.075926 -17.142000 14.685000 4.260000
-0.145360 0.297270 -0.101710 0.342300 -17.157000 -9.262500
-0.028165 0.066621 0.224890 -6.985500 -1.326500 46.377998
0.015115 0.173260 -0.411600 4.165800 8.290700 -1.123600
-0.131320 -0.342350 -0.095185 9.265400 3.660600 -11.998000
0.142940 -0.008577 0.142400 -2.667600 -5.085800 -2.089100
-0.262590 -0.198340 0.241520 7.587800 1.884000 2.988000
-0.058845 0.185010 -0.163190 -10.798000 -7.243700 13.676000
0.131300 0.279310 -0.012330 -9.309600 -7.912600 -3.022500
-0.054717 -0.097332 -0.098522 -7.226800 4.102500 -3.764500
-0.093667 0.001832 -0.102450 -2.497000 27.367001 11.092000
0.306610 -0.019320 0.213890 5.782500 11.211000 7.792800
0.368430 -0.089641 -0.685830 23.094999 -8.651800 -56.609001
0.076981 0.054270 0.107340 18.665001 0.630320 -7.527400
-0.461470 0.008052 0.503450 -30.771999 -5.493400 23.399000
-0.700370 -0.402980 0.443050 -15.559000 -10.247000 13.716000
0.008929 -0.109840 -0.074953 -21.226000 5.088300 -9.657200
0.081514 -0.245780 0.035075 10.794000 1.723800 -7.537700
0.033594 -0.065693 -0.370870 -24.600000 -7.748700 25.761999
-0.048000 -0.270620 -0.291390 -16.771000 -24.422001 21.851000
0.081782 -0.103580 0.151340 -5.431900 28.599001 -18.516001
0.013992 -0.036665 -0.223200 -6.723300 10.075000 11.053000
-0.186210 0.108170 0.382390 -6.283500 14.643000 -17.143999
0.035178 0.205640 0.054858 -12.112000 -9.307400 -0.970920
-0.091918 -0.123350 -0.058089 7.741000 -8.261000 10.402000
0.493450 0.779460 0.725600 6.943200 10.117000 3.236100
0.045098 -0.292480 -0.167930 4.055200 10.200000 3.255300
0.292920 -0.636480 0.228440 5.468900 -22.879999 13.270000
0.053880 -0.056248 0.326590 2.723900 -5.189600 -4.969800
-0.131490 0.033729 0.139640 13.842000 -14.863000 0.160510
0.105080 -0.018224 -0.073226 -12.246000 -4.775500 1.228000
0.148300 -0.080548 -0.155680 6.683900 11.365000 -7.805100
-0.574560 0.624250 0.068015 -40.617001 44.182999 -1.660500
-0.083897 -0.384910 -0.222520 -0.881810 6.562300 4.081800
0.177920 3.567400 -0.103780 -0.147740 -34.213001 1.429300
0.173130 -0.168190 -0.357930 -8.034400 0.040266 -1.748500
0.187020 0.048889 -0.299810 -9.085600 4.370700 13.112000
0.134860 0.028493 0.005714 4.820000 -4.305500 0.637770
-0.124300 0.124040 -0.104060 9.110700 11.625000 7.076300
-0.273220 0.040240 -0.277040 -9.143100 4.893000 -6.739300
0.032879 -0.149150 0.169050 5.606900 6.070100 -10.738000
0.322630 -0.204900 -0.342230 -6.012300 5.898300 27.937000
0.285600 0.002117 0.127790 7.977300 13.743000 -2.401200
-0.057166 -0.181050 0.059291 3.475000 1.341300 4.243200
0.241600 -1.080900 0.874350 0.490240 -5.366300 6.942900
0.168880 -0.046969 -0.159200 -7.646600 -4.734600 -1.592500
0.224190 0.493160 -0.126050 18.493000 19.794001 -4.204800
-0.199390 0.362250 -0.028663 11.810000 -18.510000 15.137000
0.049547 0.078602 0.063953 -3.680500 -15.395000 13.867000
-0.137130 0.338240 -0.135530 -4.790000 -17.739000 6.384000
-0.095721 0.117100 0.581320 2.685600 17.985001 31.127001
0.149650 0.071662 0.005304 12.255000 -5.442600 1.525100
-0.404740 0.217570 -0.257850 1.044300 -3.262200 3.641200
0.028406 0.103020 -0.031074 15.479000 1.628000 8.271800
-0.380690 -0.189590 0.288690 -11.562000 7.976800 1.870100
0.068016 -0.163410 -0.360440 -1.921500 6.737300 16.605000
-0.175930 -0.029218 -0.141150 15.142000 -9.595700 -9.689300
0.058690 0.417180 0.093907 3.693400 30.014999 -4.464900
0.342480 -0.124180 -0.169690 -18.764000 3.194700 5.689000
0.100900 0.194120 0.125430 -1.471700 0.020654 1.813200
-0.347820 0.086862 0.072113 12.050000 -3.555600 -6.542700
-0.016354 0.323780 0.393810 6.283100 -14.751000 -11.799000
-0.358750 0.694510 -0.017549 -0.000655 -8.055200 6.431200
0.122170 -0.031556 -0.050105 12.694000 -7.959000 -6.825500
-0.113230 -0.282750 -0.674320 -2.828100 8.532500 26.341999
0.337160 1.266700 0.234900 2.023100 21.889999 2.642100
-0.070553 0.127300 0.039059 -19.701000 -17.872000 -11.055000
-0.193260 0.046706 -0.053078 8.767200 20.931999 -27.551001
0.356790 -0.901850 -1.650900 -0.949810 10.043000 11.985000
-0.136890 -0.069438 0.027362 -15.177000 2.366800 -10.956000
-0.176890 0.082980 0.134390 14.081000 8.413400 -20.687000
-0.289640 -0.460830 -0.484270 -5.216200 12.261000 -8.423400
-0.434520 0.067665 0.244980 -19.927000 3.763200 8.301800
0.007103 -0.028506 -0.078221 -5.123100 6.833100 4.228600
-0.409910 -0.008652 0.536470 14.495000 -12.058000 -18.959999
0.036967 -0.118980 -0.063086 11.704000 7.927800 -1.505500
-0.151900 0.017818 -0.279980 13.920000 6.970600 -6.222400
-0.577180 0.449770 -0.358390 3.558300 0.942860 -11.463000
0.044105 -0.093623 -0.011803 -9.658600 2.086700 1.406900
-2.735100 -0.210320 -0.852010 -6.297900 -4.271600 -2.666000
-0.004430 -0.084662 -0.438600 -3.591100 4.732400 -5.487700
-0.062235 0.041437 -0.127160 -0.412370 16.004000 -22.444000
0.241580 -0.109970 0.169140 -8.832700 -11.381000 -7.965800
0.304400 0.414430 0.078876 17.959000 5.800900 -23.101999
0.285350 -0.336490 -1.522700 -5.512100 12.172000 31.429001
0.192680 0.175980 -0.247930 5.609900 -8.577600 -5.440800
-0.346890 0.119280 0.047796 2.684600 -2.665700 -1.956100
0.243470 -0.058857 -0.180130 -24.579000 15.233000 6.347600
-0.114620 -0.098765 -0.256130 -11.265000 3.179000 -5.846100
0.170800 0.006801 -0.128950 8.654100 -8.239400 -16.841999
0.463980 0.786940 -0.703550 14.741000 23.858999 1.022400
0.040074 0.196910 -0.128040 1.238600 -13.644000 10.057000
-0.171480 0.151820 -0.071537 -16.004000 20.761000 -4.350100
0.060250 0.073750 -0.075429 -10.618000 -7.879600 -2.453100
-0.503470 0.123550 -0.180920 -19.591000 -0.440720 -19.493999
-0.213530 -0.042108 0.291460 10.779000 7.286600 -7.392900
0.104710 -0.075480 0.005289 14.107000 12.960000 11.487000
-0.134940 0.081899 0.164380 -17.128000 7.196800 3.771400
-0.097620 -0.011127 0.176050 11.136000 29.165001 8.807100
0.059282 0.150700 -0.033105 -0.659280 -22.659000 -7.213400
0.360730 0.137000 0.794000 -16.680000 -3.232400 -23.614000
0.348590 0.354110 0.578110 -8.739900 11.966000 -9.379300
-0.216500 -0.100780 -0.165090 20.138000 17.427000 6.401800
0.297320 0.671750 -0.181690 8.361100 18.021999 -4.715500
-0.119420 -0.167100 0.099469 18.705000 11.957000 9.923700
-0.047967 0.260380 0.091819 4.651500 0.722660 1.497100
-0.093106 0.192410 0.181210 13.598000 -6.554300 -15.880000
0.037193 0.230640 -0.262330 24.292000 13.515000 -26.051001
-0.652610 0.003431 -0.362130 -0.830100 3.909900 23.405001
-0.238440 -0.164780 0.705080 -17.223000 -6.796400 12.706000
-0.180900 -0.655420 -0.247920 -1.808900 -9.133600 -0.076022
-0.093916 0.058974 -0.075132 -9.258000 0.705330 -6.367300
-0.129530 0.594800 -0.433770 -0.282680 15.885000 -15.126000
-0.034272 0.053451 -0.022794 -16.424000 -5.574800 21.415001
0.353210 0.212000 -0.271210 9.217400 -6.844300 -37.777000
0.094764 0.051629 0.058431 8.361300 -11.726000 6.644400
-0.581460 -0.658980 -0.031773 -9.764200 -10.674000 3.175500
0.114650 -0.159620 -0.116010 5.788100 -4.718200 -0.546910
-0.061044 -0.088737 -0.244910 8.796800 -2.822200 5.927800
-0.136780 0.163490 0.023913 -15.951000 4.349600 -23.299000
-0.582250 0.596820 -0.449850 -21.628000 37.414001 -27.830999
-0.788310 -0.002417 -0.116220 27.614000 8.461600 17.270000
0.125610 -0.128560 -0.090986 44.298000 -26.166000 -37.303001
-0.134710 -0.100980 -0.250430 -3.899200 15.811000 16.245001
-0.226870 0.555500 -0.214740 5.788700 -4.046200 -11.186000
0.193290 -0.007867 -0.030656 -0.131310 -11.725000 5.319700
0.313990 -0.120820 -0.575620 2.928800 10.238000 14.269000
-0.096230 0.369490 0.065300 -0.173490 -44.782001 -25.091000
-0.058703 -0.083189 -0.020331 17.301001 -9.661800 6.616200
-0.113140 -0.076517 -0.258190 11.037000 -11.866000 -11.031000
0.184480 0.408180 1.355200 -3.722700 -1.362500 -12.174000
-0.295700 0.179130 0.112180 10.846000 -8.315100 -21.186001
-0.078065 -0.030982 -0.028827 17.840000 3.316200 2.122400
-0.144280 -0.199980 -0.496260 -2.418900 -8.067500 -8.961700
0.005918 0.051481 -0.265080 -7.358200 -9.508500 6.729800
-0.386070 0.023943 -0.363910 -18.899000 -3.495300 -23.850000
-0.061406 0.207120 -0.110410 -17.143000 -11.494000 -0.086713
0.193080 -0.439350 0.167720 8.148500 12.105000 -9.472500
0.055343 0.179020 0.095355 3.820300 13.738000 -12.354000
-0.072640 -0.094392 0.016541 8.857600 -10.233000 16.575001
-0.172580 -0.020435 -0.243780 -6.242300 -9.610600 -8.069800
0.025241 0.046318 0.132870 -1.963300 -6.250400 -2.566400
-0.048809 0.462050 -0.475050 -6.417800 0.509330 23.014999
-0.426980 -0.183580 0.188140 10.247000 -13.243000 1.457800
-0.018789 -0.037738 0.009440 14.847000 6.487200 6.284500
0.017179 -0.151770 0.223830 1.726600 -17.968000 10.914000
-0.083680 0.049588 -0.016703 -21.511000 -47.617001 -41.228001
0.114480 0.554060 -0.795400 1.600800 -0.105320 -8.619200
-0.017939 -0.150040 0.151480 -13.835000 -12.093000 -5.130500
-0.071164 0.023991 0.015917 10.897000 -8.044700 3.007300
0.510830 -0.271900 0.819020 -4.008200 6.592400 -21.158001
-0.511420 0.153770 0.428090 30.799000 -14.701000 -28.806000
-0.185060 0.389360 -0.215530 -10.137000 3.728800 1.592700
0.036574 -0.018782 -0.072567 -1.114100 -11.716000 -16.620001
-0.084058 0.133760 0.156060 -2.552100 -5.435700 10.240000
0.313410 -0.081062 -0.031806 14.272000 -13.762000 18.113001
0.045488 -0.017033 0.009967 -4.635900 6.370000 10.178000
0.377500 0.013252 -0.044414 -12.182000 6.328400 -3.398800
-2.418500 1.040600 -0.120900 -6.422600 2.041700 -0.464230
-0.069284 -0.269800 0.136140 2.514200 -17.285000 -6.823700
0.230920 0.364970 0.086232 8.109500 40.294998 3.954300
-0.126700 0.002919 -0.015984 -22.341999 2.450600 4.224500
0.385680 -0.159230 -0.066338 -5.241500 -1.539900 0.174000
0.171370 0.230210 0.102520 20.524000 5.462600 -4.924900
0.473360 -0.284120 0.330380 29.211000 -0.801270 7.794800
-0.232820 -0.308390 0.591260 -6.735800 0.373810 6.859300
0.159100 0.017334 0.268880 -28.895000 -2.296900 -10.391000
0.135130 -0.014662 0.170570 2.756100 -4.637100 -3.266700
0.914120 -0.132240 -1.241600 17.666000 -6.284500 -41.155998
-1.543200 -2.607600 -0.470630 -0.850930 4.734300 0.983570
-0.113640 0.048968 -0.244410 9.141600 5.690100 -33.877998
-0.059544 -0.213200 0.087473 12.795000 20.226999 -15.134000
-0.457070 -0.338920 0.140930 3.345700 -6.907900 6.085700
-0.240740 0.119790 -0.132550 4.296700 -1.773700 -8.035100
-0.096293 0.163430 -0.013296 -5.973400 -0.428280 17.598000
-0.494760 -0.401100 0.062666 16.455999 1.731700 -16.325001
-0.173380 0.077762 -0.119310 -5.543400 23.361000 4.421100
-0.313010 0.433340 0.133230 -10.343000 21.746000 6.253600
-0.046494 -0.143270 0.210070 -0.400940 6.828000 1.597600
0.161600 0.083582 0.213580 2.778400 0.995130 10.069000
0.250010 -0.106060 -0.002909 2.145700 -2.941900 6.848000
0.266380 0.220060 0.003375 1.386800 4.234600 2.848300
-0.001779 0.221060 0.105750 2.609400 18.702999 13.169000
0.227540 -0.070661 0.437800 -3.457000 -3.576800 -30.716000
-0.954720 0.963180 0.858990 48.730999 -44.471001 -35.216000
-0.214870 -0.034231 -0.078308 -5.390200 10.959000 -2.091900
-0.240750 0.211040 -0.126570 16.945000 8.841000 -13.072000
0.123860 0.147310 0.254520 8.301600 7.828800 -25.927000
-0.320150 0.872200 -0.278270 2.679100 0.651610 1.299100
-0.176090 -0.119970 0.331640 -7.718300 -13.784000 4.446600
0.091608 -0.604040 0.175020 5.619100 -21.448000 21.434999
0.193140 -0.413700 1.334200 -4.728800 -0.775780 11.314000
0.012611 -0.162100 0.006350 5.570900 -6.273200 15.098000
0.544280 0.050324 -0.147390 13.505000 4.486200 2.709500
-0.058676 0.081303 0.129350 0.600180 -1.736700 -1.232700
-0.150910 0.126400 -0.015591 -12.654000 1.833900 8.877800
0.109680 -0.127130 0.133850 -1.304800 13.702000 24.289000
0.762120 0.121020 0.044493 12.821000 4.070000 -15.533000
0.169180 -0.130120 0.098360 -14.500000 11.123000 2.704200
-0.175190 0.089960 -0.039606 -2.744400 -7.723300 -17.157000
-0.112670 -0.010200 0.165050 20.278999 -8.947500 -6.659400
0.023488 0.190090 -0.104010 9.639000 10.230000 8.016500
0.086328 -0.045099 0.049983 -4.622500 -8.130500 2.735300
-0.147270 -0.248830 0.295720 -3.434300 -16.316999 4.479000
0.635690 -0.085343 0.728300 4.008600 -6.079100 -4.096300
-0.109770 0.001633 0.087481 -10.771000 -0.143000 11.051000
-0.184520 0.120730 -0.051591 -1.947700 12.255000 -5.905500
1.298800 0.844860 -0.301050 1.736200 -1.925000 2.369400
0.144380 0.188370 -0.068441 21.086000 23.150000 -7.714900
0.402610 0.708280 -0.252710 -0.298900 35.500000 -7.357000
-0.382070 -0.191120 0.019106 10.943000 -10.135000 -9.193700
-0.603950 -0.670220 1.383600 9.602000 12.415000 -33.337002
0.163500 -0.411520 -0.147370 10.498000 -9.501400 3.881100
0.454530 -0.092865 0.156380 -9.483500 0.331440 -5.802200
-0.035401 -0.163070 0.265920 4.768700 -0.412850 -20.086000
-0.181470 -0.008920 0.151080 -7.529500 -2.259400 6.757500
-0.068906 0.129220 -0.094622 -3.306800 -17.358999 12.307000
-0.139160 0.029040 0.003788 -5.863800 -28.677000 -10.652000
0.157250 -0.336670 0.112100 -4.578100 -11.938000 4.434000
0.161110 0.019472 -0.142490 -5.400400 -2.836000 12.980000
-0.077280 0.101030 -0.013163 9.836200 9.757100 -3.695700
-2.736700 3.801900 -1.377000 -0.507230 -0.802670 -1.221900
-0.482250 -0.048532 0.070946 19.830999 -0.472710 4.395300
0.525910 -0.005343 0.049846 9.720300 -1.828700 4.009900
0.448040 -3.090100 1.520000 -1.247200 7.764300 -5.135500
-0.321920 -0.143360 0.317770 13.534000 -4.031700 -15.089000
-0.246900 -0.242090 -0.137610 -4.577400 -2.106300 -2.278900
0.004231 0.061099 -0.198250 -15.381000 5.844000 17.374001
-0.103530 -0.055861 -0.022025 26.035000 0.071274 -13.712000
-0.030665 -0.312150 -0.031969 1.277000 12.156000 0.231250
-0.714690 0.259590 0.168170 -5.064600 -12.667000 8.306800
0.275930 0.027275 -0.009657 -12.632000 3.194100 2.137900
-0.132980 0.012346 0.083390 12.191000 -3.735800 -5.857500
0.051808 0.120930 -0.061984 2.926700 -0.604080 6.157100
-0.008522 -0.241110 0.368370 12.015000 -6.488500 23.375999
0.068127 0.027954 0.426100 1.266600 -1.012100 6.551500
0.599910 -0.488790 -0.691730 4.948100 -0.464750 2.670100
0.038743 -0.285210 0.626200 4.183200 18.399000 -6.544500
-0.129460 -0.100400 -0.027361 -9.749200 7.988800 1.247000
-0.119370 -0.220210 -0.065131 -10.985000 -17.914000 11.747000
-0.042807 0.091334 0.016041 -0.957720 -5.407800 -2.184100
0.085036 -0.037487 -0.242550 18.549000 -3.093400 37.412998
-0.022002 -0.420860 0.046425 -9.093700 -43.752998 -9.313100
-0.016883 -0.068925 -0.093549 -1.907800 -2.899600 3.751800
-0.143990 -0.000059 0.019162 -8.232500 -2.851000 -0.523990
-0.041219 -0.130530 0.116970 -6.379000 -9.464600 10.633000
0.235690 0.188670 0.157210 -25.697001 3.514900 -1.558800
-0.502910 0.047383 0.566430 23.330000 0.343980 -18.507000
-0.165460 -0.302780 0.023502 22.035000 29.061001 -3.959800
-0.038356 -0.035654 -0.137610 -34.844002 -17.101000 -16.363001
-0.263460 -0.387490 -0.310410 -2.631900 5.186700 3.301400
0.131180 -0.225730 0.132880 5.412500 13.140000 -9.224500
0.019468 0.065649 -0.016740 1.959400 -12.538000 17.542000
0.282700 -0.070015 0.091701 -3.307300 13.780000 -3.157900
0.175770 -0.102790 0.145670 4.648300 4.884500 6.660000
0.132130 0.080372 0.096505 7.830200 13.265000 -14.508000
-0.022587 0.156380 -0.147850 -1.591700 30.458000 -15.291000
0.374270 0.091235 -0.365900 0.205480 3.810800 2.232300
0.225420 0.232460 -0.030617 -17.201000 -39.597000 22.566000
0.124410 -0.156710 0.007450 1.024800 -14.064000 -10.934000
-0.344120 -0.228930 0.068683 9.014800 4.021600 3.397500
-0.226420 -0.000526 0.051453 15.191000 -2.046000 12.233000
0.355730 -0.798150 -1.101500 7.546500 -10.547000 -17.018999
-0.076865 0.222310 0.032336 0.225210 -0.509310 0.432340
0.155600 -0.086935 -0.098258 15.946000 10.624000 17.212999
-0.006541 0.033370 0.068078 -4.706800 -8.736500 -5.433300
-0.154360 0.179560 0.101770 -2.961700 -12.779000 -5.177900
0.064734 0.195840 0.128120 -5.124200 13.924000 7.839400
0.047212 0.267460 0.017421 -0.598840 14.960000 5.285000
-0.024920 -0.097963 0.111840 -7.415500 -4.492300 -8.529800
-0.063309 -0.084007 0.298980 3.465100 2.999000 -8.997700
0.055569 0.002961 -0.088999 9.756300 5.796600 -2.709000
-0.096455 0.402230 -0.115070 6.781300 8.032600 -12.194000
0.281020 -0.604300 -0.301150 11.947000 -18.577000 -16.062000
0.035781 -0.045362 0.037441 -22.636999 -10.576000 7.625500
-0.072683 0.159980 -0.060244 -38.865002 -18.468000 2.985900
0.549500 0.024767 0.556740 -15.316000 -1.249000 -12.083000
0.004641 0.152960 -0.024377 -23.820999 -16.980000 -9.223600
-0.034482 0.075213 -0.052389 14.678000 -12.005000 -7.685100
0.882580 -0.368180 -0.534300 -0.868670 1.483300 -2.216000
-0.225070 0.759710 -0.641100 17.007999 -11.069000 -2.730600
0.084428 -0.290180 0.018352 12.256000 -21.622000 -5.273600
0.131420 0.059479 0.065947 14.370000 23.988001 24.766001
-0.045655 0.722810 0.082644 2.034900 17.527000 3.435800
-0.208800 0.029111 -0.270040 5.840100 5.351600 5.638300
-1.215000 -0.520120 0.631540 -3.796300 1.033200 2.268100
-0.578560 -0.290480 -0.207580 -14.864000 1.473000 -3.833500
-0.302610 -0.105390 -0.046115 -4.651900 -2.620300 -21.302000
-0.011502 -0.055727 -0.035926 -2.504900 -1.735800 1.449400
-0.086144 0.055012 -0.086999 -10.684000 6.508800 -5.746100
-0.598560 0.369610 -0.886810 -13.618000 2.449600 0.182730
-0.098161 0.041972 -0.191840 0.946000 -16.089001 3.697400
-0.139980 0.409280 -0.166330 -3.271000 7.659900 -4.890800
-0.101490 0.157730 0.105850 2.422200 13.757000 -6.727000
0.115970 -0.041952 -0.269870 10.216000 -4.115300 18.945000
-0.046505 0.005542 0.081636 1.152600 -11.302000 12.846000
0.137460 -0.148050 0.079622 7.578700 -8.803800 12.439000
-0.428970 0.222020 -0.011873 -18.073999 14.350000 -14.945000
0.046742 0.088274 -0.049090 -0.923010 -1.041700 -20.666000
0.337720 -0.103560 -0.206200 -10.254000 0.020836 -2.365800
-0.091540 0.024377 0.007572 -12.527000 -27.846001 5.612200
-0.523770 -0.024283 -0.196980 -32.271000 -15.424000 2.966500
0.393940 -0.367190 0.693530 2.204500 -5.736400 11.314000
0.288130 0.095357 0.209440 -24.274000 5.795700 -20.208000
0.011380 -0.017030 0.220780 21.736000 -5.692800 -2.603700
0.073335 0.090715 0.150430 -0.077310 6.695300 -5.554700
0.265790 -0.205690 -0.110910 -31.402000 12.426000 34.187000
-0.369380 0.381600 0.102860 20.419001 17.091000 0.076983
-0.036755 0.199490 -0.166380 -4.061500 6.104000 -2.057600
-0.231840 0.095776 -0.161800 -6.524300 24.306000 1.066700
-0.226120 -0.072776 0.010314 15.676000 -3.983600 4.077500
0.186390 0.320470 0.391580 -5.162900 3.425500 -7.133000
0.003855 -0.350610 -0.756010 -3.416600 7.884600 0.054598
-0.079933 0.161110 0.311020 -12.681000 7.659800 -5.567900
0.071834 0.205830 0.482650 -10.820000 -22.759001 -26.339001
-0.252330 0.024313 -0.993980 -10.789000 0.111490 -4.502800
-0.199030 0.503480 -0.154440 17.136000 -11.669000 1.022600
-0.176400 0.070819 0.171190 -17.386999 -2.738700 -9.861500
0.078911 -0.231750 -0.204690 16.704000 -15.486000 14.719000
0.197170 0.048441 -0.056558 17.471001 2.134100 0.546770
0.039427 -0.173700 0.142330 2.150200 -17.687000 28.768000
0.022947 0.000405 -0.047335 0.508860 12.024000 5.666400
-0.047906 0.022960 -0.197900 -2.865400 9.017800 -6.421200
0.226160 -0.120220 0.004459 0.760190 4.582500 18.337000
-0.005484 -0.068785 -0.092993 5.691200 2.537200 -9.672000
0.222330 0.000318 0.213830 -12.366000 26.035999 -5.807400
-0.123220 0.318490 0.331820 13.016000 -2.370800 -9.470100
-0.178360 0.208320 0.085254 22.917000 -37.629002 -22.736000
-0.074912 -0.019164 -0.092500 -21.259001 1.033200 -23.476999
-0.071365 0.386090 0.124950 2.566000 5.862700 7.297900
-0.008507 -0.074193 0.271440 3.210300 -3.539400 3.192100
0.033757 -0.028993 -0.274080 13.838000 1.211900 -13.710000
0.103110 -0.065425 0.110520 -13.780000 0.974600 0.518480
0.183280 1.002900 -0.986430 5.230200 49.165001 -48.957001
1.010800 0.362400 -2.043700 2.212900 7.444600 -11.085000
-0.024227 -0.017667 0.105710 -26.878000 -7.846200 -3.779600
0.051340 0.170700 -0.091429 -2.296600 8.162100 7.841300
0.003052 0.302140 -0.227830 -6.408500 -9.996100 0.139090
-0.600800 0.116030 0.043648 6.961900 4.542600 -7.647900
0.902790 0.344340 0.720870 9.322400 2.122100 9.880100
0.327080 0.128280 -0.164200 9.785100 -3.318600 -16.341999
-1.075600 0.061296 -0.526000 -33.653999 -0.446700 -15.087000
-0.291550 0.289000 0.150860 -13.216000 10.993000 10.493000
-0.794870 -0.702500 0.550530 -25.025999 -27.785999 32.483002
-0.589590 -0.166070 -0.527700 5.411800 1.768600 6.469200
-0.452850 -0.161820 0.177080 -4.728200 -3.943300 -12.332000
-0.066964 -0.080926 -0.156900 5.569800 -3.758000 0.397470
0.003028 -0.146690 -0.244160 -2.837200 23.743999 -4.875200
0.097183 -0.087645 -0.221610 2.703900 13.438000 9.089000
-0.034245 0.230620 -0.222700 -1.384600 -11.374000 0.208900
-0.108580 -0.164320 -0.011386 -9.395700 4.894300 8.271900
0.420580 -0.784440 -0.154330 5.359000 -0.843290 1.080000
0.333680 0.318600 0.141690 -9.001100 -29.045000 -21.768999
0.159320 0.006465 -0.167030 0.311710 4.124500 7.369000
0.708870 -0.482980 -0.317670 0.532690 -9.744200 -3.981300
0.103130 0.060004 0.259840 8.515200 -7.632700 12.612000
0.028757 0.318350 0.194440 -3.271200 11.877000 3.575300
0.062638 0.025077 0.005494 -14.066000 -16.846001 4.616500
0.153080 0.065992 -0.107120 4.474200 9.768700 10.192000
-0.251710 -0.390930 0.236290 0.218240 -10.381000 2.784600
0.174190 -0.224050 0.133820 -1.384700 -5.084600 -5.270900
0.234600 0.760590 -1.424900 -4.518300 2.397600 -9.734300
0.024649 -0.045568 -0.036993 8.529200 -10.850000 -2.639500
0.013461 -0.137770 0.096426 -6.458300 16.042999 4.966900
0.187750 0.137700 -0.135820 -13.662000 2.357200 7.763300
0.409690 -0.348580 -0.910960 25.806000 -21.436001 -54.657001
0.134620 0.301750 0.123720 -25.313999 -72.804001 -6.680200
0.350520 -0.033738 0.149780 -22.184000 -2.130400 -7.129900
0.175680 0.078251 -0.213600 4.146200 4.881200 -15.685000
0.062934 -0.386120 0.018237 5.682100 -4.538700 -2.065400
0.217840 0.395310 0.505010 -5.223400 11.980000 6.180900
0.066081 -0.230940 0.000316 -7.419400 -22.004999 9.388400
-0.108300 0.094661 -0.229380 2.977300 2.415700 -8.669000
0.309270 -0.138880 -0.432990 19.945999 -15.422000 -4.667300
-0.187410 -0.097629 -0.064879 22.679001 12.756000 6.280000
0.446290 -0.120020 -0.372760 -7.737300 9.926600 8.979400
-0.341900 0.234700 -0.252050 6.998000 -14.216000 11.781000
-0.019020 -0.086822 0.047384 -3.488800 5.701700 7.413100
-0.033433 -0.289420 -0.123690 10.769000 -23.612000 -8.183300
-0.846830 -0.273700 0.816620 17.041000 -2.250600 -21.507000
0.181270 0.168260 -0.041789 -8.463400 4.398400 -1.675800
0.633020 -0.130510 -0.222170 -24.865999 1.384300 15.937000
-0.181030 0.423240 -0.611590 -12.543000 9.937900 -6.357000
-0.026778 -0.166100 -0.220930 10.205000 8.282100 4.421600
-0.126090 -0.163530 0.031038 -1.474500 15.753000 -1.030700
-0.432740 0.144080 -0.203630 -0.973160 8.686200 -5.576900
-0.133850 0.002401 0.429080 16.409000 1.615000 -33.618999
0.196520 0.261420 -0.070829 -2.455900 -13.349000 -16.614000
0.049374 -0.210170 -0.657610 -16.825001 5.307000 0.340540
0.170360 -0.084916 -0.471150 -10.926000 -2.394400 -0.623490
-0.047889 0.190300 -0.406450 0.904870 -0.176490 5.041100
-0.038864 0.151690 -0.184000 -1.419000 5.773900 -1.161200
-0.220560 0.142230 0.090741 17.424000 2.797600 -31.936001
0.125040 -0.116880 0.059812 15.795000 6.356000 -6.611600
0.154040 0.089156 0.343530 -15.455000 -23.256001 -6.269900
-0.131620 -0.239880 -0.361510 -6.684800 -8.650000 -24.518999
-0.496250 -0.620110 0.019019 0.788410 -18.964001 -6.992300
-0.357410 1.376200 0.294140 18.379000 -47.328999 -10.710000
-0.210230 0.106320 -0.413930 30.568001 3.399600 14.794000
-0.051422 0.150200 -0.162260 9.099400 7.157700 1.653300
0.201550 0.123780 0.101270 -17.301001 -9.532500 -7.175400
0.107690 0.103750 -0.116030 6.971300 15.919000 0.634250
-0.521880 0.289530 0.160720 18.332001 -3.279800 -3.570200
0.023700 -0.098176 0.116980 -1.795900 -19.125000 12.030000
0.464770 0.230600 0.053539 54.327999 23.011999 18.799999
0.466810 -0.212090 0.694080 15.576000 -3.174800 25.749001
0.019900 -0.262070 -0.523230 0.526290 4.936800 -7.323400
0.042116 0.027274 -0.086084 6.297900 17.311001 -16.493000
0.601440 -0.185090 -0.864180 13.625000 -11.445000 -34.224998
-0.046369 0.081848 0.228160 3.849400 -8.416700 -6.840300
-0.497530 0.045027 -0.350960 -7.624800 0.964600 -8.306200
-0.098106 0.248000 -0.435420 -7.263200 -2.164500 -12.034000
0.046214 -0.387820 -0.017826 -6.795600 -15.181000 -3.131000
-0.013593 0.110280 -0.249830 -9.126400 -0.353150 2.128200
-0.440020 -0.151900 -0.281390 -6.131300 -5.273600 -14.657000
0.201760 -0.062237 0.073152 -11.045000 2.447600 -4.451500
0.235330 0.395010 0.090841 -4.838500 -1.063500 -4.189500
-0.565240 -0.392800 -0.035263 20.367001 13.200000 -23.580000
0.197760 -0.137480 0.207130 8.516200 -14.177000 -1.375400
1.371100 -0.156970 1.269900 -10.739000 -3.898600 -13.959000
-0.269360 -0.104980 0.212160 9.606800 1.194900 -2.932800
0.186550 -0.239060 0.421670 -35.375000 12.388000 -23.934000
-0.140620 -0.124800 0.089742 -2.742700 -12.265000 -16.186001
-0.006635 -0.023229 -0.264690 -3.083100 4.456900 8.222200
-0.130310 0.119660 0.154050 -7.256000 -3.637200 -2.461600
-0.341600 -0.936620 0.880330 4.284900 8.230800 -4.535300
0.169880 -0.127760 -0.060664 -5.845400 9.550900 0.254290
-0.271160 -0.025213 -0.374540 -17.601999 7.160400 -14.916000
0.279150 0.240570 -0.020907 -0.905210 11.819000 9.801500
0.133580 -0.410830 0.630600 9.452600 -2.886400 -0.462450
0.537480 0.003344 -0.289580 14.892000 -20.496000 -16.142000
-0.159120 -0.192910 0.478600 1.240800 10.703000 -7.549500
-0.059108 0.031588 0.077925 -7.760000 5.143900 -23.136999
0.158380 0.161950 0.151400 5.378700 10.202000 7.766500
-0.029954 0.015993 -0.152360 1.865000 0.568440 -10.700000
-0.069503 -0.035859 -0.019483 -3.037200 -0.990030 -4.791800
0.020651 0.050378 -0.026907 -8.229800 -0.626380 -1.900600
2.918900 0.390990 0.264810 21.049000 2.828800 4.240300
-0.123610 -0.213180 0.113540 7.455800 6.555600 0.429610
-0.089838 -0.026830 0.079467 -29.670000 10.039000 20.514999
-0.007747 0.126310 0.087451 -6.817600 -2.468200 -0.386910
0.267670 0.251550 0.132500 3.972300 -10.865000 2.229700
0.154140 -0.093125 -0.024119 0.852690 -1.409100 15.026000
-0.083350 0.002989 0.464240 2.948800 -6.377400 -0.931930
0.737810 -0.171570 -0.011015 -18.157000 2.891100 5.275800
-0.421350 0.064531 0.167210 -5.620900 10.913000 -11.201000
-0.264900 -0.039294 -0.186120 14.032000 1.404000 -6.114700
-0.360600 -0.012286 -0.487710 0.071428 1.085300 -9.292600
-0.046611 -0.571400 0.103060 3.358100 -16.864000 9.595300
0.344630 -0.268280 -0.002995 26.381001 -38.390999 -6.956900
-0.009463 0.050899 -0.054305 -2.394500 -2.613200 -1.916500
-0.094985 -0.087819 -0.029223 10.227000 -9.593800 -3.342200
-0.047340 0.222770 -0.145860 5.495500 4.463200 -0.236080
-0.415660 -0.105090 -0.192040 16.524000 6.274400 0.825420
0.343730 -1.551200 -0.788730 -8.504600 9.768500 4.672100
0.214150 0.406550 0.293350 -9.306600 -12.725000 -13.688000
-0.139560 -0.417590 0.254050 -4.792300 -15.384000 10.563000
-0.192230 -0.221990 -0.049899 -6.929700 -11.647000 -5.829800
-0.121120 0.128910 -0.224460 4.423500 -0.384800 -9.076800
0.002698 0.017748 -0.027769 -1.087200 -4.526100 -5.354400
-0.043636 0.243850 -0.030932 -1.386500 12.148000 -1.393000
-0.100270 -0.030198 0.003705 -12.406000 -4.334900 0.666470
-0.102160 -0.083338 -0.111500 -8.807700 -11.348000 -32.644001
0.570150 0.077093 -0.201810 -22.794001 -6.092800 -7.374600
-0.139570 0.117720 0.028354 8.856500 0.320780 -3.821400
0.546290 -0.245040 0.214250 -11.573000 6.987300 -7.449200
0.068786 0.031470 0.056825 -17.497999 7.597800 7.915400
0.302780 -0.166830 0.399220 -7.387700 12.850000 2.471100
-0.019028 0.299470 -0.169580 8.115800 -3.129100 1.449900
-0.049354 -0.084701 -0.121120 5.594400 6.388800 2.330600
0.019636 -0.351730 0.015824 -0.241850 14.461000 -12.050000
0.836830 -0.653560 -0.415590 -26.375999 24.426001 15.687000
-0.114860 -0.237960 1.169000 -9.833900 -6.466000 18.858999
0.140720 -0.015338 0.381260 14.561000 5.351300 29.855000
0.118920 0.358420 0.166430 13.727000 4.648700 4.780300
0.076633 -0.023805 0.018502 10.416000 4.683200 1.009700
-0.387660 -0.048406 -0.257190 -14.326000 15.193000 -3.280700
-0.233900 -0.127650 -0.526960 6.944300 10.971000 50.905998
0.070549 0.123830 0.000324 -3.757000 0.771550 -4.721800
-0.928310 -0.488460 0.482050 -12.704000 -1.717300 8.767900
-0.673180 0.255060 0.241570 -15.285000 4.654900 19.222000
0.204560 0.062791 0.101500 26.524000 1.548600 12.631000
-0.071061 0.195440 -0.004114 -9.395100 -40.242001 12.323000
0.099420 0.021705 -0.160880 6.961700 6.557900 -4.908100
-0.060249 -0.008137 -0.354740 -2.957000 4.744600 -31.823000
-0.253630 -0.109060 -0.021796 -32.708000 -3.213700 1.912200
-0.004727 0.041269 -0.082216 1.246600 -1.427200 13.972000
0.006844 0.122420 -0.073323 -14.511000 15.137000 -50.476002
-0.337840 0.142120 0.843260 8.836100 -11.157000 -51.528000
-0.162450 0.023035 -0.183810 13.538000 -1.047100 -15.902000
1.355800 1.063600 0.884870 13.403000 9.542400 10.343000
-0.036977 -0.212020 0.073593 9.357500 -10.364000 -1.539400
1.357700 0.138870 -0.351870 11.945000 -0.819480 -4.677700
0.001075 -0.460490 0.006450 1.381800 -9.375100 6.554200
-0.066931 0.399430 -0.103340 -3.810600 -5.536200 2.575000
-0.316680 0.249710 -0.000381 5.106800 -3.961800 -7.018500
-0.112750 -0.122670 -0.102130 10.935000 1.521200 1.107000
-0.039738 -0.046767 0.128750 2.783700 8.237900 -8.801000
0.060125 0.021841 -0.340550 3.064900 5.726400 -18.080000
-0.078726 0.044330 -0.202690 -0.228400 7.941100 -10.241000
0.261390 -0.216900 0.185450 -10.181000 2.798300 -3.374700
0.044032 -0.202550 -0.113640 1.859800 3.785800 9.399400
-0.067567 -0.065104 0.218010 11.419000 1.763700 17.146000
-0.051952 -0.173330 0.176240 -3.806500 13.709000 -12.398000
0.004654 0.354940 0.076595 1.245500 -6.942600 4.516600
-0.180740 0.222620 -0.134020 7.599200 -0.623480 -7.148100
0.228000 -0.408420 0.028348 -25.472000 22.554001 -7.273000
0.148760 0.008723 -0.024974 -22.195000 -8.538500 14.659000
0.066596 0.096435 0.057966 -1.004000 -3.587200 7.416200
-0.111210 -0.103760 0.118410 3.775900 8.670600 -0.479290
0.249600 0.085336 -0.129840 3.509500 5.925200 7.677200
-0.163080 -0.122940 0.070898 -3.621600 -5.259600 -2.725400
-0.016447 0.024431 0.036275 -0.570690 -1.550500 -14.930000
0.555670 0.316500 0.933860 -6.211700 -2.604000 -12.066000
-0.064218 0.059515 -0.027249 10.603000 -0.954310 -24.882999
-0.081358 -0.035043 0.036453 -6.439400 -14.102000 -2.045600
1.740000 0.008970 -1.008700 -25.854000 -5.684100 6.281000
-0.116780 0.327330 0.168240 7.557000 26.159000 9.760100
-0.010710 -0.043915 -0.097632 1.696100 -0.869390 -16.943001
0.419550 -0.045595 0.230950 7.442400 1.434700 6.068700
-0.264790 -0.596830 -0.485100 -5.073100 -18.791000 -15.963000
-0.095167 -0.056083 0.205910 11.819000 2.832200 -13.762000
0.057719 0.361620 0.218880 -12.453000 -10.082000 -27.452000
0.065192 -0.059171 0.099689 3.027800 14.619000 -4.336900
-0.088936 -0.145770 0.140000 -9.457800 -6.440300 3.163400
-0.006254 0.089525 -0.006972 18.500000 16.504000 -2.435200
-0.021735 0.120050 -0.056968 -4.581200 1.528500 0.301910
-0.252420 0.495260 -0.049683 -6.972600 -5.477000 9.676100
-0.045416 0.004975 -0.082542 6.134300 -8.624200 -14.165000
0.072264 1.100700 0.441680 -6.448100 8.220100 1.069200
-0.545930 -0.100080 0.498640 19.988001 -19.747999 -19.309000
-0.089386 0.104940 -0.069099 -2.282200 5.504400 9.229700
-0.827660 2.190000 -3.303300 -6.761700 17.917999 -22.311001
-0.233820 0.315150 0.314550 -8.056100 23.584999 -1.269600
-0.191940 -0.274330 -0.021206 9.675100 14.868000 3.774000
-0.136400 0.171950 0.127040 13.517000 -5.595600 -4.230300
0.067608 0.135530 -0.435930 -17.879999 -8.862800 -17.129999
0.041419 0.088638 -0.156670 -9.483400 1.499900 -5.144200
0.215960 -0.107320 -0.195630 4.831700 19.514000 -4.221900
0.649200 -2.060500 0.346470 0.760160 -13.364000 0.616060
0.209730 0.065502 0.199960 -3.064600 5.921900 -38.943001
0.275740 0.079319 -0.287690 3.759400 -6.136000 -3.847500
0.022344 -0.051406 0.086379 -5.190600 -9.724900 15.276000
-0.223250 -0.322380 0.098554 12.003000 15.173000 -12.794000
0.169810 0.017649 0.012372 -23.292999 -17.040001 16.503000
-0.033651 0.060046 0.126860 4.127000 -2.201800 10.578000
0.750410 0.001124 0.201810 10.344000 -6.165400 -0.377100
0.036079 0.028645 -0.031760 17.813000 4.633600 -24.249001
-0.149620 -0.063552 -0.007754 3.800600 -0.786970 12.251000
-0.108860 -0.047949 0.013069 15.754000 11.028000 -20.037001
-0.299270 0.155560 -0.086101 -9.698100 -4.997600 5.547200
-0.034800 -0.966000 0.199000 1.980700 -17.334999 2.367500
-0.473980 -0.472020 -0.446290 22.046000 8.330600 13.598000
-0.034896 0.239020 -0.111890 -8.998600 -1.428500 -2.595700
-0.089161 0.020891 0.415490 3.920000 -6.733700 -3.759000
0.131100 0.022009 0.177460 2.417500 7.628600 -8.559000
0.326660 -0.242160 0.109360 3.763500 -16.143000 2.106800
-0.033243 -0.169790 0.044373 21.886999 9.161100 -5.667600
-0.101950 0.446600 -0.097178 7.140900 -13.701000 5.645100
0.062918 -0.227470 0.038688 -14.248000 10.807000 6.531600
0.043817 -0.012494 0.080041 -4.760100 -11.447000 -2.989900
0.059697 0.122880 -0.052615 -1.366300 17.421000 -5.949500
-0.418530 0.078997 -0.085308 9.889300 2.526700 -1.222800
0.007685 0.199480 -0.045409 3.226300 -5.804300 24.087000
-0.635050 -0.196230 0.280600 6.091200 -6.018300 -5.140600
0.132200 0.274600 0.094546 -5.859900 39.620998 21.305000
0.058034 0.188550 0.015913 5.290100 -20.726999 15.772000
-0.193140 -0.040312 0.055979 3.808300 -1.969700 9.810300
-1.770700 0.072774 -1.247200 -1.340900 1.783600 -2.778700
-0.460030 -0.230360 -0.398350 -4.023100 5.092200 -5.840000
0.105710 0.363120 0.237520 17.252001 7.773800 18.875999
0.162630 0.118290 0.042955 9.836400 4.114500 -6.841800
0.042262 0.016967 -0.002817 2.854200 -7.581000 -7.723100
-0.075672 -0.011325 -0.018046 1.667000 5.222900 -0.034430
0.094918 0.024800 0.026994 -13.999000 -3.262500 15.241000
0.594630 1.211000 0.553080 3.550100 11.221000 9.456500
-0.105420 -0.032571 0.194110 13.577000 10.466000 4.323600
-0.034911 0.189190 -0.191420 5.405100 -3.867200 2.365500
0.097725 0.288470 -0.124820 3.971000 -13.628000 9.974300
-0.223740 -0.176600 0.133380 -1.624200 11.330000 0.972960
0.309350 -0.146080 -0.097969 23.837999 -6.209300 -7.681500
0.147250 0.382200 -0.379210 2.860300 -20.363001 4.167900
0.020240 0.088141 -0.393560 -9.908200 5.279600 5.815300
-0.228360 -0.240920 0.353920 -21.843000 -28.239000 17.572001
0.441600 -0.313130 0.322990 -6.532800 11.316000 0.149590
-0.029617 0.064662 -0.178590 -0.058311 -1.593400 9.361000
-0.192520 -0.131610 -0.035029 4.268500 9.983900 -16.441999
0.590570 -0.286750 -0.472230 22.827999 -3.136800 2.267300
-0.006500 0.097746 0.004487 16.482000 15.767000 8.693300
-0.024505 0.016048 -0.073158 10.890000 -19.292999 -0.844890
0.307120 0.029601 0.061230 37.514000 8.246500 2.113000
0.016637 0.117760 0.298770 6.021000 4.717100 22.684000
0.184440 0.161640 -0.180150 -1.710600 4.049800 12.014000
0.579180 -0.230750 0.005002 -0.249670 -1.520300 3.142000
0.134720 0.123900 0.079088 -17.104000 -22.707001 16.646999
-0.028202 -0.138470 0.041918 4.724100 -5.568700 19.257999
0.096490 -0.134850 0.013707 26.875999 -13.508000 6.293800
0.121710 -0.103250 0.244640 -2.476600 17.674999 -1.846900
-0.084969 0.120130 -0.413080 -0.157460 -0.123390 0.796150
0.159020 0.045106 0.434220 -1.157800 -3.864900 21.115999
0.040387 0.052908 -0.006054 12.577000 51.929001 -48.018002
0.233710 0.156320 -0.058029 -5.498800 -4.991200 -13.871000
0.377150 -0.238540 -0.165090 5.591300 -11.319000 -4.163600
0.017746 0.118560 0.034702 15.232000 -4.143000 -0.501950
-0.178000 0.040780 -0.103340 3.992600 -5.244400 4.303500
-0.094247 0.021702 0.042880 -11.557000 14.231000 -1.496900
-0.014750 0.018553 -0.658830 -10.865000 -3.254400 -39.209999
0.163990 -0.549220 -0.257820 20.496000 -23.756001 -14.914000
0.102620 0.216590 0.057257 20.643000 8.549800 0.879230
-0.107100 0.057355 -0.019962 7.640700 -0.778550 10.406000
0.076681 -0.236990 0.279500 -9.035600 -15.967000 -8.195000
-0.182890 -0.110560 -0.185830 14.023000 16.431999 6.781100
0.563440 -0.045692 -0.634890 -4.586400 2.140000 -12.917000
-0.065544 -0.002973 -0.024253 -8.246700 1.081100 -16.733000
0.387270 0.020585 -0.057568 -18.072001 4.181000 -8.323200
-0.062798 0.520290 0.839260 3.260400 -8.095600 -24.448000
-0.186590 0.280700 -0.077920 -0.492290 3.849900 13.453000
-0.039090 0.013997 0.020233 -8.359400 6.110100 4.340500
-0.132610 -0.205700 0.091957 -32.811001 -4.510200 13.669000
0.060406 -0.111230 0.038258 -8.957300 3.198100 -1.553300
0.117010 -0.077551 -0.005335 -24.580999 3.171300 -1.527800
0.291620 0.013994 0.160940 7.573100 20.683001 18.809999
0.301720 0.183540 0.288540 -4.517000 -16.350000 -5.642500
-0.126800 -0.105100 -0.065672 26.572001 29.601999 8.424600
-0.299190 -0.533110 -0.159430 21.094000 33.577000 -4.055300
-0.084957 -0.045063 0.229310 -5.511400 21.691999 0.831400
-0.222130 0.314850 -0.298320 0.527470 5.949200 -24.214001
0.223070 0.155580 -0.073891 11.027000 3.702600 7.375200
0.082634 -0.040931 -0.603130 5.959800 10.301000 1.476100
0.650490 0.338490 -0.381460 28.357000 14.670000 -13.659000
0.011987 -0.019887 0.240740 1.361200 9.586200 -7.900300
0.091501 -0.141610 0.124220 -16.473000 -11.115000 0.841220
0.215120 0.121490 0.009215 -0.147710 -14.828000 -23.882999
0.003934 -0.032751 0.055200 -2.094400 2.022900 -1.911000
-0.147560 -0.036313 -0.100130 20.297001 8.850000 2.344400
0.273170 -0.173680 -0.494730 -5.403300 7.266000 16.225000
0.117390 0.045436 -0.159210 -13.155000 3.905200 -24.813000
0.032070 -0.244620 0.035475 -2.439500 11.566000 2.588300
0.030130 -0.273020 0.257810 39.147999 -19.767000 38.977001
-0.014400 0.143030 -0.296130 -0.929260 9.275400 12.598000
0.119110 -0.092346 0.141030 0.241670 1.805900 -5.702200
0.302110 -0.113520 0.284340 29.218000 -38.410000 33.126999
-0.680680 -0.339500 -0.837620 -14.635000 -4.215100 -6.147000
0.031381 0.134740 -0.108670 -4.853400 -1.370800 10.837000
0.083729 -0.285530 0.074235 -1.158900 -1.942400 -16.590000
0.343350 -0.026294 0.000468 12.706000 -7.061500 -5.920400
-2.317400 -0.481850 -0.200450 48.002998 9.298100 2.820900
0.112660 -0.446470 0.186100 10.738000 -11.851000 2.030800
0.550320 0.031698 -0.225720 1.997100 -3.161800 -6.512600
-0.240470 -0.026810 -0.718750 -13.258000 2.493400 4.492400
-0.160580 0.351470 0.091259 16.271000 -8.729900 -7.628900
-0.164530 0.184180 0.192290 -7.153200 16.464001 -1.432900
0.811870 -0.140970 -0.091897 -38.363998 -6.133900 7.206500
-0.016454 -0.435140 -0.061631 24.679001 8.952300 -11.704000
0.137480 0.061342 0.465360 5.189500 11.815000 14.373000
-0.058811 0.202290 -0.156890 3.225500 1.856300 6.295600
0.178880 -0.018408 -0.231710 -0.891660 -7.696400 8.721800
-0.217090 0.136720 0.083159 -11.571000 3.974700 19.707001
0.280490 0.487570 -0.188290 21.837999 10.730000 -14.483000
0.133580 -0.171080 -0.069475 4.171300 -0.464850 9.082600
-0.093579 -0.087440 -0.049440 -5.680700 7.199600 -15.526000
-0.256300 -0.234530 -0.566710 2.464200 11.203000 14.486000
0.013753 0.202770 0.795060 -1.381200 -16.497999 -27.908001
0.026917 0.093971 -0.170660 3.323200 3.066400 -4.542800
0.249570 -0.072481 0.513880 -8.920700 -3.050600 -6.984500
0.384600 0.276830 0.157450 21.583000 6.476800 -11.698000
0.100730 0.237530 -0.126300 -10.120000 2.890600 -25.864000
-0.016474 0.139830 -0.061483 1.742300 -12.468000 -10.458000
-0.284990 -0.196120 0.114360 -22.299999 -2.259100 17.176001
0.006649 0.115500 0.112330 -7.130700 31.323999 -1.653800
-0.316880 -0.235110 -0.089185 -6.763700 -6.451100 1.564600
0.066112 -0.141660 0.045406 -2.885800 -20.396000 -18.243999
-0.394410 -0.649320 0.246690 -3.509300 -16.028999 6.350900
-0.184040 -0.193440 -0.250520 2.340400 -5.083200 -4.116600
0.262620 -0.266600 0.121710 -2.191700 5.388200 -10.687000
-0.115670 0.021333 -0.207070 -24.058001 7.118100 0.975400
-0.318910 0.341860 -0.234690 -11.325000 -1.507400 -2.373300
-0.067154 -0.099660 0.155370 -1.467200 -8.639200 28.750000
0.165020 0.111930 0.092070 6.251800 -10.003000 27.379000
-0.057802 0.241460 0.107740 30.490999 -26.136000 -8.346700
-0.552200 0.264890 0.248110 8.740700 -1.444600 -6.418400
-0.228120 0.296070 0.311380 -25.406000 11.608000 13.445000
0.147170 0.111530 -0.136310 -27.341999 -20.284000 10.232000
-0.176810 -0.241130 -0.265620 -1.052000 -8.673700 -9.589800
0.067270 0.012524 -0.781000 2.337900 -2.356800 21.975000
-0.231750 -0.320280 0.031274 0.975730 -42.445000 21.632999
0.047901 -0.147000 -0.260150 11.959000 -12.913000 -9.444700
0.669490 -0.210450 -0.234220 1.812200 9.494100 6.209500
-0.527490 -0.061976 0.093914 3.661300 3.089700 0.934180
-0.007702 0.159700 0.219390 -17.291000 -20.235001 -18.165001
0.778260 1.072900 -0.264220 7.648800 16.573000 1.698700
-0.158280 0.195740 -0.055859 -7.328200 0.370390 7.229500
0.155170 0.030836 0.003183 -3.839300 9.772600 1.701400
-0.275990 0.051053 -0.133510 -4.405700 -4.040600 2.917300
0.487720 -0.416380 -0.232970 -18.235001 -11.335000 4.256800
0.028377 0.258240 -0.048549 1.163500 11.471000 5.426200
0.010679 0.006366 -0.045751 26.674999 5.021200 -14.442000
0.097928 0.398490 0.344420 0.260650 -8.349800 10.793000
0.038998 0.192010 -0.030926 -1.890600 0.849780 -2.101500
0.247940 -0.062191 0.117000 -2.498100 11.433000 -5.414700
0.095059 -0.001722 -0.031861 59.069000 8.958300 -30.941000
-0.095891 0.167230 0.119280 10.772000 3.028400 13.433000
0.030985 -0.050020 -0.109870 22.908001 -21.066000 0.377010
-0.321290 0.157530 0.158320 -0.892660 -3.369800 -3.071000
-0.450730 0.233490 -0.114740 7.509700 11.015000 -4.068000
-0.562720 -2.511000 0.655700 1.252400 -6.513000 2.152100
0.081074 -0.135610 0.081804 13.545000 -0.693890 -4.702800
-0.012838 -0.268040 -0.251030 1.729900 -15.370000 2.676800
0.352830 -0.118850 0.201530 0.709880 -7.250000 -0.813970
-0.141150 0.228150 0.156890 19.533001 -19.790001 -27.981001
-0.075677 0.255700 0.010367 6.101500 -7.019200 15.626000
-0.052746 0.079875 -0.043644 6.327500 -9.017200 -7.819000
-0.102110 0.046780 -0.125760 3.666000 -17.679001 10.501000
-0.053593 -0.023501 0.068261 -2.032200 8.805700 -18.292000
-0.138980 -1.035000 0.297290 -0.577550 -0.123990 -3.755400
0.058932 0.099036 -0.069846 15.171000 3.157800 46.973000
-0.421030 -0.405880 -0.012995 20.459000 24.211000 12.131000
0.149950 0.197410 0.035845 -3.128900 -23.247999 -5.107900
-0.172790 0.340870 -0.090651 -0.831000 -25.122999 5.843100
0.399320 -0.063873 0.464980 3.644700 -15.467000 6.746600
0.108840 -0.205110 0.234140 -4.797500 3.727600 5.888600
0.010113 0.027970 -0.054282 -6.019200 -5.813000 3.165600
-0.028855 0.096388 -0.157130 -4.771000 8.689900 -4.693400
-2.343000 -0.501140 -4.922300 -10.356000 -3.024900 -22.169001
0.252190 -0.076231 -0.029117 22.465000 -14.594000 13.311000
0.191210 -0.252840 -0.206560 -9.689200 0.376800 0.052100
-0.380560 -0.566220 -0.005560 -6.008500 7.445700 6.028200
-0.092917 1.901500 0.367570 -0.466430 -2.438200 3.983400
0.115560 0.032459 -0.310520 -0.615550 0.274450 -4.783700
0.056553 -0.054758 0.050367 1.407700 -9.106700 -16.018000
0.040702 -0.035054 0.045183 4.580800 -1.334400 -23.048000
0.274110 0.088102 0.723450 2.236900 -8.436700 -3.970300
0.115760 0.206720 -0.627320 10.703000 7.892400 2.142700
0.015979 0.017164 -0.072057 -15.978000 -12.169000 16.976000
0.125040 0.041828 0.064148 -11.678000 12.998000 -18.233999
0.022860 0.087563 0.050240 -25.903000 -13.780000 -5.831900
0.337330 -0.599330 -0.259670 15.665000 9.737200 -3.296100
-0.194020 -0.340450 -0.018440 -8.313600 -6.617400 -15.698000
0.046141 0.201480 0.302490 -4.498500 6.037800 -1.367700
-0.026106 0.069295 0.190010 -7.485100 -3.375000 14.755000
0.550840 -2.091300 0.509000 0.256730 29.090000 -7.473800
-0.054591 0.002585 0.073829 5.215000 2.913700 23.312000
0.006931 0.193710 0.054199 -3.142300 23.514999 20.382999
0.056268 0.063750 0.180000 5.439500 10.298000 -20.264000
-0.015858 -0.036495 0.063645 0.789740 -14.111000 -0.011529
0.081013 -0.011046 0.025643 19.579000 -13.019000 12.124000
0.168890 -0.066845 0.133290 25.705999 -4.812800 34.445999
-0.383330 -0.183350 0.473180 18.090000 20.496000 -10.841000
-0.162750 -0.159920 -0.009601 5.118600 26.843000 -3.761200
0.146980 -0.013565 -0.154140 1.455600 1.754800 -18.177999
-0.123840 -0.005375 -0.114160 12.788000 10.090000 -16.975000
-0.003172 0.104390 0.334680 4.076600 16.207001 15.347000
-0.202060 0.159740 0.021208 0.140130 6.529300 0.791980
-0.154250 0.222280 0.311880 8.385600 5.593700 -15.072000
0.118440 0.187970 0.162400 -3.579400 17.170000 -22.413000
0.162020 0.130440 0.049128 -7.455600 3.155900 -4.418400
-0.090180 -0.261760 -0.304420 0.826260 16.759001 11.391000
0.301750 -0.114620 0.018633 -2.258500 8.995800 2.446100
-0.093608 0.024580 0.078252 19.308001 -11.751000 2.505300
-0.129410 -0.122650 0.014615 4.087300 -8.877100 -14.486000
0.084053 -0.236710 -0.629360 -9.632800 25.945000 37.199001
0.408650 0.119580 -0.018414 -11.532000 0.667870 -3.506900
-0.750030 -0.624150 0.121890 -23.936001 -27.959000 -3.957200
0.154010 0.266240 0.456810 -11.362000 -6.705300 -28.510000
0.010543 -0.188590 0.065595 0.629690 -28.379000 18.761999
-0.021891 -0.202370 -0.047938 11.755000 27.101000 -13.126000
-0.108090 -0.026961 -0.143670 1.726200 9.819700 9.595800
0.506870 -0.528700 -0.309510 -14.941000 -4.854300 -9.228700
0.980370 0.618590 1.317400 -35.438000 -20.240000 -42.931000
0.024326 -0.258650 -0.014113 5.067600 -10.489000 2.090600
-0.217460 -0.166590 0.384980 -16.603001 -3.697700 27.511000
-0.193280 -0.148100 0.050890 11.879000 16.268000 -9.151700
-0.242220 -0.157230 -0.057351 12.390000 -6.940100 15.949000
0.094910 -0.126570 -0.013404 -2.471900 1.771100 -1.209300
-0.349590 -0.302440 -0.227140 8.558500 0.163660 2.048800
0.353310 0.006647 0.015884 8.808400 -6.359300 1.074000
0.156320 0.263460 0.040144 1.283900 7.123900 -1.685100
0.266790 -0.013411 0.362720 6.416100 -9.539700 9.139700
-0.411870 0.250440 0.066943 -16.813000 15.763000 3.623500
-0.025645 -0.019649 -0.159450 18.246000 5.083300 30.544001
-0.218970 0.321100 0.173780 1.971000 5.202800 8.852400
-0.012046 0.118070 -0.146270 -4.313000 -0.059406 -22.607000
-0.097020 0.105800 0.137740 2.742500 -4.353100 10.779000
0.048033 1.165600 0.210160 -3.497100 15.483000 -1.144400
0.143570 0.195260 0.132960 14.177000 8.817300 20.660000
0.117200 0.189020 -0.021001 12.377000 30.162001 6.073000
0.064654 0.043668 -0.244190 22.499001 3.007300 -14.496000
0.018044 0.008006 -0.091930 -17.985001 -13.011000 4.386000
-0.095455 0.004694 0.056654 -11.056000 10.094000 4.042900
-0.126210 0.183030 0.168730 -12.418000 3.068600 21.070000
0.144590 -0.510810 -0.900680 1.398600 -4.183200 -22.474001
0.083856 -0.016977 -0.212340 -7.968600 -3.774200 -18.680000
-0.150980 0.656380 0.096662 5.853800 -52.061001 -5.330000
0.352610 -0.776490 0.262950 -2.994100 -6.618600 1.440300
0.274860 -0.174250 0.397530 -10.849000 20.573000 -18.278000
-0.210600 -0.493190 0.229380 20.511000 25.332001 -8.352700
0.029627 -0.060323 -0.158540 9.757700 6.200900 -7.806000
-0.065428 0.291790 0.177010 -0.734030 20.115999 13.888000
0.147540 0.141390 0.063875 0.058409 -16.591999 -6.078300
-0.104040 0.094498 0.065951 -3.871800 10.764000 -1.378800
0.015712 0.057928 -0.051443 -11.294000 10.085000 1.876000
0.122430 -0.025218 -0.217410 -20.981001 -0.857610 23.187000
-0.127620 -0.005152 0.151820 -3.887300 9.458300 3.758000
0.077370 -0.082671 -0.111150 3.499400 -3.911000 -22.166000
0.136610 -0.279010 0.210450 1.945500 3.647900 -0.063375
0.260460 0.338910 -0.172820 8.650000 2.263000 2.316600
0.096654 0.445300 0.226810 -11.899000 -17.400999 -9.875300
-0.112230 0.156170 0.212660 -14.345000 5.544600 16.237000
0.105140 -0.140770 -0.047860 -20.551001 2.114900 -6.119300
-0.210430 -0.047412 -0.205100 6.569600 16.441999 31.434000
-3.867200 3.433200 1.454200 24.549999 -20.462999 -8.254900
-0.443120 1.002500 0.864040 8.650500 -5.597600 -5.031800
-0.219910 0.292840 0.437640 -34.428001 34.616001 12.692000
0.230750 -0.290270 0.070463 7.071400 -18.862000 0.384930
0.048251 0.143940 0.150340 5.088900 4.527100 -7.939900
-0.117170 -0.036050 -0.079712 -14.389000 -18.238001 -1.648400
-0.041395 0.137200 0.493400 -6.029800 15.609000 -2.082500
-0.064178 -0.522560 0.550020 -17.459000 -2.741600 0.457150
0.216740 -0.175120 -0.053609 -34.750999 4.882500 7.580500
0.701330 0.161680 0.591970 -19.099001 0.654230 -9.200600
0.293050 0.014151 -0.131980 -16.676001 -12.444000 -0.613630
0.080114 0.196860 -0.071572 30.920000 -3.068900 -14.200000
0.156640 0.139230 0.121290 -10.143000 0.641020 -17.582001
0.040022 0.362840 -0.526630 3.854700 3.357100 3.363800
-0.363070 -0.105240 0.138180 4.678200 0.303010 6.123200
0.010135 -0.006239 0.100640 -0.974760 10.969000 2.072600
-0.047448 0.220920 0.357290 -5.488700 22.430000 24.502001
0.509410 0.563530 0.670610 -10.761000 16.704000 -1.152400
0.296710 -0.049468 -0.020418 -3.175800 -17.396000 -36.494999
-0.122100 -0.812770 -0.344290 -4.180200 -13.984000 -13.468000
-0.135570 -0.121980 -0.205480 -10.526000 -7.229900 -0.764980
-0.100060 0.178970 0.022423 32.041000 -3.447300 -25.774000
0.118560 0.124180 0.204720 -8.959600 -12.499000 3.446800
-0.160840 -0.114270 -0.344920 8.872100 10.501000 16.849001
0.190750 0.020059 0.073953 -15.372000 0.999690 -0.592570
-0.378130 -0.333180 -0.232150 3.872600 -1.751700 -7.348600
-0.020476 -0.018670 0.140370 -10.087000 17.542999 -2.389800
0.002429 -0.127080 0.010070 27.344999 -22.330999 -50.834999
-0.075286 -0.005235 0.399610 6.720200 5.358700 3.310300
-0.294430 0.174270 0.085989 11.453000 5.025700 2.473600
-0.372110 -0.132120 1.124800 -1.540300 5.011200 11.370000
0.135410 0.366620 -0.040017 -4.961300 -8.780400 7.045900
-0.003015 0.129170 -0.019449 -3.110100 0.883710 -6.071000
-0.121190 -0.038425 -0.098587 -12.468000 -6.540600 0.310410
0.229340 -0.419720 0.079041 17.761999 -18.346001 -2.551900
0.056678 -0.061064 -0.252390 3.857000 -11.341000 -6.170200
0.003233 0.086771 -0.030343 4.853000 -0.777050 7.636600
-0.156320 -0.179430 0.040593 -12.763000 13.237000 11.511000
0.244350 0.244330 0.610470 25.476999 15.382000 31.080000
-0.165060 0.015674 -0.216500 9.958900 -8.427200 38.076000
-0.287970 0.204140 -0.099586 8.488800 -8.783000 -5.531600
0.171140 -0.084197 0.087993 -21.823999 14.027000 2.400700
-0.040325 0.023465 0.063781 -7.284200 -1.163600 21.091000
0.057607 -0.097747 -0.001946 -1.253100 6.750300 4.621900
0.118830 0.059024 0.033488 -0.102720 -0.776920 4.454800
-0.030711 0.817110 0.214060 5.212600 2.354700 -7.741300
-0.288080 -0.000154 -0.160630 -17.073000 2.407600 7.195200
-0.019775 0.019799 0.039827 -18.981001 8.794100 -26.577999
0.116480 0.270740 0.030747 6.651400 -0.792870 3.427300
0.319190 0.237060 0.139110 -22.211000 -44.619999 -16.014999
-0.199070 -0.107860 0.051068 2.727900 -10.550000 9.328100
0.093624 0.073455 0.075483 13.558000 11.060000 -7.211900
-0.171320 0.377290 0.247640 7.514600 -33.237000 -15.544000
-0.192440 0.102770 0.172310 -7.412600 6.276300 9.168400
0.232020 -0.077710 -0.108790 15.901000 -9.083900 10.889000
0.159600 0.107440 -0.024137 -11.291000 -21.653000 4.644100
-0.061712 0.069422 0.028961 5.590000 12.526000 11.805000
-0.120890 0.260840 -0.104660 -6.668000 10.550000 0.460580
-0.058718 0.044443 0.187370 4.534500 -4.546900 2.728200
-0.023156 0.431310 -0.159490 3.277600 18.872999 8.456100
0.216570 -0.062421 0.059627 28.750999 3.862200 4.692100
0.366090 0.221860 -0.282740 -14.642000 -2.856900 2.344100
-0.026034 -0.370050 -0.520680 -5.326900 -19.159000 -11.949000
-0.242430 -0.129140 -0.054794 -5.187900 3.930800 -7.337000
0.282380 -0.337820 0.418470 -19.889999 14.071000 -14.087000
0.134720 -0.658030 -0.453540 -8.182500 -5.013300 -0.301580
-0.364400 -0.927450 -0.228850 -3.576700 -7.237500 -0.766560
0.059664 -0.048485 0.190410 5.614400 -4.379500 -6.426700
0.178080 0.310160 0.116000 11.704000 28.747999 -19.216999
0.180570 0.147920 -0.247300 3.527100 -15.558000 1.890100
0.146540 -0.017615 0.028471 34.310001 11.392000 3.322500
0.185710 0.039800 0.060595 7.485600 2.009200 -9.553900
-0.191640 -0.176460 -0.038069 1.076200 -3.614400 -15.383000
-0.050864 0.157050 0.048582 -27.933001 -8.861600 1.914300
-0.184030 0.067045 -0.002121 32.646999 10.876000 29.823000
-0.345360 0.191960 -0.077457 -26.480000 -8.128300 -8.586800
0.024372 -0.008457 -0.159100 6.196100 4.423500 3.457600
0.091787 -0.072230 0.145100 17.042000 -14.980000 -2.398300
0.027707 -0.035622 -0.215300 7.743300 0.933130 3.407900
0.373640 0.192490 0.267060 4.088300 2.322000 7.684800
-0.111340 0.142530 -0.096653 2.394600 -8.781900 -3.972500
0.073511 0.111180 0.068749 9.939800 5.961100 -5.282500
-0.015779 0.195970 0.157310 3.488500 -14.441000 -44.955002
0.344870 -0.193890 1.253000 -5.483300 10.114000 -33.512001
0.289510 -0.069485 0.091701 8.786200 2.460800 13.067000
-0.253220 -0.145530 -0.117180 0.562390 5.282000 6.457000
0.241130 -0.206560 -0.116010 -26.790001 13.165000 49.812000
-0.115140 0.157950 0.102470 -1.231900 -2.020000 13.553000
-0.080633 0.248910 -0.013297 3.819400 4.178300 9.228300
0.273520 -0.095363 -0.163430 2.025700 -23.452000 -4.540400
-0.125950 -0.165890 0.171660 9.550800 14.512000 7.314000
-0.093459 0.081674 -0.315860 8.416700 -3.966000 10.959000
0.061203 -0.192490 -0.195640 3.656100 -6.122300 -6.598600
-0.590190 -0.289130 -0.154400 32.520000 -1.895300 5.788700
0.106350 0.014091 -0.092044 -6.831900 1.083400 14.644000
-0.114700 0.165150 -0.070919 14.497000 -2.860100 -10.769000
-0.133070 0.004653 0.042416 -10.103000 -10.572000 -1.544700
-0.335160 0.244390 -0.378520 18.416000 -7.907800 1.238100
0.481630 0.029203 0.047062 8.053100 -4.339000 -1.940400
-0.716830 -0.941190 -0.242650 -22.368999 -15.198000 -2.163400
-0.071973 -0.078429 0.227880 -24.427000 -3.440000 13.628000
-0.122950 -0.214470 -0.144460 9.250800 -1.366400 2.151200
-0.070332 0.038576 0.027218 -5.253400 -3.988200 1.755500
-0.033533 -0.032717 0.365250 1.785500 1.657200 -0.413830
-0.302020 0.273860 -0.032678 -3.306500 11.785000 2.866700
-0.165160 0.210100 -0.020649 -5.758600 10.748000 -3.730800
-0.013109 -0.151230 0.135190 -4.431000 3.780000 12.988000
-0.210300 -0.066789 0.082790 -7.958800 3.673400 8.873100
0.149940 -0.072735 0.031646 1.651700 5.992200 1.721900
0.118900 -0.049036 -0.117620 -8.271700 0.514580 1.074900
0.268300 0.191960 -0.118740 -6.565900 5.195500 -2.246600
0.242590 -0.375480 -1.129500 3.698200 -2.807400 -7.678500
0.798660 -0.446160 -0.439930 -10.371000 6.925200 -3.158100
-0.083189 -0.125880 0.607160 2.770900 0.885770 40.134998
0.183350 0.365560 0.423980 2.169600 5.287900 12.403000
-0.102440 0.227050 0.078863 4.922900 -5.266400 1.396900
0.225070 0.017053 0.538470 0.414580 -14.600000 -1.181800
-0.346840 0.270030 -0.399570 37.480999 -35.831001 42.419998
1.566400 -0.591100 0.437700 6.979100 -1.586500 0.899010
0.579450 -0.352690 -0.045605 10.459000 -15.854000 -4.438300
0.072404 -0.148680 0.090545 -20.496000 -18.549000 68.195999
0.211880 0.219660 0.032206 6.548100 7.944000 18.719999
-0.073925 1.059200 0.285920 0.711270 -2.443600 1.340200
0.019828 0.140910 0.329430 -3.546500 -7.787800 -2.244400
-0.468320 -0.291410 -0.230180 -11.803000 -9.953800 -3.805900
-0.123060 -0.293820 0.243870 -4.861600 -16.360001 13.118000
-0.026187 -0.244550 -0.111740 -2.440700 3.422800 16.006001
0.132340 0.074425 -0.117780 -1.852600 -8.302600 -5.281900
0.288620 0.211390 0.245380 -3.730600 -1.346000 -0.847000
-0.029328 -0.102440 -0.305070 9.301900 0.881410 -6.201900
0.360800 0.042388 0.077855 -3.842700 -2.712100 12.415000
0.040251 0.165910 -0.040847 7.653700 0.866430 1.727600
-0.705510 -0.006960 -0.718330 -9.569500 -2.628800 -6.292200
-0.158430 -0.418430 -0.509310 -11.453000 -19.906000 7.134400
-0.113500 0.550360 -0.271350 -12.191000 34.759998 -36.681000
-0.387180 0.223870 0.142860 10.506000 6.734600 8.488700
0.193160 -0.011765 -0.131830 -0.047488 -5.220200 -0.043291
0.066382 -0.120630 -0.008319 -1.458700 -7.880700 12.108000
-0.134420 -0.113050 -0.025224 10.082000 3.635300 13.807000
-0.057251 -0.113830 -0.271740 10.829000 0.076396 -18.466999
-0.521380 0.447770 0.129390 17.545000 -6.815600 -12.103000
0.284890 0.023929 -0.284610 -20.110001 4.164300 -0.152690
0.072379 0.273800 0.099110 17.481001 6.920900 8.101000
-0.189920 -0.177320 -0.005634 13.215000 -3.499200 -7.744800
0.065552 0.060895 -0.057295 -25.764999 8.953600 -2.504700
-0.381120 0.114820 0.050092 19.188999 -21.872000 -12.688000
0.294370 0.290380 0.143470 -4.125000 5.809800 -7.191600
0.138490 0.378500 -0.271560 -26.891001 -30.497000 19.718000
-0.096648 -0.015272 0.059647 19.697001 -9.655000 -27.718000
0.083851 0.187800 0.103660 20.927000 -14.171000 18.896000
