0.174030 0.036935 -0.179830 -27.316999 -18.386000 4.732800
0.086204 0.109080 -0.223200 -20.584000 2.739800 -13.139000
0.313990 -0.120820 -0.575620 2.928800 10.238000 14.269000
-0.548010 0.205010 0.153650 0.146490 -1.356400 -2.783100
0.113440 0.150180 -0.012876 -1.126500 8.571100 7.843100
-0.044810 -0.059933 -0.155990 -2.059900 -20.570999 12.123000
0.075682 0.215110 -0.160280 7.991600 4.301000 -9.044900
-0.107930 0.119490 0.038412 12.134000 -10.425000 -10.951000
0.328260 0.289150 0.508150 12.251000 10.874000 11.964000
-0.066931 0.399430 -0.103340 -3.810600 -5.536200 2.575000
-0.137130 0.338240 -0.135530 -4.790000 -17.739000 6.384000
0.086751 0.076762 -0.082515 1.037200 10.348000 26.129000
0.609820 -0.237040 -0.267280 -1.828000 2.914400 -3.831700
-0.055544 -0.119200 -0.223540 12.704000 -18.406000 0.671160
-0.211080 -0.108130 0.044004 3.985000 -7.351000 -11.929000
-0.308810 0.172180 0.023998 -4.603100 12.469000 -4.872100
0.183980 0.075695 -0.229530 7.048300 1.311400 14.908000
-0.242220 -0.157230 -0.057351 12.390000 -6.940100 15.949000
0.046214 -0.387820 -0.017826 -6.795600 -15.181000 -3.131000
0.163350 -0.215280 0.144630 3.229900 -18.738001 26.176001
0.344630 -0.268280 -0.002995 26.381001 -38.390999 -6.956900
-0.180850 0.174630 -0.034467 2.187000 -3.870700 -9.792800
0.110870 0.360660 0.481210 11.095000 15.473000 10.099000
-0.171140 0.099937 0.078311 -9.163600 15.288000 -11.751000
-0.059544 -0.213200 0.087473 12.795000 20.226999 -15.134000
-0.004309 -0.103900 0.284680 -23.518000 -5.259800 -6.182400
0.046329 -0.025693 -0.170420 -5.559000 16.350000 -15.504000
-0.107640 -0.032508 0.106870 0.762040 -1.480500 9.629500
0.837760 0.786060 0.269790 -36.375999 -33.477001 -24.888000
-2.299300 -0.340270 0.804570 36.980999 4.241700 -13.915000
-0.152210 0.273370 -0.117650 23.070999 6.383500 0.501710
0.200510 -0.243360 -0.347770 -7.720400 0.761360 5.566100
-0.302760 0.029189 0.277580 -9.103800 9.753600 7.664300
0.572950 -1.095200 0.346270 1.346700 0.666650 4.332200
-0.202900 -0.589800 0.788230 -7.112000 -19.729000 32.900002
0.042693 0.013056 -0.044533 -12.052000 -3.108300 13.071000
0.448600 -0.105880 0.005546 -5.274400 -4.831000 -1.532500
-0.044785 -0.164480 0.116210 -4.892500 10.636000 -9.399200
0.247940 -0.062191 0.117000 -2.498100 11.433000 -5.414700
-0.097483 0.217850 -0.049439 -8.168300 -13.339000 -4.124700
0.105640 -0.223910 -0.273770 8.725800 -1.314300 5.276300
0.094764 0.051629 0.058431 8.361300 -11.726000 6.644400
-0.150910 0.126400 -0.015591 -12.654000 1.833900 8.877800
0.018553 -0.151400 -0.165280 1.298500 11.448000 7.309000
-1.445800 -1.079800 -0.273820 -25.282000 -9.731400 -3.832600
-0.274850 -0.084441 -0.192080 7.033200 -5.568600 -4.000200
-0.339470 -0.523790 -0.175260 2.770000 -5.239200 -7.937600
0.308910 0.177510 -0.269340 0.299000 17.718000 -19.856001
0.134720 0.123900 0.079088 -17.104000 -22.707001 16.646999
0.229260 0.051117 0.016448 1.391700 -2.073700 12.088000
-0.040108 -0.065931 -0.209240 4.735000 5.207000 11.210000
-0.203590 -0.134090 0.153820 -3.210700 -6.005700 -10.478000
0.267070 0.259040 0.512560 9.444600 14.224000 29.521000
0.018854 -0.418770 0.202940 -5.282600 13.194000 -4.548000
0.197570 0.202100 0.266900 -0.329550 4.502500 -7.425300
0.062638 0.025077 0.005494 -14.066000 -16.846001 4.616500
0.176960 1.106200 -0.025772 -3.079100 -4.252700 -4.985500
0.208230 0.183600 0.011418 -11.287000 7.691700 -0.769460
-0.064256 0.048884 0.160640 -3.959400 1.667700 -10.599000
-0.010339 -1.044600 -0.866830 1.067100 -2.509900 -1.062500
0.147790 -0.060058 -0.104350 -3.666800 18.105000 2.327600
-0.101030 0.119720 0.006110 29.040001 -37.830002 -26.465000
0.737000 -0.242830 0.010729 3.007000 8.254400 9.605000
0.242160 0.061232 0.043176 -3.300200 18.995001 -9.206400
-0.171650 0.753850 0.401640 15.759000 3.224000 -5.961900
-0.287990 -0.156800 -0.032298 17.709000 9.902600 13.841000
0.654530 -0.000049 0.345080 -6.279100 -2.520200 -5.413700
-0.019705 0.098222 -0.096214 11.529000 5.550100 -7.435700
-0.121080 0.372410 -0.009872 -7.200000 2.531300 21.785999
-0.308860 0.350420 -0.085434 1.216300 5.946000 -2.492100
-0.125270 0.044866 0.113790 -3.984200 18.711000 -5.530900
0.221080 -0.160740 -0.232220 2.742400 -2.923700 6.534000
0.011987 -0.019887 0.240740 1.361200 9.586200 -7.900300
0.110820 0.003302 0.164230 6.633400 13.776000 -14.122000
0.767130 0.605430 0.644000 1.293800 -2.910500 -2.929700
1.330800 0.614080 -0.153900 -37.963001 -19.368999 5.936000
-0.019106 0.136700 -0.031150 0.490740 0.820720 -12.891000
-0.000499 -0.149040 -0.075017 10.512000 -0.116400 -1.811400
-3.411400 -0.714290 -1.456200 25.035000 5.068800 10.582000
-0.091553 -0.591080 0.010472 0.700970 -6.622000 7.872300
-0.036410 -0.012466 -0.021261 15.371000 7.116200 -2.143800
0.181230 -0.065726 0.071511 -10.067000 8.195300 18.837000
0.090420 -0.188100 -0.250930 -22.021999 9.050100 25.739000
0.265790 -0.205690 -0.110910 -31.402000 12.426000 34.187000
0.006037 -0.074493 -0.118110 -8.214000 14.017000 -3.329200
-0.354680 -0.150160 0.094291 4.350700 -7.091700 3.611700
-0.086002 -0.296830 0.104390 9.688000 3.401500 7.301600
0.111430 -0.005719 -0.023404 15.607000 -7.672200 -0.465480
-0.082114 0.179520 -0.143190 7.805900 -3.712100 27.540001
-0.032074 0.012134 -0.167290 11.448000 22.551001 7.263200
0.310120 0.503160 0.755720 2.786500 5.231300 3.536300
0.242590 -0.375480 -1.129500 3.698200 -2.807400 -7.678500
-0.231870 0.128270 0.129140 8.937100 -13.076000 4.860000
0.428840 0.663450 0.126560 11.924000 11.895000 3.380500
-0.047608 -0.475170 0.424790 3.672000 0.128130 -20.155001
0.316690 -0.110070 0.216170 -16.902000 -13.534000 12.160000
0.274960 0.031245 -0.061686 -12.324000 7.868400 12.575000
-0.263390 0.075251 -0.147480 29.219999 -12.233000 8.646700
0.077146 0.372150 -0.417660 -6.684600 25.972000 -8.923100
0.200120 -0.090694 -0.019054 -0.584810 1.576200 21.877001
0.229380 0.249090 0.073854 -4.159300 1.044000 -2.396300
-0.165750 0.250950 -0.280360 -18.509001 0.085120 5.034800
-0.585250 -0.515740 -0.083585 -15.065000 -18.719000 3.196300
0.154140 -0.093125 -0.024119 0.852690 -1.409100 15.026000
-0.107220 -0.065279 -0.093471 -7.360800 -15.389000 -3.791400
0.261000 0.057453 -0.030488 -6.124200 4.094000 -14.227000
-0.056510 -0.202030 -0.005122 4.693300 23.193001 4.760500
0.872810 -0.373340 -0.419220 -12.315000 9.446500 3.790600
0.061191 -0.311680 0.278550 4.298100 -1.161500 -1.094600
-0.138200 -0.044304 -0.037529 -9.035700 0.341210 -4.724500
0.007412 0.308120 0.132610 0.704630 22.128000 11.256000
0.126740 0.271710 -0.095435 -11.501000 16.504000 3.965500
-0.228120 0.296070 0.311380 -25.406000 11.608000 13.445000
0.164140 0.038352 -0.001934 11.611000 24.799999 -1.206700
-0.717320 0.093056 1.125700 22.608000 -9.158800 -35.742001
-0.199980 -0.043891 -0.013439 7.859400 -7.031200 8.414300
-0.131380 -0.041401 -0.058617 38.285999 -16.518999 -3.126400
-0.050393 -0.867640 -0.128650 -0.664830 12.292000 9.313300
-0.046855 0.054546 -0.142000 -2.514000 9.359800 2.529700
0.633020 -0.130510 -0.222170 -24.865999 1.384300 15.937000
0.064091 0.146350 -0.090577 7.228100 19.573999 -10.310000
0.346220 -0.119300 -0.312850 -15.912000 15.451000 4.624100
-0.270760 -0.269730 0.089908 -8.066800 2.817300 4.493700
-0.080598 0.110810 0.019683 -1.769400 10.110000 2.899400
-0.653060 -0.129230 -0.386330 2.894900 7.533900 5.494600
-0.336120 -0.150490 -0.116870 -27.195000 -19.747000 -5.988400
-0.192830 -0.566060 -0.247280 21.409000 46.925999 31.500000
-0.403040 0.059616 -0.145280 9.083000 12.223000 -11.351000
0.327310 0.068980 -0.088114 4.513300 1.470100 11.895000
0.109830 -0.090142 -0.233480 -6.866200 -16.704000 -3.158300
-0.403380 0.031113 -0.103830 -16.573000 5.812800 -2.905000
0.747850 -0.325010 0.360880 0.442390 -4.437700 4.914700
0.026682 0.059384 -0.114970 32.605999 -66.692001 -53.755001
-0.115510 -0.105910 0.037355 7.348600 7.110800 -2.639100
-0.232630 -0.112550 0.190750 11.638000 8.132500 -8.929700
-0.406350 -0.503550 0.214230 -16.224001 -32.992001 9.102500
-0.486300 -0.054649 0.793740 -8.113900 -2.093500 25.681999
-0.158440 -0.639100 0.206640 -1.842900 41.456001 6.660800
-0.368260 0.274600 0.050035 -11.317000 -0.612430 -5.912200
-0.134030 0.259320 0.057861 9.740000 8.992800 5.724200
-0.300160 -0.347930 0.854900 -1.743400 -16.195999 6.037900
-0.090081 -0.075292 -0.058137 -4.615300 -7.449200 5.684700
0.244370 -0.520450 0.084217 20.674000 -23.034000 14.752000
2.181500 4.981100 3.246200 -1.777000 -1.516800 -1.263700
-0.208870 0.075505 0.075706 6.820100 -5.039800 -25.082001
-0.141500 -0.869190 0.628870 2.944100 1.009400 -4.240700
-0.107460 0.188080 -0.033981 0.130710 1.969700 -0.476550
-0.157180 -0.049261 0.170410 -0.375140 3.689900 16.985001
0.194650 -0.111160 -0.110300 28.118999 -2.486900 13.974000
0.080258 -0.007411 -0.108840 26.580000 11.719000 -23.323000
-0.609060 -0.141400 -0.559390 -13.011000 5.254900 1.690100
2.555900 1.115900 1.387000 3.364700 0.336800 4.564700
-0.329320 -0.009651 0.583160 -28.615999 -3.608200 28.250999
0.524280 0.755310 0.260160 -4.697000 -18.089001 -10.834000
-0.352670 0.298330 0.145410 -3.005400 -4.454700 6.047500
-0.157630 0.188910 0.212870 -29.035000 11.548000 10.400000
-0.193380 -0.221950 -0.726210 7.370200 3.886800 27.216999
-0.184220 0.317600 0.352190 1.428100 -4.973600 12.280000
0.019783 -0.251550 -0.088734 1.187100 -9.145700 -13.921000
0.137470 0.225680 -0.165080 10.979000 -0.733620 -22.162001
-0.007047 -0.129680 0.004745 -49.112999 -31.461000 -29.378000
0.122330 -0.168550 -0.136390 -5.230200 -4.498100 -14.018000
-0.418960 1.089800 -1.143500 -14.342000 19.344000 -21.877001
-0.308100 0.104820 0.016456 15.501000 7.908900 -2.325300
0.015018 0.054321 0.006805 26.969999 3.493100 10.825000
0.082495 -0.088663 -0.150030 -3.218100 -6.012300 -7.809200
0.317560 0.035192 -0.121560 30.725000 6.126500 -14.144000
-0.130200 -0.396750 -0.134410 -13.758000 -44.637001 -8.787100
0.098391 0.040363 0.051203 7.638600 -16.349001 8.154100
-0.533500 -0.316300 -0.029780 -1.380700 5.410000 0.889960
-0.021584 -0.004701 -0.103960 5.814500 -6.147200 -19.945000
-0.272150 -0.148250 -0.308400 -4.803800 -8.284900 -13.826000
-0.373940 0.219430 1.649200 6.859000 -3.169700 -26.476999
0.278860 0.427480 -0.233050 -1.078700 -11.928000 22.218000
0.055813 0.071483 -0.037938 3.787500 -3.730500 -9.522500
0.075088 -0.260680 0.334480 -7.535600 2.325400 0.568440
0.011974 0.062429 -0.013704 7.857600 -21.884001 -0.038985
0.040022 0.362840 -0.526630 3.854700 3.357100 3.363800
-0.362500 -0.273040 0.241500 12.074000 7.482900 -7.845900
-0.386200 -0.680590 0.091323 -11.466000 -6.722500 -5.466500
0.275930 0.027275 -0.009657 -12.632000 3.194100 2.137900
0.025580 -0.130330 -0.294490 -6.159800 15.115000 -0.371070
0.211860 0.285180 0.078681 -13.055000 -4.892700 -12.755000
-0.098579 -0.130440 -0.019427 5.911100 7.837000 1.454000
-0.328310 -0.023994 -0.454380 13.952000 -12.253000 13.442000
0.292820 -0.012167 -0.011460 -4.953200 0.372230 -1.664000
-0.041165 -0.197310 0.071605 -0.279120 6.841700 -3.445300
-0.056847 -0.154480 0.370430 -4.844200 52.811001 -17.549000
0.110520 -0.042523 0.057377 -16.325001 14.399000 13.990000
0.064908 -0.277980 0.076454 -18.900999 43.311001 14.209000
-0.197680 0.449070 -0.206870 5.878900 -17.476000 0.806500
0.340400 -0.080994 0.048588 -2.062500 3.135200 -9.028000
0.016347 0.001477 0.002603 7.062700 -14.855000 6.011000
0.088150 -0.168570 0.061380 12.533000 10.011000 2.343900
0.210810 0.145790 0.068289 -1.912300 -9.606100 -19.650999
0.288510 -0.162720 0.066377 -4.855500 -3.929300 8.944900
0.163210 -0.197380 -0.101880 0.494620 7.022800 -1.425700
0.127120 0.110960 -0.052794 2.447800 -3.025000 10.477000
-0.111340 0.142530 -0.096653 2.394600 -8.781900 -3.972500
0.058833 -0.048551 0.184700 23.457001 5.096800 6.503100
-0.258050 -0.078252 -0.098663 13.508000 11.315000 6.116600
0.077037 0.065865 0.011767 -33.080002 -0.938940 25.889999
-0.119370 -0.220210 -0.065131 -10.985000 -17.914000 11.747000
0.026248 0.185660 -0.006896 12.459000 1.340600 21.011000
-0.077602 0.263180 -0.071336 8.877400 -0.849750 -2.417000
0.494480 0.139520 -0.579980 12.517000 3.155500 -8.720300
0.051808 0.120930 -0.061984 2.926700 -0.604080 6.157100
0.836830 -0.653560 -0.415590 -26.375999 24.426001 15.687000
0.487760 1.173000 -1.243700 -13.456000 -25.406000 30.459000
-0.253810 -0.037281 0.199860 36.507999 17.457001 4.675000
-0.330350 3.844800 -6.087800 -1.969700 16.900999 -26.267000
0.003503 -0.051286 -0.163820 -14.169000 -6.152600 -0.250950
0.456190 0.455450 -0.566030 15.402000 6.051300 -8.791900
0.098499 0.078048 0.121530 -6.821000 15.083000 7.890600
-0.387620 -0.317890 0.391540 9.282800 -11.499000 -3.484400
-0.096307 0.117820 0.306040 4.988300 9.816900 -10.087000
0.033098 -0.011061 -0.121130 -0.240660 9.681300 7.209800
-0.004854 -0.018866 0.155870 -12.617000 4.053400 -17.254000
-0.013506 -0.148630 -0.090246 10.392000 12.575000 5.499600
-0.056799 -0.030760 0.032193 0.467980 -1.384700 0.711120
-0.180960 -0.107740 -0.064342 -23.000999 -33.786999 2.946000
0.701710 -0.396050 -0.323400 -0.332470 -0.159820 2.401500
-0.184040 -0.193440 -0.250520 2.340400 -5.083200 -4.116600
-0.450160 0.088661 0.315520 15.702000 0.699000 -2.392000
-0.548480 0.076546 -0.098619 5.271800 -3.374300 4.834500
0.889720 0.239170 1.003200 14.278000 10.930000 14.547000
-0.459680 -0.192590 0.064217 31.002001 -7.065900 -7.896500
-0.049606 0.240740 0.117450 8.830300 3.131900 -1.642300
0.058810 -0.280450 0.169690 6.129100 70.371002 -53.675999
-0.028663 -0.045159 0.173910 29.813000 -21.548000 -35.952000
0.054523 0.103440 -0.001065 4.692700 -4.435600 6.842700
-0.147430 0.139100 -0.259060 -6.105800 0.127520 -37.917000
0.086047 0.226300 0.029476 10.666000 -4.185300 6.610700
0.140240 -0.609260 -0.262150 -4.702600 1.217500 25.122000
-0.156030 -0.509200 0.986800 10.634000 13.341000 -23.704000
0.706950 -1.005900 0.076986 -5.055100 10.517000 -0.964440
-0.289840 -0.003692 -0.062933 -26.445999 5.568500 -9.211100
0.197340 -0.123360 -0.083593 1.563600 0.831370 -2.994900
0.172210 -0.101060 -0.049059 -26.743999 27.497000 6.872200
-0.024303 0.182550 -0.038855 -12.191000 2.581800 -23.811001
0.256340 -0.182330 -0.352720 -5.746400 5.418400 12.806000
-0.188910 0.157510 0.031301 -9.777000 -20.659000 10.773000
0.177310 -0.046416 -0.276870 5.010000 -5.666400 5.125300
-1.135200 -0.049835 0.610000 -46.551998 2.833800 29.812000
-0.058082 -0.387360 0.096123 -4.459600 8.571100 3.046300
0.225480 -0.123230 0.043294 9.767000 -20.157000 -11.772000
0.664840 0.777810 -0.292620 11.530000 11.108000 0.567640
-0.527490 -0.061976 0.093914 3.661300 3.089700 0.934180
0.340330 -0.725370 -0.071859 -4.217000 9.890500 0.314080
-0.006301 -0.207850 -0.186680 -4.250300 -17.826000 -0.504060
0.788250 -0.099092 0.027770 -6.722900 -7.548800 8.877400
0.115750 0.118780 -0.152090 -6.228900 -18.291000 12.819000
-0.745730 0.755970 -0.399480 -18.170000 22.723000 -10.831000
-0.008754 -0.045819 0.078150 4.235600 -4.768700 -2.591900
0.070313 0.074390 0.099040 15.609000 -22.737000 26.733000
0.132590 -0.171810 0.202750 12.752000 1.866200 -10.350000
-0.361390 -0.125430 -0.295980 0.794280 -5.565700 3.604100
0.048327 0.098044 -0.186970 -11.395000 -13.535000 -4.558700
-0.022730 0.288280 -0.044235 9.145400 -31.716000 13.015000
-0.082725 -0.008289 -0.317340 1.497300 2.033900 -12.194000
0.114080 0.232220 -0.008934 1.138100 -1.395900 6.939800
0.062643 1.020200 0.666480 -10.786000 -23.332001 -8.865900
-0.044849 0.359110 -0.026478 1.440300 -8.435100 1.631500
-0.221740 0.194780 0.373500 -38.750000 37.997002 22.113001
-0.199730 -0.009300 -0.109840 2.762800 0.839310 -14.018000
0.542770 0.508250 -0.258550 -32.308998 -15.627000 21.419001
1.566400 -0.591100 0.437700 6.979100 -1.586500 0.899010
0.445270 0.246740 0.028672 29.799000 30.719000 -1.365300
0.255350 -0.018219 0.000082 11.919000 23.039000 20.735001
0.011211 0.028259 0.192700 32.000999 -48.455002 -34.237000
-0.062698 -0.194690 -0.130690 -16.292999 -2.089200 5.970600
-0.059108 0.031588 0.077925 -7.760000 5.143900 -23.136999
1.138000 -0.213360 0.766340 7.765300 5.362700 -11.126000
0.032370 -0.118330 -0.091850 10.996000 -0.991350 -3.502500
-0.352970 0.162230 0.496940 -6.314200 -0.195610 8.146800
0.240420 0.737490 -0.254970 3.314600 -10.128000 -1.394900
1.521700 0.566540 0.801940 51.987000 19.542000 25.646000
0.225710 0.143070 -0.545430 -10.074000 -9.543200 10.387000
-0.674720 0.195610 0.032678 -10.709000 -3.198600 -9.504900
0.103330 -0.233410 -0.051105 13.030000 -19.990999 8.632200
0.063405 0.265820 -0.064473 5.315900 -0.660260 -2.556300
0.086281 0.339400 -0.089627 -12.856000 -1.395300 26.322001
0.560700 -0.190900 1.358400 14.386000 -11.879000 19.379999
0.030397 -0.177870 0.120030 3.340100 -6.069100 6.081800
-0.181030 0.423240 -0.611590 -12.543000 9.937900 -6.357000
0.150060 -0.053790 -0.174300 1.646200 14.728000 0.164880
0.057699 -0.019752 0.062154 8.283000 -8.290900 2.711300
0.503830 -0.041572 -0.166780 4.618100 -6.924500 -4.109300
0.040485 -0.034029 0.138590 -15.506000 -3.114900 -7.545500
0.002698 0.017748 -0.027769 -1.087200 -4.526100 -5.354400
-0.035577 -0.162460 0.170080 10.239000 -40.640999 33.025002
0.005918 0.051481 -0.265080 -7.358200 -9.508500 6.729800
0.205850 -0.379170 0.029946 -0.531910 8.550400 4.525400
0.739620 0.402880 0.421540 4.354900 0.814340 7.231000
0.783190 -0.935370 -0.300020 -25.745001 26.700001 14.759000
-0.394410 -0.649320 0.246690 -3.509300 -16.028999 6.350900
0.049532 -0.149760 -0.142320 -8.762000 -20.867001 -11.408000
0.173660 -0.520520 0.014089 -17.809000 3.230300 -1.928600
-0.149470 0.193230 0.169750 10.225000 3.621600 24.270000
0.122690 0.123200 -0.002680 -8.753500 13.313000 -6.404400
0.011321 0.067409 0.126260 -7.648500 -16.606001 11.005000
0.313410 -0.081062 -0.031806 14.272000 -13.762000 18.113001
-0.236170 -0.053336 0.330550 7.291600 -1.599800 5.267600
0.062436 0.011632 0.119710 -6.691400 32.351002 -16.913000
-0.078015 0.014161 -0.138400 5.204900 -3.982400 17.226999
-0.351000 0.072110 -0.228520 0.452200 11.704000 -21.569000
-0.079137 0.158350 0.094686 3.812000 -8.556500 6.542000
-0.104590 -0.020584 0.071700 2.428000 0.356230 2.502300
-0.458990 -0.074283 0.037112 11.528000 8.789500 -3.311100
0.152440 -0.032346 -0.341570 -7.287400 -14.527000 -0.545100
-0.502700 0.050659 -0.269330 25.757000 14.218000 -7.505800
-0.061503 -0.019855 0.172200 -1.562000 -1.824200 2.146000
-0.012838 -0.268040 -0.251030 1.729900 -15.370000 2.676800
0.087735 -0.134350 0.351820 11.795000 -3.020600 58.339001
-0.590190 -0.289130 -0.154400 32.520000 -1.895300 5.788700
1.108900 2.755300 -6.255700 8.657500 20.605000 -44.577999
0.049281 -0.068788 0.111830 13.120000 18.128000 -7.180200
0.507680 0.255910 0.656430 0.181610 5.351800 17.847000
-0.084058 0.133760 0.156060 -2.552100 -5.435700 10.240000
0.029677 -0.176060 -0.151730 0.885560 8.517600 9.515800
0.066077 -0.071008 0.009140 5.674000 -4.632900 2.959900
-0.105730 -0.550410 -0.546600 -4.575900 -18.301001 -29.768999
0.073078 -0.254750 0.678810 1.120900 3.435600 -23.719000
-0.151560 0.028749 -0.056962 -3.857100 4.429700 -4.332900
-0.871480 -0.096565 0.199340 -8.799200 0.123220 6.024800
0.022063 -0.226110 -0.129480 -6.706800 7.858600 -12.486000
0.112800 -0.118850 0.062856 -5.353000 4.308100 -5.996200
-0.765360 -0.417640 -0.176840 -50.764000 -40.229000 -8.901400
0.197590 -0.066925 -0.134390 7.217300 -2.585000 -5.400900
0.026221 -0.202090 -0.006139 8.877300 -12.057000 4.834800
0.114650 -0.159620 -0.116010 5.788100 -4.718200 -0.546910
0.118520 -0.023144 0.343740 29.580000 -9.630200 39.514000
0.231750 0.126510 -0.035583 -2.991500 0.781960 2.097500
-0.367730 0.233670 -0.003143 25.059000 1.183300 -5.873300
-0.108090 -0.026961 -0.143670 1.726200 9.819700 9.595800
0.761510 -0.540710 0.773690 -0.462510 -3.835300 0.317830
-0.047340 0.222770 -0.145860 5.495500 4.463200 -0.236080
-0.187280 0.051820 0.118650 19.895000 -38.229000 6.058100
0.740510 -1.881500 -0.198300 -15.127000 25.559000 1.836500
0.169330 0.221540 0.457600 25.202999 19.368000 55.012001
-0.239940 -0.265880 0.039133 2.161400 -2.127500 3.051000
0.139880 -0.215050 0.371340 -8.373100 3.781600 -9.263700
0.144590 -0.510810 -0.900680 1.398600 -4.183200 -22.474001
0.148040 -0.388900 0.089270 12.355000 7.063000 -18.604000
0.250820 0.204660 0.525950 20.427000 4.921300 23.440001
0.366060 -0.117040 -0.127620 -10.379000 4.889400 5.271200
-0.331640 0.266570 -0.287600 56.729000 -50.407001 45.525002
-0.421670 -0.645880 -0.070806 1.584100 10.001000 -1.859500
0.082611 0.085812 0.024106 -5.642300 -0.002961 -18.919001
0.043817 -0.012494 0.080041 -4.760100 -11.447000 -2.989900
-0.240190 -0.172600 0.005310 -0.476410 16.583000 -2.236000
-0.137540 -0.035002 0.114930 -5.580500 -3.656800 22.646000
-0.206440 -0.154490 -0.046619 0.281380 -13.868000 -1.944800
-0.302020 0.273860 -0.032678 -3.306500 11.785000 2.866700
5.433800 4.208500 -6.968100 -2.251900 -1.511900 2.638700
-0.097620 -0.011127 0.176050 11.136000 29.165001 8.807100
0.307160 -0.283330 -0.135150 -20.832001 59.278000 30.764000
0.193680 -0.129450 0.122560 -7.459400 9.515800 1.903500
0.363700 0.260940 0.057555 11.556000 1.620900 12.329000
-0.035435 -0.074360 0.084326 6.011100 5.474400 8.607100
-0.045699 0.009542 0.117690 7.587500 -10.347000 10.175000
-0.049542 0.082823 0.015674 1.700100 0.023368 17.664000
0.624450 0.383870 0.078634 10.924000 25.820000 -7.271400
-0.027181 -0.089051 0.200560 -4.512800 1.354600 -1.304800
-0.293130 0.136960 0.036055 -11.652000 16.504999 -3.274800
0.125200 0.014745 -0.195940 -1.827000 -9.813100 -15.617000
0.039404 -0.150810 0.060262 -0.605800 3.150100 -9.759400
0.091118 0.011456 0.107400 27.974001 31.724001 14.730000
-0.306020 -0.202060 -0.212280 -11.922000 -14.281000 -6.163000
0.041221 0.011755 0.140210 -19.089001 4.089100 6.035600
0.557000 0.010485 -0.266290 -14.678000 -3.201600 12.016000
0.369190 0.781280 0.057828 -7.466700 -27.320000 -3.680100
-1.723000 1.558200 4.986800 -3.679100 1.868400 6.728300
-0.121010 -0.029354 0.061903 14.990000 34.828999 -5.569400
0.053811 -0.139460 -0.386350 3.989500 -7.736300 6.157100
0.322630 -0.204900 -0.342230 -6.012300 5.898300 27.937000
-0.238150 0.033860 -0.628840 -10.428000 -12.551000 5.431800
0.070167 -0.208290 -0.016701 -12.717000 -14.736000 3.427600
0.175390 -0.067169 -1.119700 -6.783000 -8.863800 -35.897999
-0.713430 -0.400740 -0.359290 9.672100 22.379999 4.284900
0.125490 -0.010278 0.130400 -1.569700 -18.806999 -0.790250
-0.945460 -0.690930 0.350410 -8.173800 -8.947500 -0.483440
0.080437 -0.078770 0.005064 -2.272500 12.981000 1.284900
0.061313 -0.094849 -0.001797 -8.274800 -6.079800 -2.322800
0.283260 0.043727 0.253890 -3.426700 -18.075001 -0.090099
0.135870 -0.102110 0.000963 -5.817500 -0.310140 1.821800
-0.233480 -0.080300 -0.018118 -12.445000 -5.370800 8.817100
0.222030 0.165380 0.414420 -32.682999 1.369900 9.206000
0.230340 -0.075386 -0.244270 5.629100 -6.334000 15.977000
-0.116780 0.327330 0.168240 7.557000 26.159000 9.760100
-0.284990 -0.196120 0.114360 -22.299999 -2.259100 17.176001
-1.045000 -0.231660 0.355680 4.522900 2.396000 -3.298900
0.069351 -0.475650 0.132700 8.701800 -7.434300 2.811500
-0.304370 0.016998 -0.368800 11.828000 4.518900 -8.624600
0.026476 0.071439 0.033126 7.287600 15.248000 9.307300
-0.004437 0.145930 -0.157310 -26.219000 -25.820999 -34.985001
-0.086530 0.073592 -0.255720 24.160999 23.604000 0.289440
-0.144960 0.093107 0.044478 1.547500 19.915001 3.712200
-0.304990 0.047928 0.229270 8.534600 3.107600 -0.454960
-0.107690 -0.058436 -0.037164 1.901500 7.936800 -7.456700
-0.247810 -0.157620 -0.309400 22.412001 -8.355400 10.508000
0.024161 0.001138 0.238090 -8.458000 11.908000 -2.747300
0.331640 0.283520 0.518300 1.080300 3.028300 -15.808000
0.058114 0.110870 -0.006883 22.028000 51.193001 -58.511002
0.287840 -0.014630 -0.219070 8.615700 0.045503 -7.422700
-0.107980 0.137500 0.056686 -0.400630 -22.649000 6.542300
-0.149940 -0.180910 0.101020 4.282700 -0.942340 -12.223000
0.452030 -0.043418 -0.380340 -1.813300 -5.866500 -2.042900
-0.023178 -0.369260 0.054585 7.970600 10.575000 -3.199200
-0.045797 -0.166820 0.103620 5.516100 7.487600 -17.584999
0.145300 0.077819 0.141690 35.035000 0.693120 27.367001
0.337880 0.234790 0.305920 -20.625999 -20.313000 -14.593000
-0.015470 0.181100 0.131010 -9.328100 2.294500 -4.655400
-0.134270 -0.157190 -0.057587 16.617001 13.998000 14.541000
-0.152550 -3.539100 -0.231990 5.279700 24.676001 0.741910
0.225420 0.232460 -0.030617 -17.201000 -39.597000 22.566000
-0.045880 0.061032 -0.049894 33.360001 1.247000 25.308001
-0.412610 -0.192560 -0.051619 2.576000 2.030300 8.936500
0.167810 0.019512 0.083228 4.951500 -2.995300 5.814700
0.099156 0.096007 0.128340 4.754200 1.340700 5.580500
-0.146690 0.469660 -0.177090 -5.889000 -12.041000 5.252900
-0.956690 0.013647 -0.085118 29.500999 -8.213200 -2.399500
0.083729 -0.285530 0.074235 -1.158900 -1.942400 -16.590000
-0.109150 0.837860 -0.044880 2.207100 8.354400 2.627100
0.362340 0.088339 0.054212 -10.941000 13.052000 -11.879000
-0.153910 0.054762 0.058675 21.518000 1.984400 34.558998
0.068285 0.259650 0.094683 2.282800 -20.153999 -5.370200
-0.045579 0.013975 -0.391920 9.691600 -7.754700 6.455500
0.207450 0.549410 0.075749 -5.113700 -38.058998 3.914400
0.075819 0.160080 0.010248 -7.407200 17.499001 4.935000
-0.006770 -0.006533 -0.070065 22.985001 17.833000 -34.285000
-0.362670 -0.387970 -0.111580 -22.785999 -11.370000 -6.908100
-0.112390 0.122000 -0.069611 -4.031800 5.351700 -13.593000
0.151340 0.231490 0.088150 -6.625100 3.218000 0.619930
-0.977480 0.299760 0.053528 -14.105000 12.673000 -3.987200
0.291470 0.231660 -0.364540 4.203700 8.814600 -17.381001
0.376900 -0.173750 0.663410 3.013400 10.559000 3.973600
0.174460 0.755580 -0.110080 -2.603100 -4.883700 1.757800
-0.043300 -0.073204 0.380470 -12.524000 16.987000 -34.804001
0.179870 -0.430010 0.057196 0.389900 16.202000 1.131500
0.157080 -0.008706 -0.035301 22.730000 -18.547001 4.576900
-0.273360 -0.213800 0.289420 1.608400 3.676800 -5.055800
-0.508040 -0.318370 -0.049324 16.215000 22.482000 -7.598400
-0.113640 0.048968 -0.244410 9.141600 5.690100 -33.877998
-0.317670 -0.151090 -0.029105 -34.556000 -3.317700 11.748000
0.014762 -0.071485 -0.119000 10.321000 10.570000 19.333000
-0.044135 0.045352 -0.030762 6.593900 8.134200 -2.427300
-0.062055 0.009195 0.019883 2.648800 15.379000 -12.341000
-0.427010 0.059823 0.384930 2.195900 -17.089001 0.691650
0.142600 0.763310 -0.404860 3.864900 -8.374100 2.941700
0.134880 0.140820 -0.008967 3.993800 -1.461600 -7.479500
-0.273610 0.288370 -0.322440 16.683001 10.455000 -3.943500
-0.122170 0.104220 0.026463 3.728600 4.616600 -5.870100
0.076995 0.005119 -0.036041 3.442200 1.868600 -7.325900
-0.747180 0.146150 0.030206 -36.432999 0.139620 8.972800
-0.077638 -0.152750 0.236810 -9.369200 -7.806200 12.989000
0.077535 -0.792220 0.802180 1.883800 12.971000 -14.876000
-0.202610 0.065594 0.057684 25.266001 19.931000 4.549800
-0.108840 -0.103510 -0.038269 11.017000 -12.589000 9.003800
-0.130770 -0.013996 -0.006965 -32.745998 21.547001 -0.591790
0.040702 -0.035054 0.045183 4.580800 -1.334400 -23.048000
0.068112 0.175850 0.109480 -1.237500 7.498000 -5.494600
0.059946 -0.189100 -0.170800 7.372300 -10.211000 0.600370
0.126800 -0.042417 0.190400 19.931999 -20.933001 -2.150400
0.112860 -0.020343 0.273310 6.244800 -5.371100 5.487300
0.490000 -0.197770 -0.479050 -28.003000 16.497000 16.780001
0.211900 0.528040 -0.102850 11.323000 22.599001 -6.674400
0.098173 0.117440 0.145430 15.883000 9.752200 31.794001
-0.451530 0.582780 0.615150 -12.637000 -7.101800 12.168000
0.057007 0.530190 -1.009400 3.370200 6.999800 -8.902800
0.064346 -0.013419 -0.014708 -1.442600 -0.392500 20.170000
0.042123 -0.126900 0.073129 4.403500 -21.945000 -3.919200
0.087578 -0.040423 -0.061364 13.030000 -8.180900 10.019000
-0.054544 -0.138700 0.232210 2.703800 18.606001 -22.167999
-0.831510 -0.387700 0.230250 21.297001 4.377100 -7.686100
0.026445 -0.095840 0.037293 3.268500 -2.179800 4.631800
-0.165250 0.202830 -1.319100 -1.750600 -6.371500 0.269360
-0.122270 -0.022315 -0.145520 25.356001 0.274450 12.688000
0.047212 0.267460 0.017421 -0.598840 14.960000 5.285000
-0.004095 0.052505 0.038326 -10.687000 -7.045300 -20.662001
-0.027040 0.080481 0.242390 -4.727400 5.394100 11.065000
0.052365 -0.245210 -0.212740 -10.716000 -3.469600 3.146500
0.675680 0.150740 -0.212970 -10.764000 6.722600 2.570200
0.134320 -0.286460 0.100830 0.055519 1.090800 -1.493000
0.298560 0.145560 0.274110 -18.605000 -2.400500 -13.114000
-0.052869 -0.128730 -0.059406 2.258800 13.888000 -0.313400
0.294380 0.302440 -0.439230 -25.968000 -6.580700 30.914000
-0.281990 -0.047856 -0.192040 11.448000 -5.935200 -0.812780
0.116910 0.017292 -0.030099 3.863800 15.476000 7.265200
-0.126920 0.052994 0.042641 31.533001 23.153999 15.845000
-0.433150 1.120600 -1.671300 -2.457400 10.819000 -20.200001
0.068016 -0.163410 -0.360440 -1.921500 6.737300 16.605000
0.081534 0.047200 -0.018140 4.967700 23.792999 -10.122000
-0.040844 0.022455 0.270310 2.541200 -0.137190 -14.604000
-0.764380 -0.262170 -0.184970 4.044000 4.952900 -5.079600
0.072447 0.243720 0.041239 -25.296000 -1.187900 -1.903100
-0.158460 0.520670 0.031981 1.967300 -0.120570 4.224400
-0.248190 0.106380 -0.389590 -8.719200 6.286600 -1.250200
-0.031754 -0.214450 0.213390 -2.995100 5.920100 -19.368999
0.149340 0.283690 -0.557830 -6.302200 13.856000 -34.304001
0.037022 0.029021 0.090268 10.156000 8.477900 13.972000
0.140060 0.266780 -0.097790 1.224000 17.693001 -1.542000
-0.169030 -0.083609 0.027283 -32.695000 -13.364000 -0.939380
-0.223930 0.015670 0.048890 -2.803300 0.686150 27.083000
0.251910 0.040266 -0.179220 -6.690000 5.400100 5.961100
-0.293080 0.303840 -0.115260 -23.063000 16.621000 23.058001
-0.556600 -0.160220 0.086271 12.886000 10.822000 1.928600
1.048000 0.093671 0.119770 19.545000 -1.715000 5.908800
-0.180150 -0.199840 0.374270 -15.576000 7.417400 -5.297000
-0.218960 -0.251260 -0.281880 3.860500 -11.441000 5.245100
-0.169360 0.390390 -0.077568 -8.596000 4.132600 -3.592700
-0.132720 0.064265 0.043777 -1.955700 -14.447000 1.512400
0.072807 -0.194620 0.139090 9.713300 2.997100 -21.552000
0.195410 0.241380 -0.239370 18.709000 4.355700 -13.367000
-0.353670 0.866700 0.625970 -8.989400 20.075001 17.927000
-0.019842 0.114720 0.045571 -8.604600 -1.868400 -21.959999
0.204200 0.236170 -0.172230 -0.831770 -22.344999 22.504000
0.259080 0.118570 -0.083862 9.132100 -16.289000 8.108700
-0.376820 -1.120300 0.053716 17.458000 40.867001 -9.003600
-0.217490 -0.104920 -0.239250 -1.732900 -16.274000 -1.277900
-0.024421 0.060562 0.118390 -8.765700 11.095000 6.802300
-0.014932 0.079968 -0.219330 0.386220 -3.850500 -27.202000
0.352520 0.108340 -0.526060 -5.489600 3.085100 5.712500
-0.537830 -0.116580 0.084275 -8.951700 -1.490000 -0.330810
-0.013067 -0.315130 -0.362470 14.422000 -4.641200 6.379300
-0.051008 0.066906 -0.098030 14.958000 5.259300 -5.311200
0.121580 0.305640 0.031480 29.861000 37.794998 10.965000
-0.067115 -0.231470 -0.051257 -0.312070 -8.382600 0.041800
-0.005437 -0.151910 0.004198 8.786100 2.753200 -2.585300
-0.068437 -0.024125 -0.116860 -0.688640 -25.819000 11.544000
-0.190940 -0.017313 -0.347050 0.109910 13.667000 -14.185000
-0.045379 0.095334 0.161790 9.072000 -10.867000 2.679400
0.118920 0.358420 0.166430 13.727000 4.648700 4.780300
-0.002858 0.005799 -0.133830 -3.395600 -0.197310 3.462400
0.049944 -0.328400 0.033484 8.528300 -1.682200 -4.008100
0.121230 0.326940 0.051597 -2.138000 3.151500 -4.897600
0.221900 -0.195770 -0.142880 3.847300 -21.091000 -12.644000
-2.736700 3.801900 -1.377000 -0.507230 -0.802670 -1.221900
-0.506350 0.242700 -0.012992 13.544000 3.291100 -12.880000
0.035504 0.040711 -0.168610 -1.310400 -6.729300 11.795000
0.017031 -0.309550 0.248930 -9.156400 11.422000 -21.122999
-0.115480 -0.021252 0.189680 -9.321200 -0.364500 3.862200
-0.154250 0.222280 0.311880 8.385600 5.593700 -15.072000
-0.060766 0.195280 0.091865 17.941000 -26.422001 -7.226900
0.420290 -0.114510 0.051813 8.621900 4.521100 6.016800
-0.069622 -0.167080 -0.117060 5.369200 8.509800 3.795500
-0.173940 0.179540 -0.230130 -5.779700 -0.576970 9.401700
-0.013508 0.323360 0.421110 0.137820 -2.261000 -13.040000
-0.047677 -0.248480 -0.099164 -0.403650 -16.952999 -22.594000
-0.445960 -0.326630 0.397600 17.702999 -0.238790 5.393500
-0.029341 0.186560 -0.073681 -2.574500 15.500000 -6.125100
0.170640 -0.046307 0.607030 -18.410000 -5.883300 -3.058200
-0.046494 -0.202770 0.068479 -8.672500 -16.676001 4.903500
-0.903310 -0.112410 -0.120670 44.441002 7.492100 9.275900
-0.239260 0.111330 -0.191720 6.557800 -14.713000 4.208100
0.199010 0.309390 -0.092730 3.537600 -7.425500 4.993700
-0.032475 -0.049636 -0.036494 -22.632000 -6.879300 0.336210
-0.160580 0.351470 0.091259 16.271000 -8.729900 -7.628900
-0.067567 -0.065104 0.218010 11.419000 1.763700 17.146000
0.031055 0.208280 0.111670 -10.835000 -11.925000 -1.798800
0.185290 -0.145260 -0.007409 13.424000 -14.197000 21.993999
0.081877 -0.212700 0.247810 21.964001 6.736900 9.416800
-0.051422 0.150200 -0.162260 9.099400 7.157700 1.653300
-0.089838 -0.026830 0.079467 -29.670000 10.039000 20.514999
0.045370 -0.162730 0.155360 -9.660500 9.703800 -4.855400
0.187650 0.090046 -0.293540 -0.916080 -8.085400 -12.346000
-0.122950 -0.214470 -0.144460 9.250800 -1.366400 2.151200
0.211820 0.090962 -0.065204 -15.362000 6.160800 12.710000
-0.229420 0.142380 -0.109490 -8.281000 -0.177730 -5.935900
0.038192 -0.161470 -0.026724 9.767800 -2.234100 15.540000
-0.096784 0.061064 0.094776 13.669000 -1.449700 4.520500
0.257230 0.085123 -0.004946 2.353100 8.154300 5.661900
0.081885 -0.014165 -0.169080 2.370300 -5.620600 16.893000
0.089875 0.147360 -0.286870 4.962700 0.929360 -18.677000
-1.836400 -2.140800 0.007166 18.841999 18.107000 0.637450
-0.502120 -0.134650 -0.093838 25.599001 -3.105700 5.219300
0.079674 -0.085521 -0.204380 2.146800 3.554500 28.691000
-0.251020 -0.163770 0.699080 15.843000 0.848510 -15.011000
0.178760 0.300360 0.461590 2.075100 0.773080 2.215900
-0.193510 0.075140 0.016566 -10.339000 12.350000 -15.633000
0.051990 0.093913 0.123420 1.613900 -8.332800 12.417000
-0.024633 0.010619 -0.127210 22.392000 4.575400 -12.030000
0.028268 0.116070 -0.184510 0.226680 16.382000 3.175100
-0.231750 -0.320280 0.031274 0.975730 -42.445000 21.632999
0.097360 -0.143390 0.320320 5.502500 -3.322900 -16.313000
-0.062621 0.133990 -0.250620 9.265400 -37.674000 27.540001
-0.199440 0.334520 0.245030 2.983800 8.650700 -13.652000
-0.140220 -0.440120 0.776000 -9.037900 8.174700 3.152900
-0.061303 0.090336 0.018409 -2.052700 8.249800 -11.206000
0.120740 -0.399680 -0.126440 -0.606460 -7.995900 6.160900
-0.015779 0.195970 0.157310 3.488500 -14.441000 -44.955002
0.550840 -2.091300 0.509000 0.256730 29.090000 -7.473800
-0.114260 -0.104570 -0.169800 -15.889000 -25.266001 5.005200
-0.001384 -0.164930 -0.257620 -3.374200 -21.565001 5.758500
-0.357810 -0.174620 -0.198590 -40.953999 -16.931000 -4.185300
-0.201380 0.080722 0.016278 14.489000 14.672000 2.866400
-0.265210 0.333150 0.172780 -1.716500 16.931999 7.884800
-0.210950 0.081912 0.045122 -0.799640 -5.631400 -0.586220
0.192170 -0.075684 -0.490630 7.551500 6.196000 0.859180
-0.046897 0.336160 -0.502890 -5.103300 23.683001 -46.063999
-0.129460 -0.100400 -0.027361 -9.749200 7.988800 1.247000
-0.024065 -0.244240 0.108080 8.446200 7.494400 3.198200
-0.282380 -0.043050 0.133280 -6.722200 -9.192700 -6.446900
-0.016569 -0.006716 -0.212320 3.091200 5.028200 4.919100
-0.308620 0.076792 0.228620 3.556700 -5.463500 -18.023001
0.060125 0.021841 -0.340550 3.064900 5.726400 -18.080000
-0.140580 0.160300 0.207240 1.219800 -10.739000 4.021800
0.563690 -0.140050 -0.499430 12.246000 -1.072900 -0.671300
-0.009147 0.117590 0.191750 3.971500 4.185800 -8.490100
0.199560 0.066998 -0.416110 1.124500 -19.299000 17.993999
0.443010 0.135530 -0.595240 8.750600 23.992001 -6.923600
0.239990 -0.061997 0.001718 -0.841300 -3.217900 12.205000
-0.015709 -0.193770 0.189510 -1.901900 -4.677700 -0.177960
-3.269000 -0.183620 -3.049800 -28.605000 -2.844700 -29.465000
-0.006969 -0.078349 -0.014899 -14.591000 -13.733000 20.407000
0.268300 0.191960 -0.118740 -6.565900 5.195500 -2.246600
-0.439190 0.163190 -0.355290 39.863998 15.802000 20.531000
-0.050879 0.049901 0.324410 -9.786900 2.332800 13.419000
-0.199860 -0.261700 -0.283740 -13.099000 -7.805900 2.678500
0.015136 0.208450 -0.274670 1.020000 -12.638000 3.675500
0.026017 -0.140110 0.150830 -1.435000 14.628000 7.161100
0.135850 0.207070 0.228250 -3.784200 20.811001 22.268999
0.067772 -0.174940 0.146670 3.100400 5.099500 -25.306000
-0.113070 -0.315350 -0.381460 -5.806100 -14.811000 -31.177999
-0.485080 -0.014570 0.125910 -15.331000 -2.164200 0.757570
-0.303490 -0.430830 0.158170 2.425100 -25.020000 0.466320
0.302220 0.421430 -0.196870 -3.235100 5.180300 -1.772700
0.363250 0.441620 -0.316880 -7.175600 -13.344000 14.414000
0.282740 -0.008495 -0.481350 3.586600 4.998300 -4.885000
0.174710 -0.019326 0.103610 10.544000 -3.527300 3.443500
-0.115930 -0.237290 0.032240 -17.379000 -32.291000 9.144000
0.193610 0.042231 0.192750 -17.384001 19.472000 -1.969300
0.004873 -0.238360 -0.123100 -0.025571 2.652600 -4.342300
-0.378630 0.068919 -0.081966 -6.833100 16.969999 8.856100
-0.258500 -0.204390 -0.017240 -34.028000 -26.417999 -12.688000
0.111520 0.396370 0.438990 4.897100 18.093000 32.675999
0.475820 0.085710 -0.343970 5.085300 -2.962100 -1.149300
-0.109430 0.741250 0.507270 0.128680 -16.709999 -15.643000
-0.625280 -0.904810 0.000982 4.365000 18.138000 -8.846000
0.102040 -0.104190 0.274360 -7.664500 12.567000 5.720100
-0.686600 0.228500 -0.872760 3.772400 -0.967420 6.811600
-0.051990 0.155030 -0.050153 1.797000 -12.533000 3.443100
0.254560 -0.207920 0.126130 4.977900 13.892000 -3.430400
-0.099647 -0.012857 0.004810 -8.252900 4.750600 -11.746000
0.127500 -0.049680 0.290540 3.691200 5.052400 7.450800
0.783800 -0.938650 -0.683110 4.070000 -7.939000 -3.891800
-0.208800 0.029111 -0.270040 5.840100 5.351600 5.638300
0.282380 -0.337820 0.418470 -19.889999 14.071000 -14.087000
0.085132 0.530020 -0.040878 -7.431900 -2.537800 3.318300
-0.006254 0.089525 -0.006972 18.500000 16.504000 -2.435200
0.344730 0.186010 -0.174420 17.670000 17.719999 -2.341400
0.041212 -0.042916 0.053842 -3.770100 17.230000 -21.077000
-0.008932 0.295940 0.602390 1.901600 -0.690700 11.122000
0.032496 0.062799 0.198470 -12.830000 -12.254000 -10.253000
0.623150 -0.030002 0.078508 18.003000 12.942000 2.611900
0.020384 0.117170 0.184420 10.598000 -0.891450 1.565200
0.095308 -0.063005 0.152370 5.733200 21.259001 -8.785000
-0.090892 -0.138910 -0.266300 24.600000 13.059000 -0.886820
-0.088220 -0.159430 -0.317070 2.120000 -22.129000 -24.332001
2.918900 0.390990 0.264810 21.049000 2.828800 4.240300
0.134800 0.518830 -0.353730 -16.945000 -3.055900 19.086000
-0.261060 -0.140160 -0.028650 -15.076000 11.688000 20.974001
-0.176090 -0.119970 0.331640 -7.718300 -13.784000 4.446600
-0.119120 -0.243360 -0.059523 -2.617000 2.097700 -3.684600
-0.953600 0.042234 -0.356880 1.005300 6.723400 -10.392000
0.227340 0.433090 -0.271230 -6.827400 16.862000 -4.152000
-0.074389 0.092159 0.194060 -6.740000 -1.529800 39.640999
-0.469040 0.092333 -0.071620 -20.106001 11.932000 1.893700
-0.343840 0.070582 -0.008448 26.910000 -2.838900 27.677000
0.188010 0.165340 0.031273 -20.605000 3.090400 19.933001
0.046571 -0.115740 -0.032205 -7.244400 -1.172500 -0.017610
0.145240 -0.035392 -0.081402 1.293600 -14.243000 -10.792000
0.158780 -0.238550 0.046480 -9.874700 -9.198300 6.122600
-0.017113 0.161900 0.065257 12.557000 34.803001 9.844300
0.124280 -0.448650 0.154980 3.122000 8.604800 7.591000
0.327750 0.011480 -0.363550 -3.184600 7.414000 34.456001
-0.070870 0.069914 -0.210370 12.955000 14.293000 -14.994000
0.026239 -0.035931 0.063986 12.227000 7.826600 -23.483000
-0.014622 -0.026482 0.077501 -10.938000 9.772100 32.866001
0.595510 -0.095955 0.313940 1.356300 -3.775500 -3.249900
-0.030549 -0.106690 -0.265890 -14.473000 -26.903000 -0.900660
1.296100 0.028759 -0.300380 -0.518710 -0.759370 -3.627800
-0.438070 0.401630 0.135990 14.762000 -20.841999 -0.102440
-0.168880 -0.036238 -0.188730 -0.057584 -9.608100 21.832001
0.347210 -0.054040 -0.177450 5.024700 3.848000 0.407090
0.155750 0.017780 0.043477 -2.298300 0.224990 -4.528600
0.483070 0.325100 0.236930 -11.877000 -0.064309 0.172610
0.013156 -0.358870 0.124550 -3.382300 -1.963200 0.803520
-0.411870 0.250440 0.066943 -16.813000 15.763000 3.623500
-0.897140 -2.441400 0.143900 11.991000 36.395000 0.394020
0.071864 0.082493 -0.005663 21.407000 6.900700 -2.920200
-0.017466 0.027400 -0.095954 -16.540001 -2.231400 -16.931999
0.077094 0.096433 0.127600 1.235100 3.572600 3.144100
0.000031 0.093994 0.011744 0.018028 -3.151800 -0.894660
0.377110 -0.193320 -0.028508 15.988000 -2.503600 -4.847500
-0.193140 -0.040312 0.055979 3.808300 -1.969700 9.810300
0.487380 -0.238940 0.026335 9.791300 -6.358700 -5.388300
-0.051366 0.100480 -0.048827 -12.914000 16.801001 3.855800
3.060100 0.084347 -0.476060 4.538000 1.545700 1.538900
0.059882 -0.126360 0.014343 -2.230400 -14.128000 7.241600
0.190860 0.050404 0.010318 4.537100 13.702000 7.403300
0.193290 -0.007867 -0.030656 -0.131310 -11.725000 5.319700
0.139930 0.427830 -0.049546 -19.429001 -0.324140 2.327900
-0.452130 -0.070626 0.485590 7.058800 2.922300 -1.543300
-0.158250 0.092995 -0.019491 6.919400 -15.551000 -13.469000
-0.101490 0.157730 0.105850 2.422200 13.757000 -6.727000
-0.173250 -0.066327 -0.128000 -0.886950 23.108999 -15.412000
0.077886 0.023186 -0.088525 18.787001 8.694300 19.253000
0.082607 0.030214 0.034814 -20.406000 9.907000 -7.856500
-0.143600 -0.080141 -0.018178 -15.412000 11.039000 18.959000
-0.372990 -0.045893 0.042564 33.862000 17.768000 2.012100
0.474870 -0.063605 -0.346890 5.107700 16.783001 -9.978800
0.094385 -1.136900 0.526860 -0.903740 25.643999 -5.185100
-0.033853 -0.047172 0.093403 -2.256800 1.280500 -15.689000
-0.194880 0.781620 0.017078 1.286800 12.495000 -5.563400
-0.356240 0.371550 0.069170 7.062100 -13.702000 -0.783060
-0.297420 -0.061727 -0.101300 -0.587160 2.359600 -4.788100
-0.186270 -0.240940 0.052937 9.215500 8.222600 -11.467000
-0.263070 -0.261870 -0.495510 -7.605600 -6.360300 -26.900000
0.010729 0.558120 0.390730 2.345100 3.554800 1.132800
-0.390240 1.367300 0.518270 2.706300 -1.882600 -7.551100
-0.041159 -0.241150 0.162790 6.090300 9.734900 1.955200
-0.302610 -0.105390 -0.046115 -4.651900 -2.620300 -21.302000
-0.111840 -0.143700 0.346110 -10.565000 -8.947100 3.280500
0.010554 0.186540 0.155070 7.009400 -12.293000 5.921400
-0.026034 -0.370050 -0.520680 -5.326900 -19.159000 -11.949000
-0.109200 0.585630 0.250620 -9.743100 23.122999 8.613000
0.034671 -0.143870 -0.144960 1.394000 0.213130 -17.440001
0.348660 -0.073964 0.019866 26.311001 6.575600 11.988000
-0.045969 -0.206640 0.052306 -4.800100 -9.545400 5.416200
-0.210600 -0.493190 0.229380 20.511000 25.332001 -8.352700
-0.212740 -0.149280 0.191030 -8.759900 -7.227800 -3.279200
-0.112750 -0.122670 -0.102130 10.935000 1.521200 1.107000
-0.112390 -0.114860 0.160370 -11.831000 6.191000 18.591999
-0.635050 -0.196230 0.280600 6.091200 -6.018300 -5.140600
0.025406 -0.232900 0.154900 1.582800 16.171000 -15.498000
0.604770 0.017524 -0.339650 18.207001 8.018600 -0.414550
0.718110 0.031026 -0.231910 -11.214000 -9.830200 4.270000
-0.280570 -0.196660 -0.220340 17.525000 13.225000 22.061001
0.085132 0.019207 0.058393 3.633400 -9.307800 -2.024500
-0.457590 0.110220 0.044253 7.815400 -5.122000 5.276600
-0.671360 -0.933340 -0.060391 7.390600 -2.012700 -0.923740
-0.071365 0.386090 0.124950 2.566000 5.862700 7.297900
0.212360 -0.190160 -0.129210 7.413800 5.043100 4.685700
-0.019028 0.299470 -0.169580 8.115800 -3.129100 1.449900
-0.192690 0.003106 0.058163 -1.457400 14.555000 20.045000
-0.217460 -0.166590 0.384980 -16.603001 -3.697700 27.511000
0.161440 -0.152530 0.017048 2.449500 -18.341000 0.655040
-0.221460 -0.120190 -0.956400 12.068000 -0.986110 11.748000
0.477630 0.146580 -0.712820 -1.912600 8.670700 -10.926000
0.149650 0.071662 0.005304 12.255000 -5.442600 1.525100
-0.496960 -0.013156 -0.125250 2.481700 7.831300 0.379120
0.030981 0.459720 0.717820 -6.076400 -9.262800 -19.740999
-0.061264 -0.077843 0.035481 4.958400 3.396100 -6.937800
0.187480 -0.007783 -0.059754 0.173070 0.326210 4.519900
-0.259870 0.220380 0.069011 -14.415000 18.493999 -4.442300
0.098741 -0.008406 0.304180 4.319800 1.126100 5.622800
-1.816800 -1.178700 -1.714400 -47.027000 -29.482000 -42.438999
-0.127980 -0.040045 -0.203500 1.508300 20.496000 -39.358002
-0.146450 0.549060 -0.386210 10.125000 -4.535700 0.238420
-0.576170 0.464970 0.577170 -24.100000 12.853000 22.763000
-0.287500 0.030076 -0.344740 -4.314400 -5.766700 -2.607400
0.404690 -0.105670 -0.690180 37.202000 -24.082001 -45.945999
0.042114 0.209230 -0.195710 9.229100 -6.091500 -17.315001
0.159080 -0.086059 0.041013 5.485200 -7.053000 -20.964001
0.717010 -0.297490 0.003052 10.499000 -1.605500 8.977500
0.008711 0.051042 0.044135 23.534000 7.830100 -10.503000
0.093203 -0.172600 -0.062720 1.130500 4.026100 -9.975000
-0.050864 0.157050 0.048582 -27.933001 -8.861600 1.914300
-0.126700 0.002919 -0.015984 -22.341999 2.450600 4.224500
0.070841 -0.188530 -0.115950 3.083700 -2.554500 0.382140
0.055343 0.179020 0.095355 3.820300 13.738000 -12.354000
-0.123810 -0.189720 -0.086654 -8.005200 -1.233600 -11.853000
0.257010 0.570000 0.074767 6.751200 -7.076800 22.750999
-0.134880 0.174600 -0.124210 -3.651600 -14.735000 -8.876700
-0.038978 -0.039448 0.027548 13.272000 29.851000 0.134870
-0.443120 1.002500 0.864040 8.650500 -5.597600 -5.031800
-0.060001 -0.080243 -0.004962 -24.148001 23.284000 -10.509000
-0.163200 0.094463 0.099210 5.209300 8.169400 -13.171000
0.057024 -0.197510 -0.015231 3.718700 -8.338900 11.259000
0.434670 -0.634040 -0.405700 14.067000 -1.972900 2.058400
0.275740 0.079319 -0.287690 3.759400 -6.136000 -3.847500
-0.184880 0.341510 0.046494 4.043100 -6.963400 -1.896800
0.159310 0.364910 -0.174530 16.084999 10.074000 -8.490500
0.032341 -0.036040 0.120030 -16.341999 4.604200 -1.132000
-0.086772 0.112450 0.048384 -7.546900 -2.226300 5.720600
-0.028359 -0.462610 -0.295090 4.979800 -27.622000 0.753390
-0.175190 0.089960 -0.039606 -2.744400 -7.723300 -17.157000
0.769710 0.292940 0.290120 -9.060800 5.112600 -4.405400
0.322600 -0.141410 0.137730 -42.985001 2.914700 -5.280700
-0.143540 -0.134390 -0.000148 0.484560 -22.482000 -15.707000
-0.856550 0.767770 -0.151480 -21.670000 21.559999 -6.512400
-0.078027 0.127640 0.488580 5.408500 -1.949600 -1.144500
-0.288080 -0.000154 -0.160630 -17.073000 2.407600 7.195200
-0.043712 -0.000790 0.179350 -8.943900 -13.673000 -13.705000
0.195460 -0.355300 0.065760 0.712590 -2.391600 4.844300
0.483770 -0.232340 0.117640 25.554001 -0.724090 9.443700
0.016615 0.621920 0.376550 -5.935900 8.712800 -3.116700
0.193270 0.062705 0.158520 50.495998 -13.787000 9.922100
-0.308890 1.079900 -0.374530 -8.961000 36.696999 -7.190100
0.097366 -0.120250 0.019550 -4.476800 -6.294100 -8.080700
-0.038918 -0.078892 -0.248580 -6.499200 -2.577800 -8.235200
0.016775 -0.046183 -0.009284 7.366800 5.565300 3.680600
0.218160 0.079501 -0.054548 -12.815000 10.727000 2.004800
0.216290 -0.334770 -0.095498 26.934000 -40.695999 -24.421000
0.153640 -0.126870 0.003882 -5.246900 16.174999 13.790000
0.385870 0.185890 0.382320 -8.350500 1.633300 8.146000
0.022038 0.290540 -0.075398 -12.017000 11.155000 -10.736000
-0.401820 0.001092 0.385180 0.171120 -6.642100 2.792000
-0.378690 -0.241120 0.515180 -22.409000 -11.132000 13.269000
0.029537 0.264020 -0.216270 -6.571200 -4.992700 -14.364000
-0.369060 -0.071679 -0.197530 -9.437600 12.646000 14.570000
-0.162110 0.031407 -0.212010 -12.374000 0.784950 4.349300
-0.264220 -0.049243 -0.161490 -5.956300 1.041600 -4.660100
0.235690 0.188670 0.157210 -25.697001 3.514900 -1.558800
0.065552 0.060895 -0.057295 -25.764999 8.953600 -2.504700
0.063037 -0.078477 0.094446 7.459400 7.914300 -2.385300
0.001071 -0.053809 0.028752 -7.059400 -9.768300 -4.469900
-0.039099 -0.191970 0.248660 -22.278000 2.273400 1.276000
-0.186010 -0.662070 0.135260 17.299999 42.877998 -16.240000
-0.589590 -0.166070 -0.527700 5.411800 1.768600 6.469200
-0.678590 0.612700 -0.425830 16.801001 -19.551001 13.904000
0.568750 0.099464 -0.289080 23.747000 -1.605900 -0.920290
-0.851690 0.003819 0.226430 63.191002 7.172300 -24.634001
0.102310 0.077650 0.288260 -14.778000 12.864000 16.775999
-0.199070 -0.107860 0.051068 2.727900 -10.550000 9.328100
-0.084050 -0.116680 -0.180340 1.214100 3.561100 -2.328700
-0.146910 -0.011432 -0.141130 25.302999 -28.569000 -12.490000
0.177920 3.567400 -0.103780 -0.147740 -34.213001 1.429300
0.032052 -0.022501 0.053943 -11.004000 -3.444700 4.690500
0.019962 -0.040913 0.356940 0.863420 0.843150 19.636000
0.274340 -0.376220 0.138600 -18.134001 33.625999 -2.412200
0.380210 0.314940 0.361930 2.532900 -4.304200 9.032000
0.020645 0.034593 0.293540 -16.539000 13.571000 -11.166000
-0.203530 -0.285240 -0.341800 8.330000 11.941000 12.363000
0.352820 0.364470 -0.151830 -5.469800 0.358250 3.194100
-0.328590 -0.290990 -0.149870 -12.023000 -3.034700 -14.307000
-0.156370 0.213020 0.142720 -25.424000 11.234000 15.596000
0.109100 2.035000 0.485190 -4.056400 4.803300 4.961600
-0.140010 -0.018233 0.088309 -27.153999 17.239000 -8.742500
-0.108720 -0.140420 0.002349 13.652000 24.773001 -0.184040
-0.107120 0.152070 -0.042119 -1.650400 -15.343000 4.673500
0.104320 -0.017028 0.134580 4.817100 -5.385400 26.207001
-0.239450 -0.082326 -0.120000 -12.974000 3.379300 -14.479000
0.102770 -0.307620 -0.180940 -2.026600 -27.754999 -9.795900
-0.716450 0.009118 0.212990 -8.806100 -5.721400 -0.440870
-0.453640 -0.311270 0.159900 6.583400 -2.269800 4.582100
0.056552 0.219640 0.155500 6.210200 -4.178500 -5.750100
0.188110 0.350960 -0.386230 2.779000 4.608800 -2.920800
0.134720 -0.658030 -0.453540 -8.182500 -5.013300 -0.301580
-0.139730 -0.203250 0.263720 24.968000 36.980000 -26.655001
0.070040 -0.440060 -0.027814 -15.472000 -2.886200 9.399700
-0.071061 0.195440 -0.004114 -9.395100 -40.242001 12.323000
0.103920 -0.674990 -0.109880 -0.991670 10.457000 3.986200
-0.337680 0.155860 0.021936 4.632200 4.696200 -2.602600
0.045352 0.265470 0.082760 1.610000 14.975000 7.887800
-0.203590 0.236220 -0.083606 -2.081400 17.531000 0.297940
0.301750 -0.114620 0.018633 -2.258500 8.995800 2.446100
-0.013704 -0.052780 -0.538150 7.380800 0.968150 -3.004100
0.377150 -0.238540 -0.165090 5.591300 -11.319000 -4.163600
-0.060778 -0.193750 0.409200 18.995001 -14.785000 -0.152070
0.240890 0.074722 0.247620 10.725000 14.865000 8.478500
0.146660 -0.322790 0.197310 -2.100400 15.568000 -1.038400
-0.076671 -0.100300 -0.193670 -1.189400 -1.828500 -7.375700
0.201760 -0.062237 0.073152 -11.045000 2.447600 -4.451500
-0.021970 0.064978 0.035456 -5.128900 -5.882400 11.734000
0.213310 -0.336930 -0.212160 -0.616010 16.576000 -1.603400
-0.033609 -0.207580 0.277500 14.117000 8.703200 -56.917000
-0.336700 -0.021195 0.002232 15.399000 -22.205000 4.211400
0.168480 -0.375750 -0.606450 -2.762000 3.451800 0.235740
-0.212880 0.117290 0.136180 7.514700 -4.195900 0.782260
-0.497530 0.045027 -0.350960 -7.624800 0.964600 -8.306200
-0.264790 -0.596830 -0.485100 -5.073100 -18.791000 -15.963000
0.286210 -0.079419 0.226290 2.875100 2.046700 0.698300
0.083041 -0.037071 0.164910 22.108000 3.030900 20.245001
-1.270500 -0.042225 0.398700 39.300999 12.881000 -11.978000
-2.144700 0.777370 1.267200 -6.857700 4.648500 6.261200
0.137060 -0.093825 0.087008 14.687000 2.211100 -0.572320
-0.197090 0.259690 0.142810 1.323100 -14.345000 -6.335100
-0.020478 -0.034626 0.067960 11.228000 -7.501200 4.534900
0.385140 -0.130560 0.148610 -37.956001 11.141000 -18.747999
-0.012268 -0.051199 0.025144 21.683001 0.510940 -3.376100
-0.011502 -0.055727 -0.035926 -2.504900 -1.735800 1.449400
-0.028705 0.082482 -0.032321 -6.391900 7.264300 -8.975600
-0.024316 -0.275140 0.107010 -1.585400 3.529000 5.884000
-0.067321 -0.083984 -0.119190 -1.876000 -2.170200 -0.194600
0.150710 -0.159910 -0.172370 6.442900 -5.285000 -15.820000
-0.253130 0.365210 0.006302 15.889000 -14.262000 -9.773700
-0.106980 -0.057064 -0.056506 2.858700 -7.857300 6.437800
0.098938 0.092554 0.305190 -3.324200 -18.014999 10.939000
-0.499860 0.253230 -0.238700 13.599000 -6.397700 11.343000
-0.270580 -0.079859 0.096346 23.514999 -2.029100 -11.237000
-0.220560 0.142230 0.090741 17.424000 2.797600 -31.936001
-0.009549 -0.096031 0.049159 -10.935000 2.217500 11.355000
-0.002170 0.276250 -0.168820 4.018500 5.438800 -3.271800
-0.565240 -0.392800 -0.035263 20.367001 13.200000 -23.580000
0.683650 0.477850 0.501930 -8.222600 1.421000 -11.981000
0.105890 0.002376 -0.024618 14.934000 15.538000 -28.105000
-0.025301 0.159950 0.004110 19.309000 2.932600 -24.239000
0.091501 0.014222 -0.033736 16.346001 -2.116200 -0.083424
0.335450 -0.296940 0.040445 -13.060000 -6.595500 11.217000
0.151920 -0.119450 -0.351490 -16.261000 -4.212700 26.021999
-0.382070 -0.191120 0.019106 10.943000 -10.135000 -9.193700
0.002724 0.203470 -0.102470 -1.103000 -9.750200 5.884800
-0.359610 -0.213580 0.065016 -19.896000 -4.970300 -2.015800
0.123890 -0.325170 0.233780 6.763500 -0.194030 7.053500
0.087575 0.000607 -0.172550 -8.041300 6.226400 -3.019400
-5.328900 1.025400 -2.789200 28.700001 -5.940500 14.381000
-0.124520 0.077483 0.135170 16.677999 -0.794690 -0.097555
0.249570 -0.072481 0.513880 -8.920700 -3.050600 -6.984500
0.106340 -0.019942 0.222940 -0.472150 -9.462700 -10.435000
0.354400 0.126310 0.137220 -8.044800 2.642800 -4.199400
0.062769 -0.016325 -0.125020 2.143100 5.234900 -8.118400
-0.159500 0.093772 0.329070 -3.717500 3.214300 27.898001
0.675620 0.152180 -0.905020 -4.382400 -10.025000 9.918900
-0.302090 -0.260610 0.102050 -12.220000 -13.393000 10.293000
-0.359900 -0.084193 -0.248320 4.786000 11.584000 5.216100
0.011091 -0.155120 0.060797 3.205300 -1.167600 -7.203800
-0.286460 -0.105170 -0.090331 -12.285000 -4.572200 4.785400
0.373640 0.192490 0.267060 4.088300 2.322000 7.684800
0.082678 -0.308000 0.387950 -3.753800 -4.513300 2.680500
0.160990 0.443710 0.322940 -1.958000 2.787200 4.798400
0.118470 -0.256550 0.045691 5.411400 12.611000 4.885500
-0.297570 0.250880 -0.100830 -14.216000 -0.661760 -4.484200
-0.061093 0.082704 0.138110 6.166400 -21.580000 10.945000
-0.222650 -0.406580 -0.381640 3.405500 0.924810 -6.068600
-0.183340 0.188500 -0.194270 -2.018000 -4.907100 -0.127790
0.207320 -0.044623 0.059033 0.028508 -11.276000 -28.535999
0.001406 -0.056004 0.269860 -7.787700 4.335500 -1.215600
0.069004 0.027774 0.149770 -0.910430 2.485600 35.215000
0.066781 -0.191780 -0.114810 1.709100 6.701100 4.062200
-0.006038 0.004284 -0.042055 -4.671500 -16.208000 -7.478100
-0.059979 -0.189510 -0.568160 3.914900 9.153200 5.091000
-0.075758 -0.088703 -0.073201 -11.554000 1.384000 -11.964000
-0.058945 0.038955 0.077204 -1.439900 -0.558210 7.081400
0.168890 -0.066845 0.133290 25.705999 -4.812800 34.445999
-0.052089 -0.021251 -0.133760 10.615000 7.996300 13.813000
-0.093788 -0.156970 -0.100080 8.366200 34.043999 -6.672700
-0.656990 -0.623330 -0.376250 11.197000 8.200500 9.821900
-0.008498 0.001554 -0.529670 -5.688900 -4.257600 3.528900
0.209170 -0.215670 0.120150 2.108400 -0.064715 1.494600
0.354680 -0.550670 0.020135 9.281400 -8.363100 -6.856900
0.088570 -0.408860 -0.397460 -5.093000 5.528600 13.425000
0.010791 -0.209050 0.023642 -31.173000 -5.962400 3.602700
0.061988 -0.054364 -0.151370 -19.188999 3.148900 12.376000
0.197770 0.035536 0.128290 -10.125000 8.221500 -4.275800
-0.084852 0.043445 -0.019004 3.170900 -4.293600 -7.817600
-0.409100 -0.340640 -0.142310 -15.317000 -14.439000 -19.889999
-0.067897 -0.062908 -0.001672 0.163260 -32.369999 21.215000
-0.002506 0.075478 0.107380 -7.218000 11.615000 9.133400
-0.550270 0.334060 -0.123610 -14.539000 7.839700 -12.370000
-0.002011 0.233310 0.590250 12.025000 -3.570000 -1.469300
-0.120100 -0.405000 -0.510040 -2.875000 6.993800 5.302000
0.155970 0.048426 0.130520 -26.052000 19.177000 -5.104900
-0.130060 -0.045731 -0.252770 17.346001 -0.547100 9.314700
0.019171 0.106050 -0.059832 -5.581600 -23.868999 -21.363001
-0.473090 1.784800 1.026100 -6.196400 46.553001 18.106001
0.122600 0.079273 -0.034214 5.015000 0.678990 0.745210
0.034670 -0.046856 0.058811 -1.068800 6.317400 10.487000
0.042474 -0.003181 0.005157 14.469000 16.854000 -4.995100
0.107030 -0.210410 -0.052132 2.787900 -18.667999 6.711400
-0.131730 -0.257670 0.078619 -14.694000 -31.586000 -8.410600
0.155440 -0.194850 -0.329110 2.290900 12.848000 34.334000
0.005432 -0.080387 -0.034385 -15.329000 2.464200 8.305900
0.272580 0.307710 -0.252630 5.597900 0.440550 -8.841200
-0.118390 -0.081299 -0.009104 -7.295700 -7.675500 2.876000
-0.154280 0.164160 -0.045716 31.143000 26.739000 -17.448000
0.131850 0.741730 0.724600 -5.933500 -41.167999 -39.283001
-0.518060 0.603460 0.275160 14.994000 2.439800 -11.261000
-0.027449 -0.043787 -0.003784 10.305000 1.624200 -6.270800
0.198850 0.166080 0.044825 4.194600 7.951800 4.900800
-0.069284 -0.269800 0.136140 2.514200 -17.285000 -6.823700
-0.035401 -0.163070 0.265920 4.768700 -0.412850 -20.086000
0.032418 -0.009085 0.009344 -20.247000 15.870000 -6.098100
-0.145410 -0.025578 -0.062036 5.661400 -4.374200 -11.286000
0.145650 -0.156340 -0.086749 6.571400 -15.595000 1.960300
-0.025972 0.107680 -0.096439 3.518800 7.024900 2.103100
-0.061406 0.207120 -0.110410 -17.143000 -11.494000 -0.086713
-1.053800 -0.549570 0.226840 -10.028000 -7.883900 5.340900
0.028714 -0.089959 0.103090 4.494500 -9.674200 1.652700
-0.123790 0.025175 0.156760 -0.133540 -5.855100 -39.736000
-0.280530 0.531420 0.388640 2.620000 -0.565980 -10.377000
-0.136290 0.326780 1.619600 1.242700 -7.944900 -13.281000
0.014309 0.125530 -0.002712 1.505000 -1.686200 15.382000
0.119230 -0.110190 0.024262 21.743999 10.679000 -5.270500
0.360800 0.042388 0.077855 -3.842700 -2.712100 12.415000
0.026464 -0.043106 0.132360 15.928000 4.990600 4.202800
-0.032227 -0.012799 0.139330 -4.716100 -8.525100 13.148000
-0.024505 0.016048 -0.073158 10.890000 -19.292999 -0.844890
0.013002 -0.014965 0.051901 -4.658900 -13.236000 0.850800
-0.183280 0.444560 0.528160 -4.812600 0.764260 5.697900
-0.057890 0.024950 0.216050 -10.521000 -3.689000 8.995500
0.053840 -0.038425 0.070812 -16.174999 -9.167400 -12.900000
0.087176 0.083061 -0.263640 -2.550500 0.758520 -12.741000
0.376270 -0.126390 -0.230970 -17.839001 11.433000 10.361000
-0.037441 -0.091609 -0.573350 20.242001 4.782600 -3.808100
-0.287970 0.204140 -0.099586 8.488800 -8.783000 -5.531600
0.114690 0.145150 0.033437 -13.331000 -1.202700 4.495400
0.002844 -0.778870 -1.059400 -2.984200 -13.969000 -13.556000
-0.095768 -0.316960 -0.074762 1.874300 -16.768999 7.282600
