0.769710 0.292940 0.290120 -10.498517 6.806107 -5.287927
0.609580 0.680980 -1.110400 -12.748869 -6.477398 32.320317
0.150550 0.096017 0.547670 -1.395158 0.600831 -5.901568
-0.465830 0.007305 -0.532510 -3.319471 -3.877066 -7.893381
0.106730 0.219010 0.113400 -1.674773 1.078665 6.936070
0.193910 0.124270 0.149370 -0.615964 3.101958 -0.213232
0.177310 -0.046416 -0.276870 8.110427 -6.692882 2.228981
-0.051638 0.061830 0.009198 -5.259806 -3.566763 -1.480733
0.118080 0.212750 0.153190 -4.734361 13.955629 14.565537
-0.192230 -0.221990 -0.049899 -7.519552 -14.547327 -6.145468
0.102970 0.099370 0.150610 -0.620545 4.075427 -20.551423
-0.046993 0.047089 0.181020 2.968862 11.705969 2.874725
-0.042912 0.344900 -0.160990 -2.603711 34.695267 -16.454995
-0.956690 0.013647 -0.085118 30.858486 -4.318073 -1.626472
0.004133 0.072089 0.158130 4.168237 3.886563 -15.573974
0.400770 -0.020044 0.134150 -61.839617 0.835540 -13.305048
0.308310 0.224130 -0.155830 -21.415279 -20.765139 8.225952
-0.499070 -0.399280 0.200390 -10.330686 -5.973195 0.901184
0.044754 -0.221880 0.147420 8.496173 -11.844022 4.572474
-0.253130 -0.129360 -0.138340 44.547686 10.885334 2.109242
-0.240560 0.455790 0.093920 10.390406 -19.909358 -1.218251
0.003706 -0.395030 -0.205070 -4.288999 -14.638170 3.692340
-0.226420 -0.000526 0.051453 14.428028 -2.138294 13.916960
0.115630 0.328760 -0.312600 -1.953793 6.601375 -9.675214
0.023698 -0.343800 0.063901 -0.665656 -5.704789 19.045709
0.012611 -0.162100 0.006350 7.345324 -4.923450 13.208058
0.032766 0.046543 0.030989 4.160155 22.435707 -13.370441
-0.036352 0.241400 -0.389160 -21.731789 11.589908 13.447111
0.839430 -0.744430 0.329690 -42.758973 45.696134 -20.211591
0.362570 0.165780 -0.143730 21.350248 10.298888 -16.377869
0.062164 -0.262170 -0.086605 -7.207933 3.441036 -4.093121
0.053310 -0.051563 1.318300 -2.454680 5.186592 -6.054593
-0.213530 -0.042108 0.291460 12.674732 9.955669 -7.030994
0.144070 0.331250 -0.786190 6.801952 -12.317101 2.193797
0.050557 0.065080 0.286740 4.372231 5.269701 0.553808
0.041828 0.169330 -0.165730 -5.527698 18.592791 4.972094
-0.336600 -0.060558 0.031245 -7.324298 -5.023445 2.397674
0.363110 0.678560 0.068692 -3.559184 6.756956 5.064158
-0.064619 0.030221 0.525760 7.477908 9.308358 -3.391456
0.446290 -0.120020 -0.372760 -8.591125 9.121558 9.838985
-0.173200 -0.055008 0.158610 -16.253197 1.375879 22.862569
0.074346 0.113790 -0.069998 1.637648 -5.380458 -8.622142
0.092895 -0.084414 -0.239960 -39.514688 2.218277 7.508489
-0.238910 0.010367 -0.088306 -16.224545 -3.582197 -3.149828
0.129790 -0.402240 -0.000886 2.075825 -14.475453 -17.065314
0.281020 -0.604300 -0.301150 8.051555 -21.067227 -13.844543
0.003737 -0.065801 0.027211 -14.278037 30.138301 5.980944
-0.927820 -1.098900 -0.551500 -26.799089 -33.302380 -13.094587
-6.625000 1.237700 -2.632200 28.304872 -6.677477 14.075306
-0.126800 -0.105100 -0.065672 26.373056 31.541876 8.574660
-0.159310 -0.246040 -0.217530 4.602782 9.572111 -2.259890
0.026682 0.059384 -0.114970 31.855092 -64.109015 -51.693260
-0.032290 -0.097886 -0.180970 -10.158034 -6.347797 -11.105293
0.209730 0.065502 0.199960 -4.894032 4.252243 -38.966508
0.127870 -0.031806 0.017311 -23.205548 1.286469 -28.801175
-0.287110 -0.457120 0.249590 6.225559 -2.634097 16.501115
-0.118390 0.327690 -0.036361 12.593104 -2.633251 3.234696
0.270120 0.443870 0.181640 -5.051759 -8.301170 -6.724695
0.183350 0.365560 0.423980 1.906962 3.359493 15.471505
-0.261650 0.031325 -0.384740 -6.310732 -5.412139 -6.754598
-0.328430 -0.011807 -0.010282 10.145064 1.305667 0.781796
-0.027042 0.010843 0.124330 -2.512640 8.230400 3.492792
-0.127040 -0.163120 0.372080 2.754710 -8.593521 1.343919
-0.234110 0.640850 0.008260 -1.405777 14.806509 2.111631
0.134560 0.128040 0.085553 5.734695 -14.121455 15.625847
0.004030 -0.007581 0.166790 12.926747 -4.197464 9.682009
-0.018766 -0.045164 -0.065054 -13.982641 8.619719 -15.328754
0.124410 -0.156710 0.007450 0.545362 -15.546361 -10.290164
-0.264390 -0.168410 0.319800 -6.867406 2.797429 -1.820150
-0.068433 -0.332970 -0.158280 11.135201 -24.608881 -2.655196
0.100020 -0.093905 0.071387 16.951185 4.338431 -3.482066
-0.211010 0.084614 0.105510 -2.410118 -11.991292 4.296983
-0.146580 0.140240 0.018084 -24.111252 -6.628252 13.188047
-0.140620 -0.124800 0.089742 -2.547822 -12.626785 -14.738978
-0.040021 -0.675170 0.301540 4.419119 12.766297 1.668051
0.082730 -0.052237 0.009041 0.181842 3.940614 -19.131261
0.129360 0.052091 0.077385 15.280701 -41.615954 18.546583
0.453270 -0.193650 -0.006988 1.536195 3.153930 4.798167
0.720100 0.561270 -0.047117 -36.912430 -20.264432 -13.792552
0.008711 0.051042 0.044135 20.983215 8.798967 -9.896667
-0.135970 -0.088694 0.052487 -3.349440 28.096857 4.698134
0.003738 0.035403 0.021980 -4.175943 11.388195 7.440060
-0.204070 0.052965 0.109370 9.554695 1.715416 4.134194
1.057500 0.096978 0.042638 -18.927866 -17.817461 2.245506
0.152850 -0.067535 -0.143940 -9.409008 -7.850800 2.796837
0.155170 0.030836 0.003183 -4.701551 11.493293 5.123104
-0.102480 0.094532 0.001651 -4.890166 11.410547 2.193593
0.149430 0.506260 -0.294610 -3.260466 -47.903441 7.897068
-0.135750 -0.129260 -0.098787 11.940438 8.400749 -19.174313
0.192680 0.175980 -0.247930 5.633064 -10.717574 -3.902411
-0.047885 -0.263560 -0.054960 -2.061277 -0.541301 15.327480
0.233430 -0.606270 0.023995 5.965321 8.854100 17.282218
-0.052936 -0.195580 0.241560 21.149050 10.154385 2.363831
0.051881 -0.405860 0.255000 5.413150 -7.952443 -4.533494
-0.135050 0.060974 -0.091741 -7.989176 -3.729969 -4.166676
-0.111970 -0.286490 0.257710 -3.161664 -13.139635 7.377169
0.118560 0.124180 0.204720 -12.182336 -11.223084 4.223133
-0.347380 -0.083032 -0.151430 20.392666 7.293759 -4.492693
-0.149620 -0.060876 -0.118680 -15.649775 -11.853602 -16.988343
0.508870 -0.097679 0.023779 -3.046874 -8.865313 -9.220954
0.089875 0.147360 -0.286870 4.136745 -3.610921 -17.998537
0.190860 0.050404 0.010318 1.944693 11.931202 7.472648
0.222810 -0.109470 0.100980 22.123865 6.488912 6.062030
1.913100 -0.191550 -0.728630 -4.644111 3.412216 3.651878
-0.338710 -0.655840 0.960250 2.894324 -2.074511 5.678492
3.440400 -1.635900 -4.125200 18.346467 -14.066732 -22.955671
-0.005388 -0.096740 0.107530 12.853570 -19.697866 9.011171
-0.019639 -0.046131 -0.251160 -3.029268 -0.359506 -15.198747
-0.115980 0.037592 0.187580 5.835801 -3.244952 -19.618587
-0.131030 -0.012326 -0.003937 -3.197379 -3.825483 8.686264
-0.178360 0.208320 0.085254 24.786874 -36.296944 -26.185142
-0.137140 0.202890 0.036906 -6.632030 -0.592153 29.837214
-0.051990 0.155030 -0.050153 1.016558 -11.497482 1.225793
0.018783 0.124620 -0.019467 -6.506482 22.616032 -11.311540
-0.175460 0.224760 0.317800 9.383752 0.572169 10.198389
0.080114 0.196860 -0.071572 30.583582 -2.248492 -14.840068
0.056678 -0.061064 -0.252390 3.111416 -13.514957 -2.587197
-0.249860 0.048055 0.184150 -17.769613 -0.849365 1.755257
-0.403240 0.159940 0.132100 -11.854494 -6.770477 -15.655823
0.203470 -0.003409 -0.101820 -9.406080 5.957110 -0.733037
-0.252910 -0.101260 -0.080460 -7.928256 -9.530809 -14.413848
0.119510 0.115590 -0.094579 13.452977 -5.819804 8.245696
-0.334170 -0.029815 0.062434 9.473941 4.547038 5.994325
-0.020563 -0.118920 0.019113 1.668856 -1.616678 7.865705
-0.283790 -1.513500 -0.073120 -0.677102 -4.609707 0.878691
-0.246120 -0.360610 0.119580 0.513641 7.156371 -2.445904
0.100060 0.244000 0.088679 -16.803004 45.225324 15.825399
0.591820 -0.107510 0.260560 -42.325385 7.508333 13.419088
-0.005826 0.083425 0.109660 -7.589730 0.165200 23.902816
-0.056847 -0.154480 0.370430 -2.541982 55.968225 -18.644426
-0.024800 -0.092284 -0.145840 9.557923 12.711674 14.666362
-0.038052 -0.044922 -0.060686 -13.793313 6.801841 11.710639
0.285600 0.002117 0.127790 6.403058 14.450398 -2.486520
-0.093106 0.192410 0.181210 14.972221 -7.862660 -16.980422
-0.323150 -0.051370 -0.075731 17.253654 14.848979 -11.540193
-0.168100 0.162330 -0.365640 -7.731334 -24.511702 11.538668
0.004231 0.061099 -0.198250 -17.728743 3.966709 12.918188
0.111390 -0.482590 0.125350 18.733417 -13.366139 6.714099
1.013000 1.150500 0.175370 56.985003 72.595961 2.675655
0.376310 -0.016915 -0.153720 -6.359810 15.700446 21.248880
-0.077480 -0.353910 -0.167520 -4.194318 0.372235 -4.588679
-0.002858 0.005799 -0.133830 -3.672869 0.478698 3.464900
1.574500 0.091595 -1.186800 -18.325327 3.475056 11.790007
-0.025460 0.055663 0.060484 6.731901 19.348590 -2.115148
0.425530 0.326720 -0.097040 31.578594 20.539318 11.268207
-0.121730 0.673980 0.308370 1.369860 -2.438571 -6.149069
-0.701160 -0.030285 -0.050033 0.198425 6.847162 4.096976
0.468720 0.126000 -0.241600 8.450970 -0.647300 -3.047704
0.132990 0.124350 -0.634850 -12.560325 -7.722079 -17.411550
0.056878 -0.265510 -0.221350 -10.246579 17.586246 12.356666
0.027643 -0.198510 -0.041881 -9.177169 -8.069023 22.166331
-0.149050 -0.108910 -0.221240 -12.931709 -1.981185 -2.774240
-0.548010 0.205010 0.153650 -1.806318 -1.807276 -4.392102
0.589510 0.192060 0.304290 -4.296159 -2.074430 16.131542
-0.129640 0.159930 -0.081446 3.071227 -17.955641 13.364764
-0.339920 -0.091942 0.663820 -2.451308 -0.310179 -7.702225
0.210180 0.164840 -0.021950 7.925358 -0.559495 -8.472282
0.086394 -0.324740 -0.068343 7.667712 9.427451 -4.273443
-0.279380 0.043233 -0.024768 25.506072 0.248442 -28.764749
-0.113520 0.471350 -0.014844 -7.062954 3.730776 8.239177
0.186790 0.218130 -0.181930 -1.982320 20.196682 -0.804548
0.073283 0.212910 0.709260 -8.720976 14.693079 15.880914
0.499470 0.274420 -0.235630 -2.878943 -31.403123 6.401142
-0.096648 -0.015272 0.059647 16.721377 -11.667904 -31.288373
0.343350 -0.026294 0.000468 11.780448 -10.540150 -5.705994
-0.167540 -0.127280 -0.020949 -1.087215 -28.327065 -3.298422
-0.255420 0.303260 0.115020 17.325990 -13.030190 -24.352266
-0.048518 0.101660 -0.226610 -10.926008 10.661421 30.313362
0.311430 -0.207620 0.023968 -37.017567 13.175596 6.629671
-0.500080 -0.612670 -0.546120 4.969596 5.306453 -1.314553
0.759530 -0.487770 -0.027813 -18.979345 12.973410 -3.206074
-0.211080 -0.108130 0.044004 2.409893 -8.553139 -12.471112
-0.274270 0.126350 0.492610 5.048981 1.337427 5.200527
0.394800 -0.046125 0.185320 28.196153 -12.795091 22.295992
-0.064597 0.136340 -0.037676 -13.845447 -4.003754 5.904601
0.057523 -0.037779 0.074269 -19.112730 -11.824688 -5.902055
-0.026532 -0.210870 -0.107090 -27.116755 44.073659 -15.503219
-0.263390 0.075251 -0.147480 30.089299 -14.329598 7.855520
1.291900 0.484980 -0.663040 -29.100133 -1.818692 2.312982
0.594630 1.211000 0.553080 6.894712 9.668019 10.795373
0.009637 0.082141 -0.043014 41.987352 -1.084629 -9.724207
-0.403830 -0.608920 2.335200 -10.573359 -20.531890 44.622415
0.061592 -0.070612 -0.147680 -4.965868 2.149140 -0.895522
-0.319480 0.500730 0.305310 -3.139416 5.756869 4.189859
0.296680 0.042312 -0.054081 1.548781 -29.272601 7.757005
-0.297570 0.250880 -0.100830 -14.595972 -1.139509 -2.388081
-0.147770 -0.200360 -0.038953 -1.246215 15.369886 10.828510
0.159330 0.102840 0.201740 -13.891132 -3.097452 -7.527530
0.102480 -0.376720 -0.011888 5.583123 8.707117 4.107610
0.148980 -0.006868 -0.032032 2.712368 -4.153791 -2.188069
-0.013539 0.957540 0.196510 -4.224499 25.466473 6.658496
0.087549 0.427260 0.091037 1.166296 -31.041896 5.732579
-0.330070 -0.220280 0.048818 20.559154 5.779820 3.469206
0.196480 -0.162660 -0.183990 -6.927650 2.906544 15.484256
0.149910 -0.223030 0.277030 10.097447 -21.406344 12.224111
0.584460 0.190830 0.064938 7.611559 8.148641 3.908120
-0.040013 -0.163590 0.076651 10.422848 5.095711 13.833945
0.104350 -0.043708 -0.178100 -9.249541 -7.380611 -5.527074
-0.657460 -0.126050 -0.713520 -2.871827 0.917560 -4.056086
0.033716 0.406050 -0.340000 -0.055759 -14.715554 2.278595
0.151530 -0.150440 0.198160 11.505722 -14.854390 -0.279017
-0.003394 -0.155380 0.062307 9.664738 -27.862056 8.493574
0.491120 -0.039378 -0.146850 15.535414 0.401072 6.307432
-1.010100 1.347600 -0.510660 16.977254 -26.181888 7.784487
0.235170 0.099857 0.067427 13.827693 1.915410 -17.457946
0.348660 -0.073964 0.019866 29.405535 5.459624 13.077964
0.402560 -0.071948 0.199300 3.020981 0.607305 0.930806
0.145810 -0.421440 -0.190400 -3.177693 -11.950927 -17.126456
-0.201380 0.080722 0.016278 18.346213 13.705500 2.103756
0.028180 -0.005316 -0.139010 -26.299319 25.406536 4.651448
-0.156560 -0.097564 -0.080712 10.301340 9.408931 6.208514
-0.140850 0.464480 0.329610 -13.173434 2.685627 -3.239008
0.099017 -0.052752 0.117700 -1.003890 -12.849585 -8.160118
0.970450 1.303200 0.148330 -23.113965 -9.661259 -2.361665
-0.103800 -0.011851 -0.016823 -4.308079 10.629952 -8.539205
-0.010121 0.159010 -0.196420 -2.625720 -9.897654 4.393961
-0.166200 0.648150 -0.312760 2.084105 -44.290953 15.645498
0.245950 0.122500 -0.023458 25.117728 11.117410 2.179404
0.012144 0.111880 -0.053010 -4.397382 12.975771 1.769482
0.188110 0.350960 -0.386230 1.717660 5.283679 -1.944357
0.265600 0.417800 -0.076855 1.735929 12.715265 -21.684008
-0.987650 -0.284020 -0.651940 -12.239224 -6.220493 -8.206107
-0.956260 -1.319600 -1.521700 -5.880575 -0.432034 -8.162587
0.102830 0.004929 -0.240060 10.780656 -13.643560 12.336324
-0.083138 -0.212500 -0.468860 4.865743 4.162771 15.182323
-0.007038 0.185060 0.054164 1.375596 9.397663 -5.032097
-0.015337 0.056640 0.055102 -2.600630 -5.782681 20.672611
0.221900 -0.195770 -0.142880 3.745681 -14.680120 -13.387505
-0.092344 0.232330 0.108230 -11.334358 0.148169 16.440004
0.536630 0.010048 0.423080 -16.748951 -14.623438 -15.022981
-0.140770 -0.414030 0.133220 8.488226 20.386355 -5.255646
-0.070249 -0.301340 -0.128730 0.416929 4.859773 0.086019
-0.462080 0.411010 0.105000 5.332128 -4.670176 -1.373194
-0.220210 0.173810 -0.004185 -4.082785 6.386094 -9.508550
0.052449 -0.201220 -0.008864 8.354875 -5.966825 -0.274790
0.095061 0.023749 -0.022796 9.717402 0.572666 0.804529
0.691140 -1.724700 -0.701320 -2.354725 -6.053778 -5.184035
0.204420 0.252190 -0.576680 -2.558741 -4.582939 5.542005
-0.467870 -0.428070 -0.109940 -2.085093 7.775474 3.800630
-0.115960 -0.082988 0.004617 -14.415095 3.138078 -12.159870
0.152120 -0.126770 -0.122350 -7.816566 11.435325 13.906767
0.048997 0.216550 -0.074234 -4.634105 4.597141 15.850717
0.010313 -0.075371 0.028744 7.212041 -13.724614 4.273240
-0.217310 -0.041732 0.479610 5.137003 0.583723 -8.269874
-0.161880 -0.037678 0.038383 -4.230868 14.907077 8.192666
-0.161700 0.192300 -0.082309 7.639749 -8.792431 -0.765735
0.292820 -0.012167 -0.011460 -1.744782 0.654104 -0.923519
0.624140 0.484590 -0.720570 -7.664473 -13.028350 1.397688
-0.207220 0.188880 0.200960 -2.253625 0.431131 -3.510667
-0.097948 -0.018618 -0.023066 29.990708 -12.337719 3.978303
-0.750520 -0.005569 -0.597620 -3.860203 -3.255616 -3.175302
-0.084480 0.016306 0.303630 -9.281503 3.591364 -32.495544
-0.062974 -0.229870 0.090742 4.292609 -13.809587 -2.079183
-0.508040 -0.318370 -0.049324 15.409864 22.696980 -9.381158
-0.176890 0.082980 0.134390 11.314289 8.936959 -22.286648
0.033883 0.511310 -0.512630 2.709147 10.537719 -19.853893
-0.147330 0.526140 0.019404 -9.819434 7.326782 -0.222600
-0.252280 0.090936 0.002446 -14.506113 8.209250 -9.898111
0.026248 0.185660 -0.006896 11.154439 2.532724 23.946028
0.045286 0.006693 -0.040223 -3.462666 -8.642105 -6.379123
-2.103600 -0.656350 1.395100 -34.674576 -5.113201 18.610496
-0.005531 0.072292 -0.031349 3.685653 -2.432178 3.469662
-0.146170 -0.054758 0.069459 -2.505149 -9.644702 3.612603
-0.102720 0.003451 -0.001929 -15.230296 11.945840 -15.092454
0.508340 -0.276930 -0.657460 -12.855589 15.115512 3.598460
0.299500 0.177570 0.198440 19.388238 -4.452921 1.627227
0.077094 0.096433 0.127600 0.504713 2.850898 -3.093772
0.130810 0.117610 0.081807 25.724881 22.963952 -25.626778
-0.886690 2.484100 -2.170300 -3.987003 2.625181 -0.905556
0.291210 -0.714960 -0.232340 1.791877 -26.834268 -4.977560
-0.715330 2.567500 3.654100 -0.223838 -1.053882 0.436090
-0.229990 -0.362350 -0.108560 -4.511498 -9.804374 -4.432921
0.261440 -0.303320 -0.091409 -8.210920 5.105033 -2.244702
0.363920 -0.421680 0.256720 -4.869650 3.001407 -4.257472
-0.158560 -0.051135 0.062962 4.795922 -1.184767 21.095338
0.114630 0.776200 -0.262080 -7.574715 -14.655471 -0.167731
-0.433150 1.120600 -1.671300 -4.400171 9.267763 -18.683111
-0.117790 0.174790 0.352790 2.111266 -4.862925 -8.001069
-0.140010 -0.018233 0.088309 -24.890574 17.614970 -7.847897
0.106000 0.077877 0.150720 0.319123 4.247684 -0.368114
-0.189870 -0.673830 -1.493200 0.815577 1.258978 -1.693185
0.313290 -0.083174 -0.045561 -2.588575 -17.486605 -7.795547
0.073281 0.365310 -0.163460 2.186516 -17.281422 0.415337
0.302110 -0.113520 0.284340 27.748630 -38.766839 35.138320
0.235330 0.395010 0.090841 -5.235831 4.669890 -5.810851
0.054232 0.018542 -0.038687 -6.862208 -14.297065 -16.793085
-0.157960 0.322890 -0.524580 6.197693 -5.889914 6.426183
-0.123220 0.318490 0.331820 11.682022 -1.410720 -10.130491
0.123270 0.012993 -0.277730 -2.565075 21.393825 29.226863
0.095700 -0.320530 0.196980 -2.155362 -25.126050 25.591942
-0.093105 -0.061953 0.273890 -15.698819 8.546210 3.940009
-0.247810 -0.157620 -0.309400 22.512329 -9.278588 11.645101
-0.064670 -0.348930 -0.268940 -9.167062 4.534647 8.667958
-0.355680 -0.202960 -0.174490 -18.069097 5.840376 0.003863
-0.197570 -0.572320 0.035157 1.365154 7.914217 10.419936
-0.527020 -0.269370 -0.427670 -9.325551 1.038793 2.809295
-0.180650 0.084292 -0.089509 4.156676 6.953169 -5.096605
-0.359610 -0.213580 0.065016 -19.905353 -2.037637 -2.440445
0.089376 0.092572 -0.096574 0.702295 -3.221541 10.336036
0.086751 0.076762 -0.082515 2.424303 9.383981 23.931397
-0.157630 0.188910 0.212870 -28.311281 9.185318 9.811390
0.274570 -0.620230 -0.430130 -16.655944 3.542693 14.669312
0.071097 0.133890 -0.001146 -0.293446 23.464351 -40.337134
-0.151570 -0.168260 0.315600 8.694440 8.794062 -20.842903
0.016693 -0.192840 0.039034 -14.559187 8.016975 0.858846
-0.362760 0.583780 1.365500 3.965442 -18.661944 -27.548869
-0.324400 0.339920 -0.532140 -10.988403 -6.688218 3.440586
0.327750 0.011480 -0.363550 -2.445738 4.227767 32.413556
-0.006006 -0.030676 -0.098786 -5.301618 0.338393 12.083476
0.578060 -0.592640 -0.082277 28.918649 -16.839465 7.639003
-0.037029 -0.079664 -0.055925 13.324370 -4.125951 9.754864
0.122430 -0.025218 -0.217410 -20.310255 -3.195438 23.095501
0.103330 -0.233410 -0.051105 16.252422 -20.640114 10.980665
-0.693370 -0.220910 -0.556270 13.579203 0.951091 11.982007
0.123250 -0.058608 0.081946 1.266541 -1.594321 -1.754391
0.836470 -0.211040 -0.631260 -20.227420 3.433821 12.506172
-0.045340 0.084852 -0.078515 -13.552793 -7.618813 -16.651010
-0.194220 0.091123 0.444050 13.173280 -3.664501 1.528787
-0.017688 0.412580 -0.459470 18.967871 -16.622841 8.481984
-0.263070 -0.261870 -0.495510 -3.873685 -6.759764 -26.973166
-0.108720 -0.140420 0.002349 12.840179 27.197943 1.377902
0.008069 -0.277040 -0.256540 -4.168985 14.216150 0.850767
0.049211 0.023942 0.067673 -4.940236 2.580068 -1.331160
-0.145600 -0.178130 0.347190 15.195330 5.636008 10.761259
0.687640 -0.116960 -0.186820 15.981115 -0.093870 2.337728
-0.331510 -0.266540 0.200890 -15.128117 -4.534161 -3.861821
0.067341 0.229910 -0.439450 3.276350 6.441700 20.032843
0.419480 -0.247840 0.401200 -8.834884 -3.149523 8.149246
-0.054831 -0.434440 0.369440 -6.176167 36.312075 -22.802391
0.013093 0.139850 -0.153940 13.704934 -14.832555 -8.278124
0.065087 0.303160 -0.045730 -3.657618 41.205593 -11.271080
-0.117370 0.359470 0.008843 15.754569 7.538628 12.414202
0.211310 0.040167 -0.104190 -37.540339 24.958904 26.788621
0.559760 -0.184280 -0.264830 3.641265 -8.987579 4.733031
0.483070 0.325100 0.236930 -8.592633 -1.425185 0.885692
0.229530 -0.072194 0.131000 8.716096 -12.655014 -1.823877
-0.300650 0.251030 0.045876 26.647355 -13.540073 -3.042795
0.103920 -0.182850 0.060684 -2.006225 3.301497 0.203207
0.324000 -0.131070 0.307520 11.848431 7.702808 1.073376
-0.302020 0.273860 -0.032678 -4.330102 13.091715 2.777290
0.154140 -0.093125 -0.024119 3.357830 -1.727504 16.769218
-0.827660 2.190000 -3.303300 -7.283747 15.236771 -24.478164
-0.416120 0.010758 -0.409200 29.381652 9.351675 24.248808
-0.090964 0.159660 0.311620 14.326753 -15.195637 -12.319161
0.186390 0.320470 0.391580 -2.234354 9.370605 -5.039304
0.023200 -0.173320 0.110200 9.623426 -19.956001 2.256032
0.300040 0.386630 -0.278800 8.076335 -6.228098 1.889675
0.170290 -0.030509 0.010245 15.007464 25.807811 -5.025938
0.315800 -0.170380 -0.067011 -10.001775 -3.249166 -4.281285
0.124070 0.026779 -0.062219 11.136121 10.208897 4.836783
-0.674720 0.195610 0.032678 -10.092285 -3.188151 -8.819177
-0.525130 -0.014973 0.843250 0.576085 -0.747170 -3.878627
-0.244410 -0.172560 0.260460 9.461380 -2.589346 -0.610164
0.481670 1.476700 -0.234490 1.023582 -6.099626 4.296728
-0.036812 -0.267740 -0.164490 -9.621778 2.556735 -3.724481
-0.025595 0.089489 -0.012159 5.466989 -4.627066 -7.247463
0.046536 -0.122400 0.081035 -1.041170 -5.269015 0.750509
-0.084011 -0.079876 0.253400 -34.311886 -11.719756 20.859603
-0.358750 0.694510 -0.017549 1.876723 -7.283176 8.305539
-0.051699 0.241490 -0.109190 -21.338121 -2.857030 -13.140798
-0.064011 -0.172090 -0.017554 -1.985003 0.656363 -9.617924
0.168880 -0.046969 -0.159200 -6.222538 -7.443785 -3.119327
-0.127280 -0.016920 -0.148050 2.918523 -11.514934 15.006956
-0.344420 0.321750 0.380700 -5.720147 12.687634 12.665676
0.058090 0.061026 -0.007247 -16.458081 7.250392 -9.876347
-0.169670 0.180720 0.400660 6.748646 7.782727 14.745003
-0.387180 0.223870 0.142860 10.753085 8.874788 5.983817
0.113300 -0.133080 -0.119480 -11.996820 5.021556 13.262033
0.112270 -0.036324 -0.001560 -9.645990 14.645643 8.133886
-0.288080 -0.000154 -0.160630 -18.014388 -1.214775 10.291379
0.019266 0.192700 0.053645 16.923417 -1.702161 8.994891
-0.039276 0.188440 0.167520 -2.707059 0.562493 7.440967
-0.064446 -0.167680 -0.050883 -6.749399 22.881909 -4.300695
0.595510 -0.095955 0.313940 -0.220475 -6.505079 -5.744177
-0.054920 -0.073041 -0.125980 11.335542 3.464674 5.838225
0.059963 -0.174290 -0.091464 4.945987 -5.198493 -0.780316
-0.243550 -0.266770 0.019988 7.796354 14.478077 1.981313
-0.224840 -0.286190 -0.455540 11.189569 6.474682 10.727415
1.520100 0.964540 0.079168 21.522605 8.672744 -3.904949
0.065283 -0.088636 0.085275 -3.027657 -7.128390 -9.243794
0.624450 0.383870 0.078634 11.759634 29.645082 -8.783943
-0.088789 -0.097792 0.097445 -3.437941 8.112890 -5.119608
-0.390490 0.236710 -0.104560 -8.661616 4.415670 -5.531382
0.009204 -0.633790 0.368170 14.543095 -40.832327 31.536128
-0.457070 -0.338920 0.140930 4.390934 -7.262353 4.960580
0.091085 -0.083701 -0.060362 -4.532749 -6.226363 -1.645705
-0.070900 -0.534170 0.199800 -24.983667 -24.894043 22.620007
-0.030270 -0.082166 -0.520090 -0.214241 -16.809662 -32.742460
0.066324 0.377810 0.476180 -12.810653 -0.055634 -24.467092
0.108910 0.149390 -0.028623 18.063961 9.585601 16.934800
-0.084021 0.151490 0.091545 8.890940 0.693395 -12.724596
2.724300 0.682280 0.160230 12.999461 4.661822 2.808755
-0.114240 0.202450 0.325750 4.421185 -11.005014 13.889373
0.486200 -0.215450 0.148580 7.396322 -16.373226 -12.052613
-0.087492 -0.030300 -0.165010 20.839716 2.001344 6.821026
0.061421 -0.028196 0.000685 22.963033 15.041613 -12.946899
-0.704960 -0.159520 0.263220 1.155173 -0.207101 5.028591
0.055813 0.071483 -0.037938 5.407443 -2.780044 -5.314906
-5.328900 1.025400 -2.789200 27.302570 -6.878059 20.252013
0.140720 -0.015338 0.381260 13.982817 4.236705 28.394927
0.064883 0.215520 -0.089768 15.556750 -7.465018 18.688288
0.194650 -0.111160 -0.110300 28.167865 -2.479970 18.153168
-0.004095 0.052505 0.038326 -10.481473 -4.821166 -19.098791
-0.205530 0.320380 0.021224 5.395837 -17.111564 -1.986265
0.737760 -0.209360 0.430430 -1.822869 7.654906 1.037088
-0.835990 0.130830 -0.056708 3.779051 3.170817 0.993305
-0.174950 0.080386 -0.302450 4.881582 -15.315539 8.185178
0.208500 -0.048835 0.126910 -27.631649 -25.088837 -13.760833
-0.016470 -0.215200 0.261790 0.119264 -3.510727 -20.108686
0.117470 -0.207630 -0.449690 -5.487458 12.000306 -7.158958
-0.092239 -1.005900 0.322950 13.917620 38.652294 -25.903938
0.010042 0.135150 0.112160 10.360298 -3.556991 -17.416553
-0.037441 -0.091609 -0.573350 19.803557 8.423573 -3.905056
0.093785 0.015785 0.060602 18.067823 9.605120 12.810869
-0.208800 0.029111 -0.270040 0.328496 5.221921 7.449885
-0.652910 -0.177350 0.143420 5.551710 5.093347 -3.003625
-0.139730 -0.203250 0.263720 21.233140 36.513746 -25.393277
0.385540 -0.363040 0.533230 1.428399 3.214331 5.851539
-0.199980 -0.043891 -0.013439 8.336005 -5.929960 8.451788
0.060033 -0.082702 0.023769 3.721701 1.237941 -7.078206
-0.042770 -0.426660 -0.371650 20.902356 8.856805 11.621644
-0.109080 -0.128150 -0.226940 0.213733 0.301667 -27.432720
-0.007097 -0.038035 -0.075769 0.756227 6.992362 -1.750508
0.049820 0.273500 0.204430 -18.075112 5.784374 -3.768632
0.006039 0.241300 -0.033428 -13.546251 11.588154 32.557570
-0.114260 -0.104570 -0.169800 -16.209487 -26.413671 7.662462
-0.180150 -0.199840 0.374270 -18.519688 7.929180 -7.450953
-0.012549 -0.015495 -0.092615 7.531490 -15.310551 -15.397540
0.004654 0.354940 0.076595 -0.656223 -6.613080 5.273284
0.158170 0.163060 0.007933 22.739523 12.141220 -7.625590
0.030130 -0.273020 0.257810 41.286822 -20.493167 38.206761
0.017694 0.030729 -0.030659 5.279239 2.230331 14.984783
-0.151200 0.054568 -0.089947 -7.055334 -7.504427 17.098500
-0.558080 0.262330 -0.050952 0.174139 7.095443 -1.775419
-0.072603 -0.160680 0.068791 0.721915 16.059075 6.969450
0.099128 -0.032370 0.395870 0.112674 8.779253 -19.007263
-0.078282 -0.000565 -0.052529 0.910402 26.997313 -16.355528
-0.346840 0.270030 -0.399570 37.499420 -33.452044 44.953357
-0.070806 0.060123 -0.353160 -11.671031 -22.242345 1.476879
0.024326 -0.258650 -0.014113 1.849087 -12.342665 5.524352
-0.474160 -0.039451 -0.284770 21.905791 -2.248103 4.926131
-0.412610 -0.192560 -0.051619 2.949605 5.930176 8.892487
1.048000 0.093671 0.119770 17.745971 -1.887231 2.965037
0.211530 -0.112660 -0.145080 -16.418846 -13.716706 -0.619444
-0.003010 -0.087736 -0.043579 9.462881 -14.559367 10.384226
-0.289380 -0.083685 0.209470 3.600963 -5.593546 8.859787
-0.253220 -0.145530 -0.117180 -2.367150 7.341159 5.380849
0.013975 0.151330 -0.098412 -27.790875 -10.886351 7.502681
0.109470 -0.009080 0.034793 2.236847 11.877628 14.925998
-0.108580 -0.164320 -0.011386 -7.932232 3.694424 7.821305
0.005451 0.027337 -0.127180 -10.731712 -8.907777 19.931240
0.047741 0.339620 0.016940 26.327357 -33.907957 2.443637
-0.473700 -0.008954 0.039397 -7.121287 1.877158 -5.340004
0.008578 0.183690 0.033685 -3.263245 -4.948747 10.594901
0.026495 0.116280 -0.016506 -25.815239 -17.007050 7.131012
0.019421 0.440670 -0.323350 -18.223920 -6.545946 3.549847
0.255440 -0.089356 0.154210 15.178116 -18.419173 5.208332
-0.159780 -0.181130 -0.058876 2.552205 -11.498097 -8.292380
0.293050 0.014151 -0.131980 -15.310218 -14.705608 -0.586411
0.139720 0.178050 0.099497 -5.946328 -9.303890 9.057689
-0.110000 0.064264 -0.132040 10.920830 15.751886 -4.402620
0.112650 0.021893 -0.249060 6.131896 -7.960198 4.949664
-0.097399 0.109350 -0.121430 2.441051 -2.140369 -1.675833
0.811400 -0.157260 -0.114140 42.080226 -12.116872 -5.931221
-0.125270 0.044866 0.113790 -4.222377 19.217318 -4.870974
-0.547550 0.145900 -0.049348 -64.959707 12.006722 1.254131
0.773740 0.004508 0.671450 8.678554 -2.838915 18.782442
0.750410 0.001124 0.201810 13.325078 -7.371783 0.606328
0.372360 -0.121670 -0.077957 -37.012710 -24.898041 -4.489081
0.105200 0.150870 0.181220 8.164369 10.148725 21.244802
0.334100 -0.102300 0.297020 21.663963 16.736884 9.205366
-0.072488 0.035812 -0.055219 -25.452744 -27.436763 -35.145970
-0.355550 0.332030 -0.152140 -17.534078 -8.955996 -8.366425
-0.130060 -0.045731 -0.252770 17.795035 1.103133 11.006976
-0.039772 -0.055261 0.048145 -2.503458 -3.922397 0.461610
-0.370830 0.421850 -0.000749 -3.003711 3.060220 -11.316136
-0.248480 -0.400390 -0.415350 1.862469 -7.841548 12.076077
-0.459380 -0.479960 -0.234690 12.894085 -2.335678 8.476242
-0.418960 1.089800 -1.143500 -18.090718 16.460243 -21.236271
0.228350 0.330100 0.410220 18.755526 -17.727633 -8.029109
-0.040943 0.232850 -0.070300 -2.589880 -17.307826 6.293158
-0.071158 0.392790 -0.052292 1.929539 -6.361291 -1.460042
0.762120 0.121020 0.044493 11.850858 6.692740 -15.211795
-0.294340 0.003949 0.085790 12.219717 18.035943 -2.796137
-0.077861 -0.072986 0.045628 7.612156 -4.302663 -3.038224
0.342480 -0.124180 -0.169690 -20.469977 2.240153 6.403882
-0.293710 0.004198 0.164120 -56.591009 -25.756925 -8.875926
0.063578 0.132690 -0.005588 -7.638992 -29.442129 16.827628
0.151290 0.029564 -0.054165 37.609436 -14.047683 -25.478855
0.557790 -0.934000 0.371510 30.306093 -30.903330 15.973135
0.165000 -0.450880 -0.124990 -4.992978 1.261353 12.749662
-0.007250 -0.117150 -0.116030 -18.903169 2.934440 4.801156
0.001834 -0.147360 0.165720 -2.433336 -15.001303 7.983849
-0.094968 0.408230 -0.247680 -12.445252 6.097484 -10.408766
-0.044805 -0.039066 -0.227440 -4.108254 8.526821 6.169705
0.067080 -0.421890 -0.652700 3.247955 18.488716 0.350980
0.234660 0.248000 0.017914 -8.910450 -1.618020 -1.767797
0.043218 0.084054 0.101910 0.996818 9.732072 -3.717503
0.439890 -0.231250 -0.654580 9.884463 -10.086828 -21.143619
0.000005 0.016230 0.060163 -2.312509 5.526856 -12.036737
0.238110 0.100060 -0.141540 -0.109830 -0.157109 14.491306
-0.254910 0.265000 -0.035572 -2.480511 -20.049307 -2.217699
0.008708 0.074752 0.076856 10.250382 -8.468680 -7.349853
0.361540 -0.046713 0.021673 24.626273 -9.672192 11.454828
0.085132 0.019207 0.058393 0.482427 -9.255071 -1.645798
0.001489 0.094079 -0.069553 -4.611569 28.855675 -20.601462
-0.004410 0.026067 0.016522 25.706790 -19.706975 12.711454
0.081436 -0.412450 0.316810 -6.549250 -15.466120 -4.059242
-0.112190 -0.043430 -0.213250 -12.970067 5.474497 6.190467
-0.814650 0.597820 -1.540500 4.874367 1.776974 8.673234
0.181880 0.453040 0.077208 -8.368738 -2.967871 -2.041698
0.151340 0.231490 0.088150 -5.130164 5.350324 3.294338
-0.115040 0.178020 0.189860 -33.186892 45.678486 35.418015
0.382940 -0.142340 -0.737470 -22.494869 3.000577 9.259710
-0.176430 0.033564 0.241770 8.260469 5.443277 -10.925347
-0.203590 0.236220 -0.083606 -1.501073 15.329077 -0.577332
0.057524 -0.153650 0.070166 1.264333 -6.376128 -12.241188
-0.172510 -0.094709 0.120040 -1.212691 -1.280211 -0.019493
-0.017209 0.035613 0.098883 -2.733124 4.035646 -13.024118
-0.067694 0.034300 0.084086 9.792716 -4.178870 -2.338662
-0.123560 -0.175640 0.078236 -1.585473 -13.657462 -8.284999
-0.050782 0.028377 -0.121060 -3.593417 2.214467 14.872771
-0.121320 -0.069598 0.054893 -5.808024 -5.948764 -12.901762
0.199300 -0.235380 0.132530 -2.536473 -9.190653 1.291634
0.097725 0.288470 -0.124820 3.920240 -9.991033 10.043548
-0.184490 -0.058993 -0.056860 17.754713 9.157991 1.122081
0.115740 -0.197410 -0.058628 22.623033 5.523879 3.294044
-0.161220 0.047713 -0.315970 -12.679142 5.519473 -7.794334
-0.359650 -0.198000 -0.470190 -1.603522 0.944014 17.761472
0.153200 -0.050823 -0.044993 -26.543684 7.587074 -5.833338
0.040251 0.165910 -0.040847 4.946613 -1.550107 0.760419
0.101310 -0.027050 0.153600 -7.979833 7.961930 34.726955
-0.016447 0.024431 0.036275 -0.841505 -0.850309 -15.615164
-0.111610 0.020161 0.095903 -11.880845 -12.778612 -1.603371
0.480720 0.121680 0.089434 -32.081680 -12.698745 5.087827
-0.279990 -0.209980 -0.045213 -0.853802 1.269885 -1.564244
-0.069161 -0.505130 0.431310 -3.936544 -26.846912 15.212086
0.527730 -0.021511 -0.587400 -22.456470 2.120726 17.298473
-0.040923 -0.204120 0.142670 27.936796 23.588866 -36.092647
0.233750 0.643910 0.504780 -5.068130 -5.231786 -9.187863
-0.223220 0.056150 -0.034811 -0.598102 2.430264 7.996431
0.002398 0.009469 0.055665 -9.911319 -0.689659 -8.423144
0.378600 -0.496970 1.587800 5.990890 -15.374856 24.509938
0.291470 0.231660 -0.364540 1.527099 8.860553 -15.594748
0.032713 0.111410 -0.007865 6.894189 -7.417516 -9.810913
0.094876 0.637980 -0.255620 6.473121 28.499038 -17.212840
-0.070031 0.039075 -0.019864 -7.423497 2.066790 16.491103
0.013135 -0.026253 0.159910 -14.695479 21.534160 26.010584
0.133670 -0.057836 -0.212380 -10.240041 21.252663 33.387295
0.153200 0.111450 0.503680 -1.539748 6.081620 -10.166281
-0.175020 0.019783 0.057298 1.861338 -2.758233 3.393959
-0.436180 -0.700790 -0.298320 -2.726139 11.088382 6.547195
-0.362400 -0.092802 -0.193340 29.699409 -17.353431 -19.453966
1.133200 -1.223800 1.178500 26.468350 -42.490610 38.264847
-0.101140 -0.011576 -0.327440 -7.947773 2.335748 -8.517356
0.288290 -0.107750 0.089496 -3.880432 -1.783489 -7.478907
0.148560 -0.052216 -0.061809 -6.736258 4.127593 1.060091
-0.249230 0.566010 -0.426410 -30.457274 11.967585 -16.202714
0.246030 -0.323690 0.261470 -3.271733 22.099578 -19.663204
0.212630 0.270130 -0.074248 -6.244820 -11.582783 -2.956801
0.082495 -0.088663 -0.150030 -5.308182 -8.321092 -8.061240
-0.003857 0.095304 -0.006926 -28.233557 -13.966958 -6.848306
0.226190 0.857080 -0.004139 9.414072 27.369958 -5.746509
0.119880 -0.807580 -0.478240 2.938395 3.494975 -5.402446
-0.239240 0.061216 0.140650 -0.284279 -6.778079 19.701294
0.403700 -0.400980 -0.224510 9.715998 4.706865 0.574609
-0.298040 0.569690 0.451860 15.438166 -7.970573 1.423449
-0.062621 0.133990 -0.250620 11.338753 -36.870978 26.199092
-0.796240 1.003000 -0.382670 1.508700 5.054901 3.983792
0.112760 0.322100 -0.224130 -3.732873 12.971608 -9.650684
-0.092814 0.089950 -0.003725 -14.395891 14.276217 -5.803941
3.060100 0.084347 -0.476060 5.145069 -0.013295 4.629754
0.108250 0.057290 -0.121750 16.583585 -14.463532 -13.247227
-0.893620 1.469200 0.420110 5.560943 -20.332286 -5.610219
-0.024790 0.336160 0.225200 5.272581 -3.291252 -5.286917
-0.050606 0.093267 -0.044041 5.418149 21.328069 3.841841
0.283850 -0.114180 0.250430 13.058958 -26.274526 13.988140
0.259360 0.486030 -0.530230 20.591673 32.867056 -15.661669
-0.033651 0.060046 0.126860 1.262257 -4.638666 11.171684
-0.048480 0.174730 0.244560 -1.597816 -2.864730 15.208671
-0.127470 0.221770 -0.345170 1.758842 -12.691511 9.736719
-0.162540 0.202210 -0.014878 -3.535258 3.063689 9.768183
-0.021673 -0.022800 0.015172 14.153093 11.429522 20.815047
0.103240 -0.257980 -0.303770 5.703856 10.999647 2.550328
-0.125780 0.056393 -0.032119 -25.052131 10.090209 -13.815232
0.347630 -0.159760 0.181450 -43.097731 10.288956 -26.708423
0.108620 0.268140 0.049019 -9.480434 -21.880025 -20.022934
-0.107640 -0.032508 0.106870 1.903192 -6.563212 6.796509
0.024350 0.045357 0.042187 11.560355 -0.588084 6.651403
-0.030669 -0.200590 0.375570 -21.316628 -43.173390 37.657152
0.001103 0.304470 0.112700 4.562716 -0.420069 3.575598
-0.246260 0.006619 0.194020 8.450826 -4.756000 -6.748898
-0.697310 -0.074542 -0.320180 -4.121623 -2.277192 -7.643231
0.702900 -0.240830 0.385060 -5.888603 1.773745 -6.928185
0.051544 0.151670 -0.078702 -16.040966 -2.384262 22.982250
0.094381 0.414410 -0.391820 5.691032 -23.713692 8.282341
-0.107690 -0.058436 -0.037164 0.446439 10.680206 -7.228961
-0.170250 0.750170 0.444870 0.515495 -21.221847 -7.850674
0.264760 0.009757 -0.067304 -2.020599 1.076379 2.583041
1.230100 0.814860 -0.891840 26.688728 22.544519 -23.136565
0.006812 -0.033047 -0.013294 6.296738 -6.121838 -11.164855
-0.032244 -0.048794 0.400230 -2.044577 10.849758 4.211108
0.037125 0.138550 0.625070 8.660828 0.936358 2.101092
-0.092653 0.097646 0.113610 -24.658287 4.361214 -12.821121
-0.019526 -0.450030 0.300440 0.082231 -35.554225 7.787266
0.234020 -0.658350 0.771800 5.054325 12.533801 -9.594396
0.537290 -0.434760 0.165440 3.384740 6.156719 -8.371728
0.112430 0.028090 -0.106520 4.005942 -10.200189 12.496210
0.126530 -0.042627 -0.133720 -10.889417 9.126977 1.568115
-0.006523 0.204870 -0.273180 1.127997 -0.795863 -0.414924
0.090948 -0.022272 0.255980 8.438993 4.873041 2.079739
-0.057512 0.170410 0.156230 -5.505117 -4.579247 -9.113188
0.012852 -0.081881 -0.184550 -2.718734 13.257214 6.677081
0.236260 -0.249290 -0.240720 5.891268 30.056664 -1.928275
0.056991 -0.117440 0.128480 -4.558252 -10.421287 -19.915638
0.026445 -0.095840 0.037293 5.700995 -6.978080 2.712300
-0.102460 -0.255430 0.382200 14.316345 8.608117 -6.176062
-0.473700 -0.579960 -0.282480 -18.784682 -8.605985 -10.018079
0.004983 0.055196 0.021056 -8.781542 -13.271171 3.684555
0.035163 -0.089783 0.022976 8.479542 -17.802710 -9.525921
0.699780 0.223880 -0.032398 1.031373 2.266355 9.481018
0.334460 0.335200 0.348340 -16.477996 -6.568699 -11.076914
-0.164530 0.184180 0.192290 -2.165219 15.188970 -1.851174
-0.066123 0.039340 -0.095787 -13.050255 11.503659 5.400575
0.092465 0.049145 0.142950 0.666914 -1.339521 -3.329312
0.104010 0.161860 0.129210 4.208618 -17.065139 24.406138
-0.225040 -0.073091 -0.282960 5.712735 2.274237 -10.484542
-0.349490 0.055431 -0.154970 -36.015135 3.206539 -14.390577
-0.057251 -0.113830 -0.271740 9.293714 2.884261 -17.622417
-0.172690 -0.057487 -0.262130 0.619381 2.577251 -1.856412
-0.054603 0.056278 0.022252 5.245698 10.763406 20.032528
0.272310 -0.576830 0.491800 7.781055 -9.253180 5.436368
-0.061756 0.220280 -0.067153 -2.352455 7.743570 -3.224436
-0.216010 0.076521 -0.027832 -14.574537 -9.328652 12.574949
0.066596 0.096435 0.057966 -0.664018 -4.887650 10.183498
-0.014975 -0.085447 -0.070774 2.833503 -1.066387 1.868512
0.066781 -0.191780 -0.114810 1.752171 6.020297 6.550685
0.018605 -0.193120 0.326770 21.469566 -9.698988 9.780305
0.662130 -0.337030 0.158180 27.770571 -14.729546 -3.489488
-0.109200 0.585630 0.250620 -8.364310 23.837159 6.488183
0.236570 -0.006122 -0.028888 10.867113 1.658678 -6.377878
0.119670 -0.075343 0.165040 5.949221 -10.742790 13.551109
0.030192 -0.111340 0.223810 29.736726 8.612018 -20.054503
0.104750 0.725330 -0.151610 -7.891933 -12.097366 -1.813471
-0.906450 0.648380 0.096103 23.906671 -18.715006 3.194197
0.135030 -0.033123 0.044894 -11.050837 -0.347730 13.049150
-0.173030 -0.040968 0.040053 2.551042 -8.853152 11.459842
0.000408 0.166740 -0.162830 -4.251747 6.784653 -17.139778
-0.058544 -0.151660 0.171400 2.415351 11.537038 3.671386
-0.099187 -0.003885 -0.024642 13.768579 4.275529 22.185900
-0.004723 -0.019317 0.029853 -5.177359 7.665786 -3.606857
-0.140070 0.158450 0.238750 12.533319 -4.645264 12.481094
0.243300 -0.178410 0.220710 -0.418539 5.906741 -17.335739
0.187750 0.137700 -0.135820 -13.674724 -1.908322 10.913644
-0.343400 -0.376460 -0.061208 -12.968349 -16.881714 -0.716039
0.289660 0.014485 0.080668 -6.513097 3.331067 -7.255114
-0.462230 0.201160 0.721400 26.245860 -15.085936 -19.165872
-0.060767 0.577290 -0.065085 14.280532 -14.129127 -6.317001
-0.047590 -0.066332 -0.054176 -4.145452 -14.317814 2.208166
-0.095721 0.117100 0.581320 3.250128 18.161285 35.546775
0.042074 0.006992 0.149260 -15.296830 31.682146 -14.061883
0.270620 0.472140 0.626780 0.409580 -0.461731 2.522977
0.288510 -0.162720 0.066377 -6.710838 -3.856654 10.058063
0.171140 -0.084197 0.087993 -17.456224 15.317812 0.818857
-0.603620 -0.074424 -0.234150 -1.646594 6.570851 6.439444
0.017613 -0.057255 -0.090292 -6.893793 2.689494 9.664926
-0.051226 -0.003235 0.006858 1.562387 16.258143 -7.213357
-0.287710 0.179110 -0.304900 1.748688 -10.513474 1.967225
-0.214700 0.018997 0.241110 -20.936380 0.844031 41.631074
0.097781 0.100740 0.268370 -20.523358 -13.633217 33.341956
0.051328 0.050375 0.030556 21.458847 -9.992698 21.764678
-0.204940 0.113130 0.014637 8.581927 15.858773 9.791028
-0.026006 -0.045783 -0.153150 -5.331930 6.275934 5.838371
-0.593470 0.167860 -0.939960 -27.113141 11.594636 -44.641309
-0.088908 -0.781380 0.659160 5.543552 2.434792 -0.302046
0.163370 -0.114090 0.051927 -6.319687 15.246200 5.526460
0.150470 0.141890 0.464220 -6.493200 -6.805372 -13.114643
-0.020272 0.116860 0.072236 -11.915164 -4.366342 4.390664
0.011321 0.067409 0.126260 -6.644329 -14.294149 12.331942
-0.218850 -0.965010 0.863300 -4.663245 -6.801237 -0.724352
0.276950 -0.320600 -0.460970 -6.048044 16.262242 -0.148973
0.096490 -0.134850 0.013707 26.311679 -10.337824 3.220723
0.272830 -0.287970 0.007325 19.571429 -11.449106 -10.320710
-0.009526 0.116200 0.055886 11.773577 -10.997870 12.960449
0.077083 0.058257 -0.042573 14.068785 23.019908 3.897888
0.059559 -0.014732 -0.184750 17.525477 5.474400 -7.819772
0.007768 0.108300 0.161280 0.955293 3.225112 -12.179939
0.109600 0.049215 0.236830 -8.127850 -6.343823 6.433685
-0.230680 0.221440 0.126430 8.410637 1.692860 -1.024400
-0.043196 -0.218740 -0.306210 -7.400790 -1.335618 -8.608666
-0.007747 0.126310 0.087451 -8.686716 -0.272151 -0.406162
-0.145650 -0.076134 0.305130 -2.507042 -7.703351 15.171053
-0.298020 -0.098392 -0.356010 4.797071 -7.844134 4.871844
-0.167750 -0.286940 -0.133490 -11.405295 -5.681592 0.194955
0.010844 0.021413 -0.106220 0.457513 3.187478 6.361487
-0.147840 0.225940 -0.038856 7.788674 6.667553 -1.774812
0.345210 0.223280 -0.682610 -8.326035 0.890352 22.240151
0.352820 0.364470 -0.151830 -6.287739 1.015033 0.904396
-0.200890 -0.154970 -0.562420 -26.281811 -24.107081 -72.494843
0.332620 -0.011637 0.139230 -28.462155 -15.313911 1.358074
-0.063262 -0.210640 -0.077669 -9.785980 7.583405 18.440386
1.197800 -0.013327 0.270250 4.948183 3.881383 4.797303
0.434970 -0.597340 -0.419370 21.659277 -42.425216 -12.938723
-2.317400 -0.481850 -0.200450 44.131650 10.589505 2.685889
0.016919 0.367250 -0.188940 -5.257069 10.079621 -1.485658
0.059282 0.150700 -0.033105 -0.026821 -24.604560 -6.492643
0.107550 -0.159120 0.091759 15.687944 -12.045193 2.334034
0.009957 0.463620 -0.109250 -17.288840 10.344899 -21.790340
0.390150 0.322070 0.768120 3.909679 1.700459 2.050223
-0.236530 0.233170 0.027563 -0.932351 -6.150230 9.743497
0.227860 -0.377400 -0.299360 -10.169605 6.676151 -7.399969
-0.212190 -0.238280 -0.052346 -60.904695 -63.677968 -20.301309
-0.076865 0.222310 0.032336 2.260922 -1.598147 -1.936875
-0.011215 -0.605930 0.241000 1.176511 32.587101 -0.132707
-0.061360 0.231970 -0.158180 31.097572 -27.766754 8.433315
-0.211540 0.049332 0.016087 -23.646068 7.418924 1.240060
-0.378320 0.002878 0.155760 27.387572 -12.383354 -14.290858
-0.155380 0.220450 -0.121840 8.976202 -31.970879 9.005695
0.039921 0.101220 0.140060 3.755081 16.368351 -8.304254
-1.359200 -0.331920 -1.099800 -29.808485 -10.615911 -30.674301
0.137780 -0.104160 -0.018281 -7.583503 -3.148857 5.603170
0.210120 0.217770 0.077708 -29.883688 -18.969714 -2.274493
-0.036810 -0.317600 -0.110190 -2.046322 -5.081719 3.928555
-0.053634 -0.941770 -0.538260 -1.900127 -16.159126 -9.832331
-0.241380 -0.148520 0.027219 6.755417 23.996834 8.061691
-0.145640 -0.010026 0.085401 7.040371 11.180289 7.558363
-0.077923 0.067175 0.122480 4.593699 -0.161649 1.271957
-0.056799 -0.030760 0.032193 0.339571 -0.265394 1.192406
0.053012 -0.226700 -0.212120 -31.775890 -2.716894 -17.696279
0.170450 -0.236620 0.008917 5.827312 -8.835724 -10.316333
0.129490 0.210860 0.404460 -13.551136 -31.379366 -52.408201
-0.183340 0.188500 -0.194270 0.067305 -5.687983 -2.724377
0.118920 0.358420 0.166430 15.433303 3.807085 0.992388
0.296780 0.171210 -0.184180 11.924649 -5.649513 4.372554
-0.173940 0.179540 -0.230130 -8.255203 -0.939780 6.772908
0.114560 0.080501 -0.072183 3.411963 -14.698854 -27.027944
-0.193260 0.046706 -0.053078 8.905487 21.198347 -28.686904
0.243130 0.047138 -0.103130 9.565287 -19.730855 -0.032672
-0.034245 0.230620 -0.222700 -1.971497 -10.458661 -0.863066
0.773750 -0.815810 -1.059600 -8.318387 3.369201 16.514218
-0.419380 -0.121510 0.020926 3.213496 -5.439080 -1.525635
0.806300 0.124980 0.013731 23.983680 6.842769 -8.661986
0.253920 0.202200 -0.033880 -20.684000 -8.004996 -4.813987
-0.097502 0.099442 -0.037466 1.773014 -5.438612 6.687144
0.011423 -0.161260 -0.065900 -3.158938 -28.459299 2.508989
0.154890 -0.057113 0.115180 19.280246 27.516018 3.518942
0.110870 0.360660 0.481210 15.296843 16.653209 8.820981
0.170510 0.278620 -0.074054 24.853347 13.098504 5.045542
0.099540 0.175100 -0.340650 1.329772 5.062365 -1.546512
-0.106090 0.004699 -0.313460 25.327845 -7.691918 21.031829
-0.714310 -0.594090 -0.130550 -2.828671 -1.098666 3.172410
-0.120110 -0.099898 0.124070 -4.948177 -17.409964 1.768872
0.930200 -0.055472 0.558060 -7.422456 0.226243 2.817974
-0.111840 -0.143700 0.346110 -9.471953 -6.972941 -0.546617
0.082340 0.391450 -0.001957 13.592526 28.806847 -2.471461
0.382330 -0.550530 0.692380 3.508888 -5.857654 -6.940324
0.109000 -0.016047 -0.185640 -4.888616 3.595514 -17.581556
0.047816 0.066216 0.088462 5.799504 10.104433 8.224055
0.165660 0.008793 -0.218650 14.500975 3.598523 -10.612537
0.003172 -0.141670 -0.222900 -2.945463 22.680276 -6.594194
0.127370 0.250410 -0.066000 1.548061 -13.776208 20.474499
0.066061 -0.020966 -0.032135 12.889074 8.301618 24.176021
-0.130200 -0.396750 -0.134410 -12.864911 -45.934354 -9.570921
-0.095393 0.138940 0.294000 -6.019037 8.038543 17.145674
0.178080 0.310160 0.116000 12.893351 26.164734 -17.559933
-0.197730 0.161720 0.192440 -2.327382 -6.175611 -8.841640
0.011845 0.071266 0.211870 2.290420 -12.222382 5.601010
-0.053596 -0.375330 0.052753 1.001303 -6.844942 11.254645
-0.243540 0.202280 -0.068226 14.595108 -15.047333 23.198514
-0.034833 0.140580 0.241540 -53.546620 -4.386719 -4.166424
-0.083524 -0.403300 0.069869 15.576106 -8.019100 21.626860
-0.032740 0.160520 -0.120810 3.213741 2.002745 8.303707
0.069414 0.074517 -0.140810 15.155727 26.169344 -2.885566
0.077077 0.104230 0.124570 41.641965 -5.677316 34.784053
0.076935 0.154280 0.243910 -13.031458 9.104275 -2.487873
0.053229 0.250810 0.114370 -11.532275 -9.314995 -3.545178
-0.068156 0.075729 -0.175250 3.413616 3.662745 3.508991
0.288130 0.095357 0.209440 -24.057866 7.870987 -22.495096
0.085344 0.040999 0.408630 5.214127 -16.716655 -6.742575
-0.056143 -0.189020 -0.118890 5.380208 -3.618987 12.791988
-0.150740 0.313710 0.219530 -14.737100 12.999705 11.036563
0.778970 -0.226040 0.355770 -29.359257 0.639882 -6.329101
-0.076760 0.113480 -0.263670 -13.896723 -2.361367 -6.797445
0.124530 -0.081679 -0.121110 0.497268 -16.317900 13.098689
-0.069622 -0.167080 -0.117060 2.646576 8.687252 3.394627
0.143230 0.041545 0.122940 -17.564774 -12.647809 25.118020
0.115470 -0.114090 0.107700 -1.938749 12.056052 1.197417
0.122330 -0.168550 -0.136390 -5.841273 -4.244047 -12.599755
-0.153810 -0.146440 -0.315910 -15.028667 -25.328626 -6.984321
-0.308860 0.350420 -0.085434 2.962580 6.259295 0.155720
-0.305760 -0.233230 0.305050 14.352917 8.068313 -0.060031
0.013002 -0.014965 0.051901 -4.153119 -15.060021 -0.575439
0.785380 -0.259210 0.312290 75.611824 -16.314494 23.087084
0.725140 -0.129570 0.032491 -7.707270 6.557289 -9.221097
-0.083920 0.074229 0.010322 -0.609008 -20.398577 0.392540
0.142580 0.130100 -0.080630 -1.811895 1.929132 18.882827
0.067270 0.012524 -0.781000 0.882801 -1.682772 19.472485
-0.065932 0.072264 0.254350 4.991856 -4.892493 -14.249260
-0.119210 -0.260190 0.036252 -26.423303 -17.251259 25.130959
0.119230 -0.037148 0.048901 -17.914576 8.110208 -11.241058
0.123930 -0.046916 -0.100920 -0.958092 -1.594626 -9.260500
1.120700 0.219080 0.128910 -62.543726 -10.154985 -0.150939
-0.014400 0.143030 -0.296130 -1.872124 6.725845 13.084390
0.229140 -0.420600 -0.052954 -15.786026 7.342251 -6.022622
-0.197670 0.806730 -1.344100 5.081958 2.101750 -2.050336
-0.219810 -0.047139 -0.681450 10.568314 12.929270 4.008065
-0.030214 0.464780 -0.239110 -5.431704 -6.239923 2.607197
0.094385 -1.136900 0.526860 -3.827503 25.561101 -5.786381
-0.285690 0.037699 -0.020626 -20.386632 31.873293 10.089306
-0.332930 -0.732370 -0.835600 -3.301018 -1.619587 -9.664826
-0.274300 0.311630 -0.296040 -3.985822 8.410655 -5.881961
-0.991050 -0.120650 0.190920 -1.759791 -6.364009 -5.751680
-0.098107 0.101620 -0.209350 11.653762 -5.950242 -14.506329
0.137120 0.109000 0.183330 -13.028504 4.099308 -14.711852
0.124040 0.049900 0.188310 -4.428373 -3.024837 -5.122896
-0.178120 -0.124230 -0.045178 5.161098 0.734398 24.103119
-0.023275 0.043092 -0.249360 -3.703459 -9.052623 -0.005130
-0.146880 -0.248430 -0.090804 -26.754789 -29.781125 -5.484870
-0.168920 -0.070689 0.147110 -12.049864 12.363503 -0.421902
-0.101260 0.133410 0.094940 -7.581425 -11.606711 -7.932118
0.084451 -0.047630 0.076555 -1.094381 1.764630 -10.581779
-0.423730 0.338790 0.742520 0.680088 -4.235126 -2.198003
0.029068 0.226470 0.162790 -1.002963 4.061520 -5.014307
0.054323 -0.152640 -0.184620 0.663789 11.564692 0.318187
0.008471 0.149170 -0.259710 2.089325 -10.110272 10.600460
0.006618 0.148790 -0.055525 2.647690 4.370571 -3.942568
-0.060174 -0.036524 -0.172320 5.552779 -7.228060 5.955534
-0.100980 -0.062612 -0.032391 9.154614 -6.626868 5.961742
-0.852980 0.874880 -0.503590 25.728302 -25.042900 7.702047
-0.023452 0.383190 -0.140330 4.426126 -28.028862 6.410334
0.074379 0.008172 0.043050 -13.133518 17.574471 -5.009397
0.144310 -0.043582 0.057269 -7.334028 -4.222888 -10.785632
-0.069447 -0.681130 -0.136650 1.519397 -7.677120 2.472480
-0.071016 -0.111660 0.052418 -14.257642 1.325506 8.078598
0.126170 0.217730 -0.185630 3.972744 -0.670182 11.106333
0.002851 0.016584 -0.062780 -5.572212 4.502749 1.781496
0.075682 0.215110 -0.160280 8.616025 4.527774 -9.609916
-0.265450 -0.420480 0.528020 25.051335 20.033273 -24.657850
0.570830 0.229570 0.353780 8.103474 -8.418683 5.213998
-0.347820 0.086862 0.072113 13.710528 -1.219387 -9.236922
-0.042458 0.455870 0.384340 -17.940384 -1.811550 -0.871869
-0.280730 0.240900 -0.087895 0.190388 14.331045 7.690269
-0.077263 0.120360 -0.060335 22.276710 -58.269635 13.492437
0.147790 -0.060058 -0.104350 -0.356194 17.682361 2.422578
-0.068403 0.038070 -0.210660 10.384438 2.083500 -5.663449
0.146440 0.515690 -0.174370 6.229234 13.591440 -8.364884
-0.121190 -0.038425 -0.098587 -11.001829 -6.070733 2.449099
-0.042797 -0.015677 -0.056392 0.355671 10.144941 8.646306
-0.365130 -0.229480 -0.318710 -9.283495 -4.437499 -13.211907
-0.093603 -0.323010 0.327620 -1.998547 15.413947 -27.987112
-0.327520 -1.439500 0.288930 4.991310 21.153156 -5.594300
-0.018659 -0.334990 0.127910 -3.212302 -2.911974 2.879084
0.133340 0.042777 0.039731 -0.227574 10.814804 25.326395
0.175480 0.018238 0.142070 18.890055 8.829234 11.957699
0.535720 -0.695940 -0.056725 -6.654897 -0.958115 2.196662
-0.047889 0.190300 -0.406450 -3.840266 0.634116 6.387328
0.017875 0.192290 0.161600 5.377842 -9.123810 -15.234354
0.062998 -0.040953 -0.104100 13.957068 17.848411 1.332570
0.671920 -0.698370 2.329300 3.441286 -12.695742 43.702004
2.555900 1.115900 1.387000 3.118496 -0.144887 4.347269
0.230710 0.066967 0.196760 32.187757 2.740827 35.971715
0.136540 0.168400 0.080581 3.729853 -16.562503 1.956005
0.091501 0.014222 -0.033736 15.832613 -0.916438 -0.944729
0.114080 0.232220 -0.008934 4.722401 -2.797065 6.610100
-0.473230 0.039180 0.140900 -16.718616 -11.740766 -0.191490
-1.520200 1.965200 -0.102010 16.602946 -17.738797 -4.082549
-0.015262 0.000464 -0.074644 -24.417618 1.250543 16.848451
0.054070 -0.074089 0.280700 -23.024753 2.894026 23.386476
0.091787 -0.072230 0.145100 21.619470 -10.840106 -4.139851
0.036444 0.059280 -0.109080 13.054177 6.638892 1.377960
-0.683160 -0.264280 -0.046998 -36.333857 -8.115090 19.010758
0.116030 0.035399 0.168260 5.429722 0.299328 1.596183
0.034419 -0.127250 -0.013955 -9.009252 -15.468453 0.630685
0.024465 -0.176370 -0.008462 -10.160322 11.553700 12.774919
-0.352970 0.162230 0.496940 -7.804585 1.743791 7.246695
-0.035871 -0.155270 0.152280 9.842171 4.081223 2.002786
0.101730 -0.009655 0.323220 6.994791 -1.783786 -26.880686
0.081791 0.008806 -0.116760 33.644999 10.504166 -12.573988
-0.290120 -0.093796 -0.012534 14.062913 4.128700 -17.765975
-0.045969 -0.206640 0.052306 -3.937769 -8.925013 3.249482
0.086604 -0.076528 0.079168 17.062904 -11.557628 3.359914
0.060552 -0.441620 -0.658900 3.952160 15.435134 4.597035
0.348590 0.354110 0.578110 -8.295374 11.399313 -8.347205
-0.001247 -0.129880 -0.068600 -3.990391 18.573871 -1.149039
-0.020476 -0.018670 0.140370 -10.328794 17.385433 -2.986006
-0.103540 0.140400 -0.098769 10.814850 21.111465 13.970454
0.195620 -0.277600 -0.250170 17.254859 -12.687156 -5.597887
-0.078015 0.014161 -0.138400 1.052818 -0.195413 16.817708
0.162700 0.529070 0.041722 11.174057 -0.819026 10.056201
-0.253010 0.303190 -0.078572 -4.777021 -7.723113 13.306052
-0.128100 0.048820 0.311760 -1.839416 3.568921 4.826917
-0.005776 0.079608 -0.087897 4.080216 -2.165955 -5.761214
0.518960 0.005743 -0.216070 28.113238 -0.936270 -20.806080
0.256890 0.392330 0.048382 -7.039632 -30.634541 -12.882830
-0.169900 -0.040259 -0.158240 -15.066150 3.417438 -9.151081
-0.114770 -0.063989 0.253730 7.394627 5.518142 -12.183802
-0.108670 -0.106850 0.032928 -1.748123 -18.992128 -5.209466
0.057294 0.214160 -0.052185 15.915725 11.133383 -10.003194
-0.027662 0.056069 0.118110 -6.787323 -1.427205 7.933116
0.587460 -0.390230 -0.110080 40.303835 -29.879832 3.658920
-0.374460 -0.089278 -0.416630 -9.918534 11.405276 -5.171457
-0.151120 -0.086966 0.321280 32.254715 31.069511 -17.518297
0.041567 -0.012867 0.042337 -6.577229 23.010472 -11.439493
-0.072856 -0.156070 0.095560 -9.227576 -20.707312 15.658232
0.075248 0.078515 0.037375 -2.408912 0.559313 9.232020
0.503830 -0.041572 -0.166780 4.782280 -8.528547 -2.221979
-0.163370 0.082063 -0.024788 -0.154725 14.717793 6.145843
-0.222890 0.097962 0.105790 -7.124938 13.192965 10.227737
-0.163270 -0.084868 -0.062454 -0.684050 18.554996 8.595381
-0.059999 0.067623 -0.260740 -20.460293 6.116790 7.661652
-0.048809 0.462050 -0.475050 -11.432307 1.311602 23.549284
0.579390 0.330930 -0.085608 -3.633295 -5.071869 -14.539534
0.188760 -0.016441 0.274470 42.366308 -0.967896 18.849387
-0.091918 -0.123350 -0.058089 8.328206 -6.379951 8.667879
0.251700 0.855880 0.036930 17.445964 49.122569 1.063478
-0.020282 -0.116930 0.016566 -4.156176 -8.826841 3.335601
0.325490 0.184680 0.039648 -3.401497 6.621571 5.939849
-0.067148 0.152660 -0.027726 7.523442 -16.634076 1.588481
0.031381 0.134740 -0.108670 -3.613605 -0.823878 9.163825
-0.144280 -0.199980 -0.496260 -1.646446 -7.540538 -6.729250
-0.291790 0.008893 0.116860 2.408771 -1.663122 -0.580625
-0.451530 0.582780 0.615150 -11.306050 -5.425658 9.307231
0.110800 -0.216060 -0.122170 2.603302 -8.935327 9.266765
0.042660 0.076806 -0.035860 17.394337 -5.796177 -9.744028
-0.021350 -0.095803 -0.557130 4.135536 -18.780479 0.460625
0.135130 -0.014662 0.170570 3.503171 -3.592755 -1.770624
0.644500 -0.258070 0.181380 16.619572 6.001322 -9.500203
0.065475 0.177130 0.499580 -3.571213 -4.752886 -4.435791
-0.388840 0.106270 0.077623 -2.119296 -7.707356 7.353031
-0.065515 -0.073617 0.043304 -2.487613 19.870780 8.913595
-0.379760 0.935970 -0.249770 -16.900847 53.237671 -4.588543
0.057398 0.138700 0.121900 14.426609 22.429000 20.046918
-0.068747 -0.105860 0.079103 6.334906 9.324257 -6.521534
-0.155550 -0.017627 0.083635 10.734546 -6.736811 0.719425
-0.225950 -0.362580 0.190870 1.465495 6.048713 -19.028838
0.083729 -0.285530 0.074235 0.213426 -0.920619 -18.191926
0.058454 0.048342 0.023624 6.162011 -3.189415 -12.223189
0.942680 -0.055433 -0.331330 26.658277 -10.916240 -14.944277
-0.000338 0.509420 -0.455020 -4.816183 -4.367756 -0.858104
-0.238720 0.190520 -0.193980 32.816784 1.592144 9.256730
-0.098660 0.147710 0.365100 -13.060003 16.501498 13.536949
0.111980 0.146470 -0.077938 -7.331036 -41.292438 -17.254968
0.331140 0.282140 -0.121610 6.862562 -0.327067 3.138990
-0.180130 -0.085898 0.291980 -4.927597 3.724545 -6.601355
0.057578 0.404200 -0.367710 -4.906447 -34.848967 24.962593
-0.063998 -0.072517 -0.006963 17.765598 -5.990194 11.582626
0.067772 -0.174940 0.146670 2.824252 1.485474 -23.409623
0.395470 0.185850 -0.100440 21.485006 2.864218 6.023011
-0.033880 0.001384 0.136610 -24.220362 -1.916229 16.183300
-0.030992 -0.158520 -0.247680 4.395324 3.642244 0.454826
-0.104590 -0.020584 0.071700 -0.078089 -2.010501 5.453075
0.148300 -0.080548 -0.155680 9.338766 10.482487 -8.352959
-0.181600 0.132670 0.181890 -0.385442 -5.570267 -11.059052
0.636730 -0.584340 0.100040 8.851739 12.122266 16.335083
-0.569110 -0.468650 -0.271350 23.364165 14.056873 2.695977
0.021841 0.209060 -0.343300 -17.344069 10.628010 -11.423354
-0.004895 -0.201580 -0.447250 0.877172 -1.149226 -9.078858
0.038338 0.579350 0.758720 -1.288749 -6.074250 -20.246176
-0.105370 -0.122180 0.036466 -1.878841 -6.404527 4.399128
0.282740 -0.008495 -0.481350 1.448158 8.383085 -0.811833
-0.046897 0.336160 -0.502890 -5.001909 23.853303 -51.308798
-0.157180 -0.049261 0.170410 0.535834 2.979053 19.710962
-0.088749 0.075574 0.106830 2.575187 -46.099786 -29.685745
0.195410 0.241380 -0.239370 21.105766 4.420189 -9.269028
-0.122950 -0.214470 -0.144460 7.907655 0.367156 -0.202094
0.030079 0.426720 -0.196960 1.519269 -14.886757 -5.438926
-0.101490 0.157730 0.105850 2.557934 14.456709 -4.856846
-3.642700 -4.219300 2.872500 19.165683 20.700348 -11.711505
0.141570 0.049411 0.093418 -19.647015 -11.017657 0.397632
0.105960 0.278900 -0.289240 -5.060843 6.121575 -3.059435
0.084012 0.064821 0.078118 6.919192 2.718237 -5.181560
-0.159190 -0.075015 -0.019256 -2.825941 10.525973 -1.552654
-0.146910 -0.011432 -0.141130 24.400986 -26.527255 -10.207509
-0.227750 0.547210 -0.441660 15.649313 16.469539 2.720572
-0.157350 -0.431080 -0.407760 14.253763 -1.748845 15.617896
0.130170 -0.172180 0.139630 2.057400 0.484844 17.449107
-0.194700 0.067549 0.150860 5.641627 -1.909844 -19.454450
0.077623 -0.213780 -0.022269 7.834270 -0.200722 -7.763129
0.186980 0.067306 0.177610 -17.099213 -3.438632 -9.148604
-0.001972 -0.176830 0.060428 -2.690761 -8.283276 -3.803575
-0.450730 0.233490 -0.114740 5.855300 9.576207 -3.796017
-0.356460 -0.051896 -0.369610 4.976175 -5.569690 4.880739
2.078600 -0.566920 0.510360 9.747608 -7.341307 2.858449
-0.041113 0.323380 -0.122270 -6.008511 0.535725 -7.122056
0.162340 -0.048785 0.361550 -9.632704 -5.020728 -25.412974
-0.040316 -0.083143 0.036429 -7.571686 5.815337 10.353690
0.018389 -0.133770 -0.072769 11.999692 -9.962043 3.407905
0.013337 -0.093326 -0.025809 -3.006920 -4.631558 0.162729
-0.068640 0.181210 0.027447 -10.636818 -13.392261 3.095773
0.079382 0.122530 0.159070 18.348713 7.212472 1.473239
0.093330 -0.142160 0.189100 14.300898 1.099913 13.386326
0.030307 -0.153390 0.020912 -2.935441 21.400351 -5.126914
0.036837 -0.126870 0.150500 -3.557727 -11.635736 20.328712
-0.403890 -0.088103 0.011951 6.204915 -1.323474 0.597661
-0.274370 0.137660 -0.150200 -33.495305 12.780954 -21.639380
0.463820 0.325320 0.150670 4.300124 7.120713 0.892662
0.307750 -0.491200 0.261890 -13.735221 15.655677 -26.487781
-0.273560 0.248600 0.079366 -22.224733 -5.028470 10.700880
0.006844 0.122420 -0.073323 -10.930446 16.332246 -52.355449
-0.363050 -0.083737 0.078413 -22.117542 -0.613270 15.305131
