-0.001923 -0.035305 -0.117870 6.975100 -3.156200 9.197100
0.190860 0.050404 0.010318 4.537100 13.702000 7.403300
0.079940 0.144210 0.023341 11.454000 -4.684700 -2.621400
0.040792 -0.111030 -0.098042 -3.975300 -8.717700 5.582100
0.059828 -0.138290 -0.005084 -3.482300 0.529530 1.436500
-0.033733 0.037708 0.250400 -12.689000 -1.698800 -15.082000
-3.120400 1.442300 -1.346600 58.854000 -25.875000 22.103001
0.050155 -0.237520 -0.043536 -7.424900 9.273600 17.951000
-0.201380 0.080722 0.016278 14.489000 14.672000 2.866400
0.513710 0.044112 -0.119050 -29.434000 -8.567900 9.921800
-0.175160 0.113600 0.016945 12.682000 -2.816800 -13.826000
0.283740 -0.043693 0.049412 -4.126800 17.958000 -1.365600
0.193610 0.042231 0.192750 -17.384001 19.472000 -1.969300
0.021498 -0.007318 0.039895 -2.191000 -1.794700 -2.118600
0.671920 -0.698370 2.329300 7.937700 -12.826000 41.459999
-0.094284 0.311760 0.009171 13.108000 10.885000 12.435000
0.095779 0.088258 0.017782 -1.432000 -7.470500 11.920000
0.506930 0.508340 0.952080 11.341000 14.680000 19.674999
-0.138760 0.101740 0.136420 2.460600 -3.659000 -11.286000
-0.044688 -0.011744 0.128930 -3.422300 10.081000 -0.298390
-0.079445 0.108370 0.130440 -3.608900 -1.975200 -5.208200
-0.113390 0.119970 -0.255690 13.025000 -19.270000 -6.978300
-0.115670 0.013267 0.083702 -3.610700 -14.323000 -7.238900
0.011321 0.067409 0.126260 -7.648500 -16.606001 11.005000
0.081436 -0.412450 0.316810 -4.071900 -10.600000 -5.748300
0.087372 0.019097 -0.019754 -10.151000 6.572100 20.070000
-3.867200 3.433200 1.454200 24.549999 -20.462999 -8.254900
0.418310 -0.160410 -0.291860 10.924000 -15.550000 -9.583900
-0.112390 0.122000 -0.069611 -4.031800 5.351700 -13.593000
0.061708 0.037040 -0.142080 18.733999 -21.049999 -7.371000
0.181230 -0.065726 0.071511 -10.067000 8.195300 18.837000
-0.139770 0.806470 -0.554900 6.514400 -23.643000 18.860001
0.183280 1.002900 -0.986430 5.230200 49.165001 -48.957001
-0.010762 -0.151970 -0.055159 -0.627920 -1.208100 -8.348000
0.671270 0.279240 -0.380350 -11.475000 -2.257000 11.343000
-0.109150 0.837860 -0.044880 2.207100 8.354400 2.627100
0.161010 -0.031741 -0.058014 -0.168230 10.948000 0.558830
-0.204410 -0.252500 -0.133750 -34.125000 -17.271999 -13.029000
0.134800 0.518830 -0.353730 -16.945000 -3.055900 19.086000
0.306610 -0.019320 0.213890 5.782500 11.211000 7.792800
0.090778 0.241830 0.148930 -10.252000 -16.100000 -7.778800
0.032004 -0.206230 0.141620 2.706100 25.389999 -11.489000
-0.149640 -0.131000 -0.130920 -3.906800 0.442620 -6.091900
0.553240 0.287260 -0.714180 12.630000 3.944600 -19.648001
0.017502 0.256570 -0.149480 -12.067000 1.691300 -0.881270
0.037193 0.230640 -0.262330 24.292000 13.515000 -26.051001
-0.162580 0.014817 -0.409670 -13.867000 -8.554700 7.316400
-0.326980 -0.066154 0.501950 3.912400 -11.081000 7.707600
0.368470 -0.235170 -0.117560 -25.274000 14.471000 14.047000
-0.119030 0.265640 -0.276000 10.720000 -8.553200 27.118000
-0.253300 -0.178810 0.013740 2.435300 49.909000 24.586000
-0.227410 0.080729 -0.162440 -12.118000 13.396000 6.565600
-0.005388 -0.096740 0.107530 10.105000 -18.464001 6.341500
-0.230640 0.243240 0.176770 6.348300 8.772300 13.187000
-0.104340 0.103170 -0.202970 5.375700 -12.874000 5.929000
-0.115030 0.173370 -0.073078 15.115000 -24.076000 18.462999
0.104050 0.187270 -0.064916 1.487000 0.748560 2.674200
0.398370 -0.289080 0.300620 12.110000 -7.181800 19.931999
0.305770 -0.129220 -0.004318 5.046600 -8.352000 5.737000
0.112660 -0.446470 0.186100 10.738000 -11.851000 2.030800
0.413000 0.538270 -0.078156 -0.730030 1.178600 -11.364000
0.000951 0.172630 0.090374 8.248100 -2.632000 -7.952100
-0.556640 -0.432880 0.636540 26.736000 20.280001 -26.403000
0.316940 0.074815 0.371170 -2.534700 2.775600 4.074100
0.109150 -0.142150 0.102290 8.415000 5.940400 -9.007100
1.761500 0.427580 -0.373110 -61.483002 -15.247000 13.620000
0.194270 -0.235010 -0.121500 -7.348500 4.052500 -0.668360
-0.780780 1.035500 -0.475060 -14.141000 1.085100 -10.764000
-0.461470 0.008052 0.503450 -30.771999 -5.493400 23.399000
-0.110260 -0.318610 0.433300 18.796000 11.847000 -44.356998
-0.215920 -0.341950 0.217890 -0.583690 -15.000000 15.042000
0.159100 0.017334 0.268880 -28.895000 -2.296900 -10.391000
-0.040220 0.057771 0.044747 26.438999 -32.373001 18.122999
-0.302690 -0.067007 -0.823340 0.973230 -1.634800 2.353400
0.204560 0.062791 0.101500 26.524000 1.548600 12.631000
-0.165250 0.202830 -1.319100 -1.750600 -6.371500 0.269360
0.094876 0.637980 -0.255620 4.926800 24.885000 -20.257000
0.980640 0.303460 0.826900 -35.269001 -2.853300 -30.603001
0.175610 -0.094646 0.454920 -1.393000 14.771000 -14.353000
-0.099647 -0.012857 0.004810 -8.252900 4.750600 -11.746000
0.359020 0.555480 -0.730540 -7.886000 4.506800 -6.818900
-0.074498 -0.210980 0.355450 -17.042999 -16.025000 15.837000
-0.574230 -0.482110 -0.681120 8.509000 5.475600 16.944000
-0.126850 -1.214800 0.026991 7.396700 12.415000 -5.391500
-0.279860 0.281580 1.117600 -4.961000 -0.890010 2.090300
0.004873 -0.238360 -0.123100 -0.025571 2.652600 -4.342300
0.009637 0.082141 -0.043014 44.869999 -2.354000 -12.088000
0.158380 0.161950 0.151400 5.378700 10.202000 7.766500
0.112800 -0.118850 0.062856 -5.353000 4.308100 -5.996200
0.125710 0.133010 -0.162510 -5.951100 0.514560 4.487300
0.149460 0.235760 0.093916 10.465000 27.094999 5.648500
1.841800 0.150900 -0.361390 38.416000 10.061000 -7.315900
-0.180840 0.155830 -0.094365 -2.420800 22.125999 -1.413900
-0.328430 -0.011807 -0.010282 9.957100 2.391600 -0.152650
-0.159770 -0.085062 -0.373630 6.683900 5.892500 14.782000
-0.038864 0.151690 -0.184000 -1.419000 5.773900 -1.161200
0.115970 0.112170 0.003500 -0.930470 -17.368999 26.052999
-0.027572 -0.330410 -0.918300 -7.641100 -14.493000 -38.978001
-0.391180 0.962880 0.487080 2.761300 -4.176200 -0.414520
0.399320 -0.063873 0.464980 3.644700 -15.467000 6.746600
-0.147840 0.225940 -0.038856 7.464200 8.285600 -2.533900
-0.149120 0.189430 0.108650 -1.865300 0.091180 13.145000
0.210260 0.001365 -0.197450 2.154800 3.335700 10.850000
0.076752 0.143560 -0.098550 2.836600 17.405001 -14.873000
0.101470 0.068055 0.082574 9.118200 31.889999 7.447500
-0.192230 -0.221990 -0.049899 -6.929700 -11.647000 -5.829800
-0.112050 -0.030291 -0.009177 -13.553000 -0.198980 -2.429600
-0.114520 0.056777 -0.087506 -12.832000 -8.619000 2.722700
0.103300 -0.074617 0.285640 15.955000 -2.156800 16.041000
-0.820130 -0.065985 -0.342160 4.474900 5.977400 6.999800
0.046214 -0.387820 -0.017826 -6.795600 -15.181000 -3.131000
-0.792370 -0.626360 0.266880 -10.587000 -9.058600 -0.494740
-0.104030 -0.165580 0.219760 22.412001 7.800800 -9.502300
0.069155 0.166310 -0.208030 -8.770500 3.333500 -4.924200
0.161110 0.019472 -0.142490 -5.400400 -2.836000 12.980000
0.307120 0.029601 0.061230 37.514000 8.246500 2.113000
-0.034886 0.029418 -0.052891 -6.458200 -9.696600 7.124800
0.053747 0.186330 0.130970 11.814000 30.834000 22.503000
-0.169030 -0.083609 0.027283 -32.695000 -13.364000 -0.939380
0.032249 -0.209000 -0.041790 12.093000 -0.971230 0.308770
0.083094 0.133290 -0.184110 1.219900 24.121000 -5.479400
-0.219320 0.116710 0.327440 -3.160000 -7.513600 15.791000
-0.067007 0.312050 -0.268260 16.054001 -22.444000 15.919000
-0.162600 -0.193980 -0.096830 -8.586300 -10.322000 -15.421000
-0.069805 -0.168650 0.050261 7.478000 2.964600 -3.084000
0.170710 -0.157980 0.184300 7.936500 -5.224500 16.177999
0.427720 -0.735620 0.128250 -1.798700 1.062800 3.954300
-0.097710 0.284310 -0.164000 -2.927500 19.971001 -7.176500
0.265530 -0.112320 -0.107550 10.426000 0.060736 -20.545000
-0.057512 0.170410 0.156230 -5.294000 -4.581700 -7.336500
0.092107 0.097230 -0.134660 -28.282000 -3.894000 -19.549000
-0.038356 -0.035654 -0.137610 -34.844002 -17.101000 -16.363001
-0.210390 -0.006882 0.389900 -2.788400 0.065522 -19.487000
0.299750 -0.151950 -0.214550 7.780000 -24.270000 -6.829800
0.135410 0.366620 -0.040017 -4.961300 -8.780400 7.045900
-0.046649 0.283380 0.147420 -0.052514 4.195500 16.606001
-0.565240 -0.392800 -0.035263 20.367001 13.200000 -23.580000
-0.632980 0.658940 0.321510 -23.174000 11.384000 7.038700
0.414260 -0.435270 0.093184 13.852000 -14.217000 11.333000
0.857370 0.243590 0.009238 9.549400 -3.667500 7.278000
0.148510 0.277630 0.177390 7.336000 -9.885700 11.317000
-0.117700 0.160500 -0.162700 -3.032000 -66.271004 61.740002
0.135850 0.207070 0.228250 -3.784200 20.811001 22.268999
0.061313 -0.094849 -0.001797 -8.274800 -6.079800 -2.322800
0.063578 0.132690 -0.005588 -7.551000 -29.096001 15.270000
0.191210 -0.252840 -0.206560 -9.689200 0.376800 0.052100
-0.817160 0.814360 0.224240 8.185200 -18.635000 -7.260500
-0.434520 0.067665 0.244980 -19.927000 3.763200 8.301800
-0.130140 -0.169920 0.199090 10.119000 -1.394400 -9.277900
0.052124 0.136600 0.117440 2.733000 -1.716800 -6.860200
-0.145300 0.013027 0.067858 28.146000 -11.719000 4.629400
-0.070249 -0.301340 -0.128730 0.451710 5.037900 0.131190
0.282190 0.051485 0.129590 -7.972200 43.056000 -16.514999
0.006113 -0.005129 0.206060 10.001000 12.725000 -15.530000
-0.182220 -0.450510 0.011773 -10.988000 -3.575000 -0.554620
0.028789 0.005533 -0.009706 9.678400 -9.925400 -0.318610
0.169510 0.229410 0.181400 10.044000 -2.561500 14.826000
-0.108990 -0.094239 0.012992 12.424000 -8.206300 9.869600
0.335450 -0.296940 0.040445 -13.060000 -6.595500 11.217000
0.089538 0.039916 0.239920 21.462000 8.705600 -33.639000
-0.028598 -0.019917 0.027635 7.018800 -0.863750 5.644900
-0.026002 0.016341 0.217650 28.426001 11.267000 -8.257800
0.116480 0.270740 0.030747 6.651400 -0.792870 3.427300
0.090759 0.036994 -0.021761 14.421000 -26.999001 -19.886000
0.487380 -0.691940 0.201380 -3.242200 9.782800 -9.020900
0.773750 -0.815810 -1.059600 -9.392900 5.484800 19.225000
-0.428970 0.222020 -0.011873 -18.073999 14.350000 -14.945000
-0.112670 -0.010200 0.165050 20.278999 -8.947500 -6.659400
-0.021718 -0.090941 0.478420 3.420300 -8.180600 -13.474000
-0.103920 0.253960 0.072427 0.774340 -0.770220 -9.426400
-0.285620 0.130170 -0.347720 2.348600 -27.924999 21.591000
-0.460030 -0.230360 -0.398350 -4.023100 5.092200 -5.840000
1.332500 -0.087761 1.130000 -4.517400 -6.416400 0.721070
0.309270 -0.138880 -0.432990 19.945999 -15.422000 -4.667300
0.189880 0.005318 -0.436440 15.931000 12.488000 0.900780
-0.521080 0.340570 0.148380 -0.356530 1.400800 -0.184850
0.164440 0.164970 -0.449180 2.001700 -2.796900 -5.330600
0.057398 0.138700 0.121900 10.231000 20.118999 20.275000
-0.317670 -0.151090 -0.029105 -34.556000 -3.317700 11.748000
0.470230 0.177410 0.112420 -6.885900 5.642000 -9.235400
0.034472 -0.381630 0.413830 -15.412000 -7.690900 4.149700
-0.009393 -0.425080 -0.049672 -2.351000 -12.524000 13.748000
-0.100140 -0.040153 -0.119710 -8.631200 -11.096000 11.789000
0.028180 -0.005316 -0.139010 -27.340000 25.296000 5.125000
-0.066943 -0.000322 0.023972 13.347000 -7.134600 -11.265000
0.315930 -0.408480 -0.754580 -7.507200 -3.238700 0.861600
0.096151 -0.207820 0.120010 -0.835160 12.825000 0.542070
-0.363980 -0.164960 -0.250070 -17.025000 -7.405400 -21.312000
-0.493140 0.172720 -0.037758 19.072001 -10.896000 13.543000
0.099017 -0.052752 0.117700 0.170850 -12.383000 -8.068300
-0.031109 0.048670 0.001072 -8.813300 8.924300 0.000518
-0.201310 0.013579 0.448490 4.320900 -7.951400 -10.952000
-0.149470 0.193230 0.169750 10.225000 3.621600 24.270000
-0.166200 0.648150 -0.312760 -0.996740 -44.194000 18.298000
0.010135 -0.006239 0.100640 -0.974760 10.969000 2.072600
-0.548010 0.205010 0.153650 0.146490 -1.356400 -2.783100
0.026017 -0.140110 0.150830 -1.435000 14.628000 7.161100
0.013034 -0.265570 -0.135560 -25.643000 41.061001 24.047001
-0.234770 0.234360 0.232380 2.882200 10.850000 -4.445900
0.152920 -0.180770 -0.353930 -19.973000 9.850100 23.855000
-0.747180 0.146150 0.030206 -36.432999 0.139620 8.972800
0.107750 0.077008 -0.014875 -13.246000 -0.905900 -7.697700
0.122600 0.079273 -0.034214 5.015000 0.678990 0.745210
-0.046608 -0.031292 0.113870 6.985400 4.083500 -25.405001
0.073672 -0.007016 0.060822 -7.241600 5.513800 9.883700
0.196790 0.032749 0.148070 -2.894800 -30.128000 -16.315001
0.171140 -0.084197 0.087993 -21.823999 14.027000 2.400700
-0.088657 0.052979 0.071666 -12.980000 2.382900 -10.213000
-0.142830 0.150330 0.110750 -5.883900 10.682000 10.024000
-0.058125 0.024559 -0.093150 8.426500 -2.180500 3.610700
0.073666 -0.064903 0.016321 3.029500 5.417600 8.483300
-0.246590 -0.267010 0.262810 -11.333000 7.618300 2.416400
0.045377 0.326310 -0.212440 -23.048000 10.157000 -6.592800
0.333670 0.383200 -0.285070 -5.662100 -1.194200 2.457500
-0.144740 0.166610 0.017225 -10.544000 -11.840000 9.610700
0.082340 0.391450 -0.001957 14.428000 29.982000 -1.474300
0.149340 0.283690 -0.557830 -6.302200 13.856000 -34.304001
0.692640 0.060881 -0.205090 0.111260 10.935000 -2.168500
0.001881 -0.114280 0.185460 3.307200 14.434000 0.414910
-1.822800 3.198000 2.002100 -20.283001 41.702000 26.724001
-0.109430 0.741250 0.507270 0.128680 -16.709999 -15.643000
0.335420 -0.151920 0.336380 -10.751000 3.032900 -1.581900
0.301640 0.102780 0.501020 9.323000 18.979000 -20.330999
-0.131340 0.024430 0.023328 30.780001 15.018000 -9.717100
-0.024363 -0.070864 -0.033257 -5.389100 -16.330000 -6.386600
-0.130100 -0.184000 0.198160 14.246000 12.269000 -26.445999
0.045955 -0.139440 -0.090281 -24.598000 66.682999 11.238000
-0.099279 -0.087696 -0.013733 -9.439400 -17.945999 -4.705900
0.158780 -0.238550 0.046480 -9.874700 -9.198300 6.122600
0.197390 0.079736 0.287810 21.867001 2.199700 5.977100
0.518960 0.005743 -0.216070 26.385000 2.687900 -17.858000
-0.161310 0.118600 -0.295060 1.062100 -17.341000 20.275999
0.243300 -0.178410 0.220710 0.267650 8.590600 -17.316999
0.139000 -0.258300 0.128690 -15.182000 14.020000 -8.509100
-0.148050 -0.118890 -0.070951 5.001500 5.331900 6.765900
-0.238720 0.190520 -0.193980 31.476000 1.681100 7.908500
-0.255420 0.303260 0.115020 14.040000 -13.748000 -23.613001
0.043559 -0.421570 -0.335320 -4.913600 -7.666400 4.907200
-0.007250 -0.117150 -0.116030 -14.385000 4.294300 6.845300
0.168880 -0.046969 -0.159200 -7.646600 -4.734600 -1.592500
0.346470 0.214780 0.062649 14.047000 -35.640999 17.025000
0.009926 0.397510 0.121190 2.028900 -2.106700 -4.097600
0.263880 0.247640 0.042228 9.995100 17.204000 -9.110400
0.170800 0.006801 -0.128950 8.654100 -8.239400 -16.841999
-0.112580 -0.026497 -0.063089 -34.603001 24.865000 -0.152130
-0.102090 0.001447 0.011268 7.009500 25.768999 5.921700
-0.049113 -0.342250 0.692450 -5.061100 -15.214000 43.976002
0.187250 0.148880 -0.182980 -4.015500 -7.385900 5.121000
-0.395780 0.055032 -0.118520 19.674000 -14.390000 12.514000
1.197800 -0.013327 0.270250 5.237500 3.398100 2.036900
-0.551190 1.083200 -0.373060 5.208800 -7.072800 3.921800
-0.465830 0.007305 -0.532510 -5.041400 0.605880 -9.079500
0.042943 -0.060058 0.202000 13.748000 -16.924000 -22.625999
-0.365840 0.308220 -0.021551 -3.515100 21.254000 -14.807000
-0.875060 0.833770 0.826080 16.802000 -6.159900 -6.633700
-0.281640 0.243840 -0.141850 10.962000 -1.500200 -1.074300
-0.079137 0.158350 0.094686 3.812000 -8.556500 6.542000
0.069004 0.027774 0.149770 -0.910430 2.485600 35.215000
-0.352670 0.298330 0.145410 -3.005400 -4.454700 6.047500
0.360520 -0.040414 -0.351670 10.552000 -0.409280 -21.534000
0.021599 -0.146780 0.095199 -8.793500 -14.405000 -7.815100
0.041223 0.116480 0.011270 -14.602000 -8.991400 -0.692000
0.112350 0.015616 0.146540 6.403900 7.389200 14.854000
-0.046993 0.047089 0.181020 1.991100 11.206000 3.463000
0.970010 1.332800 1.798000 20.353001 24.938999 28.021999
0.074346 0.113790 -0.069998 1.030300 -8.086500 -8.781000
-0.271070 -0.503850 0.144820 20.160999 24.420000 0.648850
0.057151 -0.162340 0.123920 17.222000 -9.136700 18.605000
-0.032253 0.155090 0.077646 16.790001 6.914300 -9.227400
0.296900 0.007126 0.118900 -10.025000 10.856000 -20.326000
0.427720 0.052471 -0.122410 -8.962500 10.263000 6.951800
0.130810 0.117610 0.081807 24.917999 20.537001 -24.513000
0.069486 0.148770 0.189750 -10.829000 -11.113000 -9.662900
0.317910 -0.021763 -0.011415 -3.666900 -0.321490 10.566000
-0.174140 -0.028955 0.384560 -5.757100 -14.262000 -12.627000
-0.057103 -0.008232 0.198080 8.608800 -7.637800 -7.088500
0.247390 -0.104370 -0.003920 -30.993999 -9.699100 -7.100300
0.231150 -0.116400 -0.393830 5.875700 1.537600 2.654300
0.161250 0.006100 0.098390 3.235000 15.262000 -29.124001
-0.141810 -0.210070 0.085369 -5.849200 6.475400 -5.862300
0.787340 0.106580 -0.219880 -4.156100 7.718500 2.931800
0.324370 -0.302990 0.040842 2.315800 -14.507000 -9.768600
-0.101340 -0.157370 -0.117660 9.320800 2.829000 6.496900
-0.056075 -0.060413 0.010075 -3.941900 -7.619500 -11.838000
0.076152 -0.030875 0.090344 0.360950 6.528700 -2.056700
0.066061 -0.020966 -0.032135 13.401000 6.297300 26.419001
0.152850 -0.067535 -0.143940 -8.208300 -10.100000 1.668800
0.142200 0.096012 -0.071332 -6.233800 9.375400 -36.367001
0.085018 -0.055979 0.084975 12.231000 -12.042000 13.709000
0.111560 -0.067563 0.133120 11.698000 2.198000 -0.383260
0.025810 0.016442 0.051479 -5.687700 4.908600 -15.104000
-0.009646 -0.009088 0.314320 11.151000 -5.866900 27.958000
-0.027865 -0.206670 0.016558 16.445000 -5.760100 1.401900
0.269370 -0.616630 -0.438110 -14.554000 14.259000 12.978000
-0.452400 -0.493610 0.760290 0.494340 -5.803500 10.032000
0.424320 -0.580920 0.057799 -6.184200 -4.227400 -4.044000
-0.168350 0.057222 0.436050 20.820000 5.309900 -11.512000
-0.001610 0.018392 -0.222530 4.173800 -5.867200 -23.646000
0.108320 0.255310 -0.089809 9.673400 32.971001 -30.110001
-0.091610 -0.124570 -0.207370 0.900840 -8.067100 8.991700
-0.794400 1.275000 0.115660 2.680900 -8.443700 4.090700
-0.225960 -0.515500 0.045336 -18.104000 -20.639000 1.721800
-0.152940 0.122460 0.131720 3.476200 -1.160900 9.199800
-0.325160 0.072258 0.497930 1.836900 -3.205300 -0.013712
0.130420 -0.195950 -0.127740 9.819700 -4.137400 21.775000
-0.170020 -0.198190 -0.057487 11.646000 2.803700 37.799999
0.016693 -0.192840 0.039034 -9.853800 9.141000 2.309800
0.064941 0.189150 0.130640 4.035200 -9.563700 -19.327000
0.133340 0.042777 0.039731 -0.248980 7.389500 19.454000
-0.174390 -0.211080 -0.074928 -10.632000 -5.197300 -4.552200
-0.133480 0.205220 0.010347 -49.742001 51.497002 24.216999
-0.069463 0.186510 0.120960 -16.684999 -22.450001 5.299900
0.323380 -0.530430 -0.105620 21.606001 -0.884770 -13.954000
0.024971 -0.105230 0.065776 4.343200 -24.430000 26.506001
-0.005879 0.083406 -0.023649 -1.633400 3.967600 2.630000
-0.213280 0.133600 -0.115930 -25.115000 6.983600 -3.163900
0.045329 -0.108120 0.236380 15.564000 5.127300 -18.433001
0.252040 0.006118 -0.388420 -7.854000 -0.080203 1.364400
0.324000 -0.131070 0.307520 11.924000 12.028000 -0.579550
-0.186460 0.322730 0.033514 5.544000 -7.691300 -4.404200
-0.211860 -0.059776 0.244470 17.730000 -1.793200 -1.568500
0.025904 0.377980 0.304970 -4.687000 -3.689500 -2.751800
0.203240 0.226170 -0.026013 -4.154400 -22.381001 -10.696000
-0.225100 0.249670 -0.054793 6.986600 -25.452000 10.248000
-0.151900 0.437120 -0.609070 6.879800 11.959000 -5.969900
-0.485080 -0.014570 0.125910 -15.331000 -2.164200 0.757570
-0.201540 -0.261320 0.012223 6.379500 30.832001 17.059000
-0.188600 0.155600 0.045652 -7.086800 -1.204700 7.717800
0.212360 -0.190160 -0.129210 7.413800 5.043100 4.685700
0.035163 -0.089783 0.022976 8.918900 -18.910999 -7.161700
-0.023926 0.086964 0.029806 -9.026100 -16.297001 12.658000
0.081013 -0.011046 0.025643 19.579000 -13.019000 12.124000
-0.132370 -0.137600 0.162640 0.522770 -14.663000 -22.000999
-0.147430 0.139100 -0.259060 -6.105800 0.127520 -37.917000
0.065127 -0.060386 -0.015701 6.029900 -2.532600 0.869940
-0.544380 -0.412520 -0.356960 5.645400 4.695600 15.680000
0.539740 -0.344150 0.401170 10.507000 -1.194300 15.746000
-0.042147 0.381350 0.273860 -11.591000 -7.470400 -10.039000
-0.109800 -0.014521 0.065913 -13.480000 -12.302000 -1.407100
-0.156650 0.047835 0.162820 9.164900 19.139999 -14.433000
0.074999 -0.227290 0.066521 6.622500 22.850000 -3.708600
0.103360 -0.113690 -0.102720 0.521540 18.924999 -9.905400
-2.735100 -0.210320 -0.852010 -6.297900 -4.271600 -2.666000
1.589200 0.997470 0.889920 -15.288000 -13.816000 -10.525000
-0.047448 0.220920 0.357290 -5.488700 22.430000 24.502001
-0.109080 0.284160 0.247070 33.456001 -4.751200 -13.899000
-0.028824 0.049703 0.047358 -21.806000 35.898998 38.297001
-0.091460 -0.030917 -0.003820 3.954300 1.467400 -7.280000
0.032665 -0.205850 -0.129090 -2.316400 -3.739500 -10.185000
-0.071016 -0.111660 0.052418 -15.046000 0.416800 10.607000
-0.070231 -0.079297 -0.172610 -18.507999 -7.829000 3.023100
0.078602 0.017473 0.039329 11.698000 3.800100 6.740600
0.114690 0.145150 0.033437 -13.331000 -1.202700 4.495400
0.211180 -0.141650 0.135510 -14.794000 8.239000 -14.212000
-0.021970 0.064978 0.035456 -5.128900 -5.882400 11.734000
0.026411 -0.208380 0.149370 -1.919500 14.050000 -1.291900
0.251700 0.855880 0.036930 21.962999 44.650002 0.968580
0.050787 0.050207 0.088216 4.168200 8.153200 19.587999
0.419480 -0.247840 0.401200 -8.074200 -0.924490 7.191100
0.088824 0.101750 0.044641 10.069000 -10.361000 1.398500
-0.746960 0.033957 -0.253160 -10.705000 3.656500 -20.510000
-0.026816 0.051633 0.119460 -0.909730 -13.690000 9.011000
0.053092 0.067691 0.115000 -5.337700 -4.566700 -6.174600
-0.275860 0.180930 0.030862 -0.195570 -17.858999 -17.025000
0.302220 0.421430 -0.196870 -3.235100 5.180300 -1.772700
0.497060 0.325040 0.551340 4.403700 3.018300 9.500000
-0.362460 0.047480 -0.147390 -21.117001 16.525999 -22.406000
0.025819 0.316390 -0.242790 1.642300 8.934100 -2.290000
-0.120830 0.196730 -0.219710 7.813000 2.870800 -4.355100
0.032748 -0.117960 0.056262 -0.281700 -4.819900 -8.349500
0.170450 -0.236620 0.008917 6.301500 -7.847200 -6.583300
-0.848350 -0.063726 -0.762140 6.892000 7.044800 7.688700
0.256420 0.024874 0.142370 -16.830000 -16.061001 -14.596000
-0.041039 0.301550 0.131930 14.523000 -5.066500 -4.633600
0.458880 -0.147230 -0.090369 -13.694000 2.275200 13.543000
-0.062743 -0.000309 0.321460 4.406800 -22.462000 27.711000
-0.103540 0.140400 -0.098769 7.604700 22.330999 15.562000
0.003335 -0.151330 -0.103980 11.621000 13.206000 -13.004000
-0.253810 -0.037281 0.199860 36.507999 17.457001 4.675000
-0.253010 0.303190 -0.078572 -2.949500 -5.470400 11.162000
0.541340 -0.091165 0.064117 14.875000 -7.957500 13.085000
0.061536 0.887840 0.282980 7.665800 6.157700 -7.399100
-0.132320 0.367680 -0.305550 -5.005800 33.970001 -23.716999
0.235550 0.092683 -0.151160 -25.878000 -33.264000 3.764700
0.251640 0.112900 -0.314530 -4.056500 -13.453000 18.179001
-0.002811 -0.184860 0.082025 -9.690300 -16.975000 4.537000
-0.129300 0.169110 0.086860 -5.342300 1.044100 -3.223500
-0.015585 0.263970 -0.151130 6.637300 -3.585700 5.042700
-0.147330 0.526140 0.019404 -8.759200 7.263500 1.748100
0.025808 0.148350 -0.179770 -5.677700 -7.591500 24.044001
0.108790 0.133730 0.178690 6.140600 8.720300 -6.793400
0.042490 -0.379350 -0.085301 -10.456000 9.681900 4.148700
-0.977480 0.299760 0.053528 -14.105000 12.673000 -3.987200
-0.388240 0.023364 -0.012297 8.209500 2.926500 -1.734800
1.154900 0.020405 0.122610 -16.493999 -3.316000 8.292600
0.146570 0.065034 -0.186250 -14.503000 3.917000 -4.277700
0.251090 -0.150660 0.216920 -13.478000 6.706500 -9.245800
-0.205980 0.030686 0.034799 -10.403000 0.607640 -8.580200
-0.034800 -0.350040 -0.694780 9.281600 17.275000 20.368000
0.156190 -0.287210 -0.156520 -13.017000 7.078700 -17.850000
0.004654 0.354940 0.076595 1.245500 -6.942600 4.516600
-0.034044 0.184010 0.203110 5.300700 -5.456300 -1.133700
0.053876 -0.055010 -0.073335 29.730000 -13.415000 -1.787000
0.138640 -0.070593 -0.185770 12.200000 -19.306000 -6.930900
-0.017996 -0.036345 0.043246 11.357000 -17.420000 9.389300
0.927660 -0.481760 -0.755470 -5.468700 10.597000 -2.615200
-0.230470 -0.185830 -0.276270 -15.289000 -15.891000 4.426200
0.665120 -0.200240 0.179050 -19.097000 1.584800 -14.629000
0.230170 0.118170 0.128820 -1.520600 -6.110800 2.459600
0.199720 -0.049227 0.064024 5.573300 -0.642930 -3.985500
-0.195820 -0.044947 0.079798 -3.468700 7.607900 9.793300
0.133000 -1.447400 -1.022100 -3.100200 -5.578200 -7.737300
0.137800 0.169190 0.132050 -7.589600 -14.396000 -18.101999
0.366090 0.221860 -0.282740 -14.642000 -2.856900 2.344100
0.075363 -0.227870 0.172800 -9.827900 -0.152860 0.734810
-0.171140 0.099937 0.078311 -9.163600 15.288000 -11.751000
0.213500 0.059839 0.062998 -1.431000 6.430500 4.330400
0.293170 -0.873140 -0.320550 -1.855200 -3.118300 -0.131370
0.178080 0.310160 0.116000 11.704000 28.747999 -19.216999
0.047370 0.076304 0.028323 -4.255000 4.597300 0.644740
-0.593040 -0.732760 -0.373160 -1.707300 -13.162000 -3.425300
0.746750 -0.376130 -0.453020 20.789000 -10.523000 -16.843000
0.002342 0.154980 -0.105680 -3.121600 63.750000 5.337500
0.472290 -0.254300 0.049916 37.042999 -26.892000 6.917700
-0.230260 0.666150 0.312470 0.947210 -31.931000 -9.913400
-0.140870 0.306470 -0.295360 -7.252300 15.776000 0.900550
-0.213830 0.103430 0.018575 -25.794001 9.642800 -50.105999
0.120500 -0.362190 0.203550 0.080132 -8.295200 14.319000
0.253620 0.165390 -0.166980 -15.818000 23.789000 -15.155000
0.368880 -0.021797 0.258780 -2.009900 1.738900 -2.269100
-0.461620 0.852670 0.707130 14.033000 -33.755001 -24.747999
0.106220 -0.112990 0.118370 11.996000 -16.757999 4.440700
-0.297570 0.250880 -0.100830 -14.216000 -0.661760 -4.484200
-0.044453 -0.031896 0.076582 -26.813999 -1.054100 6.194800
-0.061360 0.231970 -0.158180 29.627001 -24.493999 10.614000
-0.192830 -0.566060 -0.247280 21.409000 46.925999 31.500000
-0.296030 0.468740 0.004856 -1.550700 3.424200 15.485000
-0.188830 0.024882 0.404700 2.982700 3.349800 -8.230200
0.348590 0.354110 0.578110 -8.739900 11.966000 -9.379300
-0.149050 -0.108910 -0.221240 -13.727000 -2.278300 -2.871500
0.016172 0.319280 0.114990 12.070000 24.238001 -22.924999
0.001489 0.094079 -0.069553 -7.039900 26.226999 -19.485001
-0.123180 -0.016277 -0.021501 -15.482000 -16.676001 -3.918700
0.318520 -0.651750 -0.138270 8.093900 -2.245100 -1.284700
-0.181030 0.423240 -0.611590 -12.543000 9.937900 -6.357000
0.074379 0.008172 0.043050 -8.777100 19.896999 -5.353100
-0.129900 0.268650 -0.231020 17.388000 -18.591000 15.915000
0.175650 -0.204800 -0.085096 -1.395500 -4.812400 10.149000
-0.317520 -0.026327 0.175450 -6.526300 8.350100 20.907000
-0.587940 -0.727740 -0.205760 -5.097100 2.527600 -3.447800
-0.126920 0.052994 0.042641 31.533001 23.153999 15.845000
0.038996 -0.056537 -0.056863 -6.679800 -17.275999 -5.433200
0.150420 -0.061230 0.252800 -1.237200 -9.587900 3.665900
0.047736 0.027773 -0.104110 -5.765100 3.067800 13.745000
-0.112480 0.144440 -0.024046 -28.349001 25.385000 12.669000
0.026237 -0.173250 0.171600 -1.634800 -3.825900 22.100000
0.042114 0.209230 -0.195710 9.229100 -6.091500 -17.315001
0.110360 -0.061637 -0.217540 3.966200 8.936000 9.333600
-0.215070 -0.032582 -0.052600 5.102500 -0.783520 -0.297940
1.339900 0.755400 1.275300 -7.831100 -4.237400 -0.543390
-0.161220 0.047713 -0.315970 -11.383000 5.531000 -9.046900
0.025309 -0.055191 -0.056749 4.417000 -20.945999 -3.498000
0.136140 -0.146800 0.076131 -4.893900 0.101400 13.923000
-0.000338 0.509420 -0.455020 -3.062100 -3.938700 -3.788400
0.185350 -0.071742 -0.034627 -0.501270 2.173500 -2.593700
-0.132300 -0.657360 0.110700 -24.174999 -32.562000 15.952000
-0.085701 -0.341010 0.328650 -12.015000 -17.997999 13.002000
0.028207 -0.142740 0.111920 3.209200 -3.125200 9.621000
0.145990 0.165200 -0.956100 2.071200 2.721300 -14.120000
0.148760 0.008723 -0.024974 -22.195000 -8.538500 14.659000
-0.108350 -0.108280 0.034343 -4.703600 -0.225750 -2.722700
-0.569620 -0.106980 -0.192690 20.669001 -4.437300 6.878600
-0.219520 0.526010 -0.220770 -4.470000 9.268700 1.470500
0.144440 -0.227650 -0.084078 15.588000 -9.415700 5.608500
0.052543 0.035015 -0.118420 -7.325900 13.155000 -21.177999
-0.219220 0.021900 -0.114000 -8.101700 -25.958000 -8.870600
-0.232380 -0.241590 0.241350 -24.202999 -5.386000 6.826300
0.245180 -0.008691 -0.533240 -5.147300 -4.675700 -0.341950
0.016196 0.557110 -0.234760 -3.833200 -2.702600 2.839700
0.220420 -0.252890 -0.282740 7.352000 -14.481000 4.992500
0.160320 -0.070293 -0.261910 -6.465700 6.467700 1.373100
0.231830 -0.085727 0.146490 4.373100 4.877100 13.358000
0.011511 -0.076913 0.165000 -17.934999 8.917700 5.176500
-0.856550 0.767770 -0.151480 -21.670000 21.559999 -6.512400
0.133580 -0.171080 -0.069475 4.171300 -0.464850 9.082600
-0.474540 -0.365510 -0.593730 7.491600 -2.971400 0.901320
-0.253760 0.137950 0.052918 0.620000 -4.586200 -3.370600
-0.130620 0.798620 0.106870 11.700000 -45.057999 -2.612900
0.071495 -0.066319 0.096548 -10.745000 -2.455500 1.030100
0.023599 0.147840 0.205740 -18.292999 -7.997900 -9.426600
-0.261330 -0.336420 -0.181340 5.033700 -11.713000 4.053300
0.233750 0.643910 0.504780 -4.389400 -3.006800 -5.888800
-0.128180 -0.015633 -0.023755 4.644100 4.461500 -8.616300
-0.075790 -0.031305 0.198790 -0.841130 2.051100 -14.437000
0.085474 0.080475 0.037870 -4.669800 -6.403900 -8.528700
-0.127640 -0.044218 0.002915 -0.462070 -2.838800 0.554470
0.309350 -0.146080 -0.097969 23.837999 -6.209300 -7.681500
-0.158370 -0.350350 0.298260 -7.085500 3.086800 1.767600
0.198680 0.217860 0.215930 -15.478000 2.118400 -4.573900
0.323770 -0.237640 0.125890 1.296700 2.847800 3.028700
0.010506 0.256750 0.322110 0.376630 -4.315000 1.412000
-0.220210 0.173810 -0.004185 -5.482000 7.505200 -6.988300
-0.061264 -0.077843 0.035481 4.958400 3.396100 -6.937800
0.105960 0.278900 -0.289240 -7.183300 7.925300 -1.822700
-1.711900 -2.133200 -1.043800 5.694400 14.566000 2.883600
0.064443 0.243920 0.291200 -10.961000 0.774050 4.034900
-0.125560 0.188260 -0.044395 -5.875900 -1.982700 10.067000
0.006958 -0.029571 0.130910 -9.872700 4.739700 -7.502700
-0.229990 -0.362350 -0.108560 -6.128800 -9.558400 -5.102100
-0.100800 0.018469 -0.012377 -8.288300 -16.882000 12.021000
0.100510 0.095088 0.108940 40.577000 7.695800 -5.232000
-0.256710 -0.094434 0.056567 -2.489500 -0.642880 1.395200
0.029354 0.202120 0.171140 3.922700 17.714001 -8.459500
0.114550 -0.035296 0.135580 -0.485420 0.453070 24.107000
0.229770 -0.025172 0.307340 -8.536700 2.520800 -3.725800
-0.362760 0.583780 1.365500 5.327900 -21.615999 -28.840000
0.097928 0.398490 0.344420 0.260650 -8.349800 10.793000
-0.216500 -0.100780 -0.165090 20.138000 17.427000 6.401800
0.053874 0.114820 -0.126150 -5.404000 -3.628200 -9.888000
-0.380060 0.343060 -0.590030 2.869500 7.342400 1.608600
0.199190 -0.328130 0.055308 12.970000 24.115999 1.899700
-0.045053 0.042450 0.030053 -6.759900 -7.420600 11.040000
0.308190 0.132450 -0.134670 -4.557600 5.978700 -0.108030
-0.223100 0.081012 -0.029942 4.904700 -4.867600 9.603500
-0.100980 0.071929 -0.105210 -11.393000 7.324500 4.031300
-0.084045 -0.185090 -0.009598 -6.982100 33.469002 13.800000
0.110610 -0.115080 0.029300 7.528300 2.171500 5.071700
-0.029502 -0.066757 0.017818 0.608030 -10.968000 -5.652800
-0.039276 0.188440 0.167520 -5.744900 -1.757400 9.700200
0.789000 -0.140980 0.074367 -39.068001 -3.176000 -3.543700
-0.765360 -0.417640 -0.176840 -50.764000 -40.229000 -8.901400
-0.026530 0.098016 -0.007786 -0.650620 4.200900 -21.563000
-0.344420 0.321750 0.380700 -4.912500 12.914000 12.035000
0.018750 0.226240 0.131280 15.869000 -11.712000 11.402000
-0.156490 -0.108780 -0.100320 5.277500 3.181700 -23.129999
-0.260360 -0.166800 0.230490 -22.195999 2.470900 17.091999
0.061013 0.405530 -0.216630 -5.566500 -21.298000 10.260000
0.106310 -0.126420 -0.058128 1.900300 -10.510000 -0.285330
0.063468 -0.003765 0.097470 10.050000 1.816600 -0.504820
-0.168030 -0.095767 -0.313880 3.483600 7.549500 2.444900
0.062250 -0.027248 0.001224 -13.446000 9.971900 -5.860300
-1.045000 -0.231660 0.355680 4.522900 2.396000 -3.298900
0.103670 -0.202690 -0.469430 14.476000 -7.334400 -28.728001
0.274110 0.088102 0.723450 2.236900 -8.436700 -3.970300
-0.379300 0.077889 0.144540 4.121100 -8.958800 3.140000
-0.507870 -0.294370 0.035612 -40.692001 -21.635000 14.872000
-0.138780 -0.024294 -0.606020 5.520400 0.194810 9.841400
-0.120700 -0.022337 -0.124320 -12.324000 -1.902700 -51.088001
-0.453640 -0.311270 0.159900 6.583400 -2.269800 4.582100
0.048251 0.143940 0.150340 5.088900 4.527100 -7.939900
0.172050 0.018769 0.372140 -21.153000 5.279300 -7.516500
-0.022730 0.288280 -0.044235 9.145400 -31.716000 13.015000
0.624450 0.383870 0.078634 10.924000 25.820000 -7.271400
-0.049367 -0.002879 -0.004740 11.501000 22.881001 11.528000
-0.263460 -0.387490 -0.310410 -2.631900 5.186700 3.301400
0.244660 0.145710 0.028118 5.247300 22.636999 -1.450600
0.027374 0.604070 1.330100 -0.565370 -9.366100 -16.120001
-0.055213 -0.028850 0.272500 7.939400 -8.303700 19.398001
-0.019526 -0.450030 0.300440 1.257700 -34.160999 6.995900
-0.102960 -0.015904 -0.319260 1.657500 3.022000 16.063000
0.019012 0.165660 -0.177210 -5.553500 -2.924600 3.107800
0.126560 0.041781 -0.024755 12.927000 -4.009400 -8.841900
0.170360 -0.084916 -0.471150 -10.926000 -2.394400 -0.623490
0.007103 -0.028506 -0.078221 -5.123100 6.833100 4.228600
-0.158290 0.358900 0.313310 -9.137500 -3.919600 -13.765000
-0.070467 0.250190 0.282900 -3.828800 5.818700 3.231400
-0.178880 0.025868 0.331330 -10.448000 -10.835000 9.927800
-0.050393 -0.192290 0.123700 5.267200 3.068200 -0.874570
0.331200 0.028281 -0.224180 25.055000 -3.825900 -21.045000
-0.305500 -0.355030 -0.083059 14.299000 3.767300 6.358200
0.142580 0.130100 -0.080630 -0.207140 1.900500 18.863001
-0.140850 0.464480 0.329610 -12.761000 0.927830 -4.455100
0.098173 0.117440 0.145430 15.883000 9.752200 31.794001
-0.050864 0.157050 0.048582 -27.933001 -8.861600 1.914300
-0.030711 0.817110 0.214060 5.212600 2.354700 -7.741300
-0.333170 -0.146070 -0.299050 0.353320 12.262000 12.162000
-0.031901 -0.018648 0.014924 -13.796000 2.371300 5.034700
-0.139700 -0.008950 0.023940 1.152200 1.887000 -10.152000
0.272230 -0.344690 -0.080269 -12.336000 -1.929400 -7.662300
-0.228100 0.346100 -0.043188 -4.582200 -7.065200 -11.138000
-0.046369 0.081848 0.228160 3.849400 -8.416700 -6.840300
-0.014695 -0.220780 -0.304100 0.738860 0.780990 0.379880
-0.113580 -0.053114 -0.052786 -8.372600 8.551400 -0.811440
-0.281990 -0.047856 -0.192040 11.448000 -5.935200 -0.812780
0.099137 0.098284 0.045889 -0.091543 5.801800 -15.032000
-0.000747 -0.127650 -0.175150 -10.617000 20.301001 9.618600
-0.163270 -0.084868 -0.062454 2.446200 14.637000 7.588200
0.049244 0.179040 0.124450 -21.797001 -9.029700 2.129100
0.056269 -0.065443 0.323250 1.323700 -0.611790 2.723900
0.181710 0.035397 0.098412 -7.999000 4.385300 -10.853000
-0.045961 -0.042524 0.162140 6.394800 -0.127530 -7.589500
0.037403 0.122520 -0.057387 -5.783300 10.831000 -28.698999
-0.291750 0.060287 0.023856 12.381000 8.205600 2.517800
0.010718 0.180790 0.199680 -11.933000 35.028999 -15.889000
-0.152740 0.059692 -0.012268 -0.645350 -9.416700 1.985700
-0.182380 0.223780 -0.052924 5.748800 -17.362000 -9.367000
0.152530 0.253860 0.043279 -9.204900 8.067500 4.405100
-3.361100 2.764900 2.325600 17.544001 -14.240000 -10.397000
0.246330 0.062849 0.103470 11.518000 -0.243290 1.926200
0.243570 -0.174670 0.198670 -14.514000 9.712400 -4.737700
-0.358940 0.033526 0.059445 6.460600 2.972300 -3.390900
0.089647 -0.131300 -0.013942 16.601999 -8.364000 -0.341380
-0.190880 0.193380 -0.000443 6.442300 7.562800 -9.558900
0.036218 0.663360 -0.038531 2.448900 15.025000 0.491090
0.279930 0.043838 0.109320 17.364000 -4.956200 2.884100
-0.072634 -0.204160 0.035413 9.358800 24.298000 -13.089000
-0.093106 0.192410 0.181210 13.598000 -6.554300 -15.880000
0.212630 -0.192850 -0.231410 11.089000 -19.023001 -11.535000
0.134030 -0.236120 0.220230 1.966400 10.211000 -14.068000
0.210180 0.164840 -0.021950 9.478000 -2.832500 -8.297200
0.285410 0.322680 -0.251270 -3.030700 -0.122240 -3.599300
-0.472120 -0.008088 -0.480610 3.691400 -0.194570 4.968200
0.137430 -0.267770 1.476200 -1.441300 -4.514800 -3.241900
-0.019732 -0.068143 -0.095191 0.327210 -1.121100 -9.778600
-0.023856 -0.095123 0.009633 7.026700 19.511000 2.869700
-0.067934 0.590920 -0.006708 -6.126200 12.735000 6.092500
0.086204 0.109080 -0.223200 -20.584000 2.739800 -13.139000
-0.221570 0.035563 0.145840 -4.439300 11.645000 -10.216000
0.013089 -0.300930 0.455870 13.973000 -18.709000 1.083700
-0.011551 -0.178160 -0.704990 2.374800 11.722000 62.828999
-0.120680 0.000038 0.151130 -11.566000 -5.379600 10.358000
-0.060308 -0.116450 -0.159730 2.934000 -26.417000 24.110001
-0.024421 0.060562 0.118390 -8.765700 11.095000 6.802300
0.003172 -0.141670 -0.222900 -2.685000 25.069000 -9.271700
0.143050 0.536460 1.329200 14.239000 18.082001 43.293999
0.255570 0.007326 0.092510 8.702300 -36.804001 20.549999
-0.183850 0.195020 -0.069817 -5.752800 16.985001 -15.387000
-0.093788 -0.156970 -0.100080 8.366200 34.043999 -6.672700
-0.168920 -0.070689 0.147110 -13.235000 12.683000 0.221180
-0.369380 0.381600 0.102860 20.419001 17.091000 0.076983
-0.103740 -0.066686 -0.008601 38.456001 30.731001 32.650002
0.291470 0.231660 -0.364540 4.203700 8.814600 -17.381001
-0.625280 -0.904810 0.000982 4.365000 18.138000 -8.846000
0.245560 0.346810 -0.542830 2.677900 -8.450100 -4.288600
-0.078480 0.365460 0.240690 -16.465000 -30.014000 4.201500
-0.150180 -0.025483 -0.011739 31.013000 9.921400 7.137900
0.022079 0.008796 -0.079925 1.929000 9.957900 5.702000
-0.101830 -0.007255 0.117400 10.315000 -4.374700 -3.088400
0.136950 -0.301970 -0.285970 -2.070500 3.105900 24.761000
-0.099902 0.413750 -0.806360 -7.149100 28.337000 -41.066002
-0.014975 -0.085447 -0.070774 1.988400 -0.360880 3.027300
-0.126700 0.002919 -0.015984 -22.341999 2.450600 4.224500
0.010729 0.558120 0.390730 2.345100 3.554800 1.132800
0.451960 -0.075479 0.512620 16.631001 5.947400 15.180000
0.212030 -0.028384 -0.605410 10.731000 11.523000 -0.369210
0.023488 0.190090 -0.104010 9.639000 10.230000 8.016500
0.177550 -0.071676 0.086557 1.012700 -0.122270 -2.200000
0.044251 0.059343 0.014037 -12.900000 -2.888700 -0.910200
-1.954900 -1.023500 -0.397730 -13.403000 -1.173600 0.782620
0.056312 0.019168 -0.165170 -30.320999 32.078999 6.840800
0.153200 0.111450 0.503680 -1.353000 5.348200 -9.115900
-0.111000 0.005233 -0.357740 3.840300 17.601999 0.674630
0.073417 0.098945 -0.121860 -4.766900 -9.094300 -3.044600
-0.023452 0.383190 -0.140330 5.022400 -27.090000 4.130700
0.127500 -0.049680 0.290540 3.691200 5.052400 7.450800
-0.386070 0.023943 -0.363910 -18.899000 -3.495300 -23.850000
0.232300 0.633420 0.046374 -2.127600 1.601500 -12.715000
-0.603950 -0.670220 1.383600 9.602000 12.415000 -33.337002
-0.103330 0.437090 0.614940 -7.352300 -1.515000 10.451000
-0.032657 0.082894 0.000745 4.395500 -9.652900 -3.758900
0.065188 0.083597 -0.157160 12.473000 -10.281000 -4.285900
-0.444400 -0.232470 0.400740 12.375000 -11.474000 1.803900
-0.160550 -0.232230 -0.351620 -6.040000 -9.713700 -12.565000
-0.040375 0.173380 -0.034329 -31.398001 71.594002 -25.297001
-0.100540 -0.382200 0.706030 -0.784170 -4.311400 13.926000
0.011143 0.269800 0.083784 -1.726600 -10.378000 -8.666400
0.158590 -0.013500 0.202680 6.706700 12.418000 6.582400
-0.064011 -0.172090 -0.017554 -3.784300 3.081400 -7.695000
0.042405 -0.109400 -0.110470 -7.116500 11.791000 -20.882999
0.371560 -0.074252 -0.123980 25.792999 6.710700 13.600000
-0.474160 -0.039451 -0.284770 22.507999 -3.764700 2.064700
-0.009258 -0.023181 0.015590 0.147830 10.142000 2.370300
0.156870 -0.424610 0.117720 -3.434000 -6.489200 -1.720500
0.209620 -0.920070 -0.779950 -0.992830 -11.890000 -5.901700
-0.069072 -0.376500 -0.083554 -11.163000 -8.745300 -0.047984
0.277170 0.036699 -0.182770 -10.119000 4.672900 -2.174400
-0.036970 0.104590 -0.169560 -29.739000 14.642000 -9.855300
-0.204410 -0.094400 -0.230000 4.546400 4.756100 -3.140500
0.141450 -0.026038 -0.174630 14.776000 -1.228800 5.435600
0.008000 0.228950 0.221950 -23.441999 -19.652000 20.488001
0.023573 -0.208530 0.064828 -46.560001 21.577999 18.089001
0.207550 0.605770 -0.887660 -9.062700 -13.266000 33.005001
0.047440 0.113080 -0.122980 -6.148500 3.875700 -3.988000
0.081730 -0.054044 0.443390 -3.065500 -0.365950 3.863300
0.108030 -0.094872 0.257120 9.499900 -2.717500 -21.792000
1.660900 0.293530 0.608290 22.834000 0.797540 3.002500
0.117630 -0.058255 -0.165330 4.178800 -2.414300 13.588000
0.366700 -0.609020 -0.280250 -11.915000 -35.231998 3.659200
0.109130 -0.745300 -0.692350 -3.244900 -13.705000 -9.196200
-0.311810 -0.073026 -0.086871 -1.226700 -30.785000 -3.500500
-0.357810 -0.174620 -0.198590 -40.953999 -16.931000 -4.185300
-0.112450 0.042642 -0.181280 -3.833100 4.220700 2.114500
-0.003441 -0.035104 -0.010402 3.551500 0.492040 1.385100
0.230050 0.033808 -0.211750 -3.090900 -1.142800 10.600000
-0.080405 -0.088820 -0.010693 2.966900 7.252400 33.319000
-0.119370 -0.220210 -0.065131 -10.985000 -17.914000 11.747000
-0.011954 0.160600 0.328630 -0.198100 -9.825600 -5.798700
-0.270580 -0.079859 0.096346 23.514999 -2.029100 -11.237000
0.172280 0.657270 -0.081358 2.475100 3.359600 6.477100
-0.076865 0.222310 0.032336 0.225210 -0.509310 0.432340
0.168910 -0.031955 -0.078800 -29.150999 -8.884200 8.702000
-0.002858 0.005799 -0.133830 -3.395600 -0.197310 3.462400
0.007218 -0.015790 -0.075565 10.686000 19.820000 1.183600
-0.250070 0.071682 0.021778 1.940900 1.386400 3.471700
0.149690 -0.334280 -0.099336 -51.196999 47.202999 7.397600
1.889300 -0.259360 0.777770 -50.641998 6.300700 -13.935000
-0.325910 0.373670 -0.565210 7.732700 -8.691200 7.758000
0.008692 -0.027065 0.117500 30.500999 -7.717600 42.386002
-0.207180 -0.153970 0.065460 -26.702999 -1.708300 -0.770870
-0.056160 0.092366 -0.020701 -13.204000 -0.406280 -1.733600
0.039689 0.014353 0.133330 15.897000 -4.319900 -7.638700
1.267300 0.013580 -0.390100 43.001999 -1.804600 -12.873000
-0.037553 0.096277 -0.500270 -0.940140 0.675150 15.312000
-0.151570 -0.168260 0.315600 11.006000 3.554300 -25.514999
-0.037947 -0.100780 -0.032535 -3.089800 -3.132400 -6.571700
-0.080982 0.138160 -0.220460 2.865700 -2.329900 -19.978001
-0.283340 -0.128120 -0.642290 -16.465000 10.929000 -18.551001
0.087453 0.175750 0.177250 -3.057700 -15.048000 31.996000
0.004766 -0.136380 0.597070 5.680300 6.640400 -19.368999
0.021688 0.479180 -0.193300 -2.562900 -10.834000 2.566500
0.073012 -0.049172 0.054942 -17.528000 1.313400 12.875000
-0.015041 0.034174 -0.159590 45.053001 35.324001 -83.963997
0.218120 0.049983 0.054234 2.272700 -2.575900 -0.587010
0.177410 0.348470 -0.074585 -13.304000 -31.165001 -1.722400
0.236410 -0.041952 0.019230 23.070000 -5.980900 22.329000
-0.144970 -0.098262 -0.155880 10.780000 18.030001 -4.550400
-0.372040 -0.185200 -0.013200 -9.580800 8.787400 -4.127800
0.394800 -0.046125 0.185320 28.959000 -12.932000 20.459000
0.059697 0.122880 -0.052615 -1.366300 17.421000 -5.949500
-0.056002 -0.165440 0.111630 -5.719200 6.793400 -9.327900
-0.143620 -0.658310 -0.048834 -12.614000 -56.230999 3.911600
0.354650 -0.173950 -0.286430 13.314000 1.218300 2.554400
-0.180840 0.061776 -0.187280 9.590100 0.538030 6.420400
-0.527490 -0.061976 0.093914 3.661300 3.089700 0.934180
-0.282380 -0.043050 0.133280 -6.722200 -9.192700 -6.446900
-0.422370 0.318860 0.269240 -9.025400 5.038900 4.352800
-0.409100 -0.340640 -0.142310 -15.317000 -14.439000 -19.889999
-0.009512 -0.278810 -0.460110 2.235700 1.757200 -8.407400
0.254440 -0.016579 -0.006686 7.830900 19.507000 -15.166000
-0.052050 0.612360 0.337870 2.473300 -19.287001 -0.985550
-0.109830 0.107870 -0.219480 4.918400 -0.300580 14.556000
0.620390 0.669860 -0.734260 24.000000 27.385000 -42.151001
-0.069585 -0.045498 0.053795 19.225000 24.275999 -36.224998
0.197120 -0.033737 0.051821 3.274000 11.164000 -17.351000
-0.339870 0.165250 0.310650 7.362000 -4.999700 -1.619400
0.193270 0.062705 0.158520 50.495998 -13.787000 9.922100
-0.164750 -0.061499 -0.386050 0.831320 15.502000 4.886900
0.123890 -0.325170 0.233780 6.763500 -0.194030 7.053500
0.072672 0.227820 0.203000 -5.119500 5.655200 17.010000
-0.034833 0.140580 0.241540 -52.839001 -5.282100 -7.712300
-0.819960 -0.616280 0.193340 21.511000 9.878800 -8.859600
0.177680 0.029657 -0.212330 -1.968100 6.383100 -1.093600
0.274960 0.031245 -0.061686 -12.324000 7.868400 12.575000
-0.240790 -0.152870 0.012940 9.825300 9.107300 -6.755300
-0.025595 0.089489 -0.012159 5.758600 -2.378000 -7.045900
0.309780 -0.160400 0.100900 12.158000 10.452000 31.938999
-0.334600 -0.387790 0.200500 8.525500 1.578000 4.845500
-0.051422 0.150200 -0.162260 9.099400 7.157700 1.653300
-0.138190 0.091922 0.202810 16.490999 -20.179001 0.101550
-0.071020 -0.254080 0.281480 0.981940 5.954000 1.882000
-0.113310 0.045386 0.091926 3.011100 15.245000 4.472200
-1.023300 0.274770 0.675840 18.424999 -5.176200 -14.578000
0.352040 0.320290 0.044919 3.034600 -8.808200 -6.561300
0.200000 -0.014787 0.009372 -5.610400 -9.272200 -1.701800
-0.668910 -0.363010 -0.081653 6.878000 5.181600 3.988600
-0.059686 0.043907 0.157510 -0.988630 -21.534000 15.797000
-0.141310 -0.004278 0.106400 3.169400 3.268100 13.632000
-0.201430 0.310840 -0.706840 -4.240300 -8.921800 -1.795300
-0.236230 -0.348560 -0.294400 4.487000 -4.298200 2.624900
-0.008364 0.066692 0.040900 35.228001 50.581001 -3.623100
0.056789 0.270200 -0.247990 -7.373900 0.013488 10.108000
-0.094191 0.203560 -0.204220 20.885000 -1.101200 -13.863000
-0.380850 -0.010226 -0.021064 26.018000 -16.514999 -12.931000
-0.128430 -0.169400 0.098163 -7.758500 -1.078600 4.588200
-0.896730 -0.712410 -0.859860 25.320000 24.742001 12.807000
0.129330 0.070393 -0.102040 0.966190 -8.914100 8.488000
0.112430 0.028090 -0.106520 0.986610 -13.212000 14.308000
0.219700 -0.085738 0.258580 17.908001 6.648900 17.882999
-0.537310 -0.176420 -0.490940 5.771200 -1.589500 2.609000
-0.442650 0.167690 -0.015924 23.142000 -6.962900 12.254000
0.335050 0.248250 -0.333270 -14.822000 -3.134700 16.030001
-0.016601 0.017997 -0.111740 11.024000 -0.396950 -8.208100
0.046091 -0.092016 -0.313110 -2.169400 -34.061001 -9.960600
0.177690 -0.045627 -0.103430 5.005400 -2.443000 6.484300
-0.066593 -0.029177 -0.084189 -1.812900 -6.561000 1.256700
0.222400 0.154510 0.623880 0.371830 -2.296000 0.859690
0.121680 0.026227 0.000339 -14.837000 -14.852000 6.432400
0.079362 0.287490 -0.032322 2.125100 19.195999 5.651200
0.322540 0.212200 0.143000 1.745800 -24.836000 -3.890400
-0.163370 0.082063 -0.024788 0.625800 13.956000 7.541700
0.087119 0.232570 0.175570 -2.414000 16.537001 1.856900
5.433800 4.208500 -6.968100 -2.251900 -1.511900 2.638700
-0.088392 -0.121050 0.177490 6.826200 -6.856000 -10.685000
-0.108860 -0.047949 0.013069 15.754000 11.028000 -20.037001
-0.196440 0.092517 -0.069026 -6.006500 10.009000 12.280000
0.000818 -0.041916 0.235750 -2.123200 -8.158700 -2.581700
0.065552 0.060895 -0.057295 -25.764999 8.953600 -2.504700
-0.044931 -0.194480 -0.298000 5.329400 -0.567400 15.065000
-0.025208 -0.038739 -0.024372 -6.169600 -0.748880 3.242600
0.661190 0.213990 0.074318 -0.580370 -3.793000 1.209000
0.243130 0.047138 -0.103130 9.418600 -17.745001 0.390060
-1.217000 1.288700 0.174480 12.938000 -13.055000 -0.952140
0.311430 -0.207620 0.023968 -38.917999 12.644000 3.881500
-0.338970 0.049253 0.027415 17.447001 10.446000 -4.719900
1.138000 -0.213360 0.766340 7.765300 5.362700 -11.126000
-0.248190 0.106380 -0.389590 -8.719200 6.286600 -1.250200
0.063300 0.217380 0.177800 -7.959200 -15.197000 -8.920600
-0.241660 -0.197580 0.040203 -25.788000 7.857000 -2.756600
0.095408 -0.333570 0.101810 4.938800 -2.149200 -1.450900
0.228770 -0.079947 -0.412380 14.655000 -8.986900 -2.013200
-0.035292 1.235700 -0.107100 -0.468160 30.724001 -10.209000
0.119230 -0.037148 0.048901 -16.094000 4.087800 -9.681200
0.223320 0.005062 -0.170060 9.806500 -1.999600 -2.745800
0.337720 -0.103560 -0.206200 -10.254000 0.020836 -2.365800
0.535720 -0.695940 -0.056725 -7.046700 1.824400 2.177800
0.161530 -0.166550 -0.298940 -3.599700 -8.389100 25.195000
0.185710 0.039800 0.060595 7.485600 2.009200 -9.553900
-0.390490 0.236710 -0.104560 -7.299000 3.916200 -5.060500
-1.878100 -0.038035 -0.309940 -20.936001 -6.242500 -9.455000
0.296630 -0.222630 -0.418700 -4.738700 23.497000 -5.791600
0.160230 0.013629 -0.148190 -11.335000 -8.817700 6.165600
-1.128000 -1.821100 0.141750 12.784000 27.211000 -1.626700
0.127370 0.250410 -0.066000 -0.521040 -14.269000 20.781000
0.133690 -0.076819 -0.060846 -22.301001 18.041000 -0.040086
1.371100 -0.156970 1.269900 -10.739000 -3.898600 -13.959000
-0.136090 -0.093178 -0.223020 3.778600 11.785000 7.727200
0.127840 -0.593620 0.520270 -10.215000 2.466300 -3.794500
-0.080381 0.213000 0.054539 7.082100 -4.741000 -5.455700
-0.306630 0.014855 -0.011573 -6.075600 8.575800 3.523000
-0.796240 1.003000 -0.382670 2.725500 5.082600 0.030191
0.342860 -0.078151 -0.175040 20.068001 -11.049000 19.552999
-0.108300 0.094661 -0.229380 2.977300 2.415700 -8.669000
-0.068497 -0.054885 -0.043247 -11.588000 -15.453000 0.911190
-0.634080 -1.023000 -1.118700 1.237800 1.548700 -1.458700
-0.058083 0.243490 -0.068986 22.181000 -8.540200 0.680520
-0.106250 -0.128820 -0.234820 8.126000 -4.343500 -14.255000
0.073278 -0.211580 -0.076400 0.095532 -6.571400 0.130150
-0.111840 -0.143700 0.346110 -10.565000 -8.947100 3.280500
-0.418090 -0.085582 -0.249170 20.799000 6.445400 21.274000
0.076441 -0.021721 0.069546 -7.595900 3.761900 -8.827900
-0.280570 -0.196660 -0.220340 17.525000 13.225000 22.061001
0.220040 0.184150 -0.445350 2.180500 -7.149400 7.146900
0.040517 -0.194920 -0.048739 -15.690000 -4.389400 1.087300
-0.097948 -0.018618 -0.023066 29.846001 -9.344100 4.307600
-0.768730 -0.178980 0.371200 14.622000 4.950100 -6.343200
-0.092465 0.103850 0.358920 12.979000 -12.119000 -13.453000
0.164650 -0.098589 0.102140 9.835900 -8.627700 -9.014000
0.604770 0.017524 -0.339650 18.207001 8.018600 -0.414550
-0.283720 0.032655 0.494200 -20.639999 3.489800 18.139999
0.124420 0.240040 -0.198600 -22.146000 -14.130000 22.815001
-0.165460 -0.302780 0.023502 22.035000 29.061001 -3.959800
0.017875 0.192290 0.161600 3.840000 -8.833700 -14.523000
0.164940 0.293280 -0.263070 -2.664400 -2.855600 -4.287800
0.053360 -0.019016 0.477940 2.109400 8.458700 -12.028000
-0.224840 -0.286190 -0.455540 10.521000 7.859200 14.468000
0.242260 0.184060 0.000954 -12.834000 -0.846640 -5.624900
-0.069503 -0.035859 -0.019483 -3.037200 -0.990030 -4.791800
-0.452320 0.287410 -0.251440 8.754700 2.724700 6.892400
0.091872 -0.077385 0.073284 -18.104000 11.284000 -43.173000
-0.215440 0.148390 0.128310 7.159300 5.291400 -3.643300
0.013422 -0.015374 0.007969 3.863300 -26.296000 -4.549800
-0.387180 0.223870 0.142860 10.506000 6.734600 8.488700
-0.061949 -0.327250 -0.110700 -23.059999 -9.975700 1.376000
-0.370960 0.008859 0.020333 11.225000 0.337710 11.047000
0.043141 -0.198240 0.116060 -33.548000 27.750000 -21.913000
0.259990 -0.173170 0.329020 31.134001 -6.234000 58.134998
-0.411870 0.250440 0.066943 -16.813000 15.763000 3.623500
0.015991 -0.072613 0.179870 -0.302730 9.625800 5.690200
0.064284 -0.062100 -0.081392 -12.858000 -6.126500 -11.293000
-0.337190 -0.162510 0.175830 13.395000 7.216300 6.141000
-0.332930 -0.732370 -0.835600 -8.193100 -1.395500 -7.759800
0.039792 -0.006571 0.291190 -1.892900 3.039600 -11.861000
0.009797 0.303530 -0.132980 -8.966900 16.535000 -0.576120
-0.157960 0.322890 -0.524580 5.930200 -4.573600 7.665700
0.286090 -0.011172 0.117610 -2.881100 -9.000600 4.566100
0.045488 -0.017033 0.009967 -4.635900 6.370000 10.178000
0.066112 -0.141660 0.045406 -2.885800 -20.396000 -18.243999
0.084053 -0.236710 -0.629360 -9.632800 25.945000 37.199001
-0.159120 -0.192910 0.478600 1.240800 10.703000 -7.549500
-0.070320 -0.169780 0.048969 -26.858999 12.821000 8.682000
0.579450 -0.352690 -0.045605 10.459000 -15.854000 -4.438300
0.061691 0.106170 -0.064383 -15.196000 -6.784900 -0.594230
-1.270500 -0.042225 0.398700 39.300999 12.881000 -11.978000
0.097456 0.196190 0.234580 -18.579000 -8.571000 -3.822300
-0.020549 0.040572 0.388320 2.467500 -5.699100 4.481600
-0.019890 -0.003261 0.026511 0.381580 -1.191500 -5.285900
0.081885 -0.014165 -0.169080 2.370300 -5.620600 16.893000
0.143610 0.026901 -0.086749 -9.489100 6.157100 5.560900
0.027563 -0.090978 -0.896590 -2.730200 6.047100 -33.214001
0.121210 -0.200940 -0.349970 -1.742500 -6.651000 -10.202000
0.121710 -0.103250 0.244640 -2.476600 17.674999 -1.846900
0.132870 -0.110870 0.062115 8.316600 -5.534000 5.682500
-0.219090 0.085189 0.090787 -3.153600 7.566600 0.877130
0.290270 0.013781 0.164020 -33.043999 1.857700 11.430000
-0.143590 -0.120890 -0.061179 -33.265999 -18.018999 16.188999
0.248810 0.965480 -1.251800 -5.525700 16.429001 -27.163000
-0.353670 0.866700 0.625970 -8.989400 20.075001 17.927000
-0.053044 -0.360290 -0.082924 -12.644000 -19.679001 -15.759000
-0.403380 0.031113 -0.103830 -16.573000 5.812800 -2.905000
-0.178860 0.157530 -0.058686 9.110400 -3.426700 -2.318200
-0.546150 -0.190100 0.288280 -38.794998 -6.522600 26.466000
0.164350 0.322930 -0.160140 3.057600 10.055000 -9.488600
0.196990 0.040472 -0.152770 -7.907300 2.526700 4.275400
-0.097399 0.109350 -0.121430 1.890400 -4.363200 -0.251160
-0.142670 0.045065 -0.135440 10.710000 -5.229800 7.493500
0.182650 -0.001689 0.138860 -5.309100 -13.905000 15.940000
0.223330 0.007824 0.007360 0.563480 -6.919600 6.358500
-0.016596 0.148400 -0.002418 2.490600 10.767000 -18.490999
-0.707690 -0.033778 -1.086700 11.492000 -9.348700 5.883800
0.038893 -0.100950 0.025514 -6.040600 7.423300 -3.006800
0.747850 -0.325010 0.360880 0.442390 -4.437700 4.914700
0.052413 -0.391590 -0.562970 -4.238800 8.701800 -7.085400
-0.049088 -0.148960 0.274180 -13.132000 5.221900 4.373200
-0.134130 0.110930 -0.053184 -3.933700 -21.649000 1.152700
-0.176400 -0.158110 -0.507570 3.906300 6.466300 7.958500
0.033078 -0.032263 -0.057078 -8.264700 -2.856800 -2.834800
-0.012998 -0.158210 0.015115 -0.455850 3.923300 -15.673000
-0.054544 -0.138700 0.232210 2.703800 18.606001 -22.167999
-0.293130 0.136960 0.036055 -11.652000 16.504999 -3.274800
0.398090 0.160910 -0.139940 4.226000 -11.408000 13.007000
-0.051206 -0.114440 0.253110 -3.829300 -1.315200 -4.647900
0.096967 -0.248610 0.155860 4.564800 -0.502200 -10.192000
-0.005826 0.083425 0.109660 -6.865500 -2.125800 26.370001
-0.580150 0.158460 -0.147830 6.255100 2.178900 20.398001
0.596260 0.211840 0.268090 -12.071000 -7.319200 -10.289000
0.262760 -0.018336 0.289690 -32.546001 16.587999 -19.556000
0.211310 0.040167 -0.104190 -39.997002 21.847000 26.000999
0.220310 -0.202420 -0.543010 22.952000 0.109300 -20.922001
0.050927 -0.016906 -0.084806 6.702700 -2.976600 5.742900
0.092946 0.241140 0.168720 7.006100 -17.177999 -8.120500
0.212630 0.270130 -0.074248 -4.957700 -11.313000 -2.363200
-0.070449 0.050379 0.211260 4.241000 -12.909000 2.872500
-0.711920 1.056500 0.201880 -16.400999 39.191002 2.697100
0.208780 1.930200 -0.114240 -1.660400 2.372900 -2.939200
1.080000 -0.369140 2.478200 5.300700 -4.074200 6.115400
1.031100 3.022900 -0.423250 -6.751900 -18.257999 2.621500
-0.056567 0.193970 0.149020 -14.133000 17.254999 -30.325001
-0.027181 -0.089051 0.200560 -4.512800 1.354600 -1.304800
-0.126480 -0.061652 0.071545 -24.525000 -16.187000 7.392100
0.081361 0.171260 0.075414 -6.496200 -4.385700 0.917490
-0.246260 0.006619 0.194020 5.827100 -2.745800 -7.099600
0.337880 0.234790 0.305920 -20.625999 -20.313000 -14.593000
0.122240 0.093774 -0.250000 1.156600 1.693700 7.888700
0.178780 -0.385240 0.549770 4.641200 -7.372500 -25.733000
0.204200 0.236170 -0.172230 -0.831770 -22.344999 22.504000
-0.136210 -0.044007 -0.059133 -12.235000 -3.323400 20.545000
-0.165460 0.204150 0.375010 -15.614000 18.357000 42.980000
0.075452 0.095500 -0.053957 11.665000 -7.348100 -12.028000
-0.204250 -0.096854 -0.303220 17.160000 7.117500 8.642500
-0.625010 -0.041307 0.474900 -20.840000 0.926740 9.959800
-0.114040 0.194870 -0.128720 -12.501000 -4.777200 -1.168500
0.326660 0.176530 -0.062200 -11.019000 -2.904700 -2.972500
-0.274250 0.475900 -0.065027 12.674000 -21.180000 3.188900
0.652500 0.225810 -0.035030 12.004000 5.063900 -2.487500
0.701010 -0.362250 -0.071143 0.365410 6.194400 12.202000
0.385430 0.213620 0.884120 -2.868300 -4.267300 -8.189200
0.892180 -0.001988 -0.789660 4.040500 -3.886800 -4.887400
0.041828 0.169330 -0.165730 -6.279100 16.870001 6.838200
0.084479 -0.045545 -0.017805 -7.722900 -0.291720 3.816300
0.392790 0.140140 0.302850 3.348300 -1.009600 10.980000
-0.127020 -0.035327 -1.072200 5.967700 3.223000 16.242001
0.153200 -0.050823 -0.044993 -28.033001 8.422900 -4.534700
0.084343 0.034692 0.119890 -7.768800 3.991900 -9.003600
0.129210 0.406190 0.282950 -13.857000 -20.188999 -23.625999
-0.275170 -1.412200 -0.419550 -6.201400 3.036500 8.768800
0.155170 0.030836 0.003183 -3.839300 9.772600 1.701400
-0.079562 0.031708 -0.018503 -6.530600 -13.495000 5.385500
-0.183340 0.188500 -0.194270 -2.018000 -4.907100 -0.127790
-0.143690 -0.425230 -0.013226 2.810000 7.985100 -2.463600
-0.055066 -0.081678 0.030966 -0.118060 7.079700 -2.883800
1.057500 0.096978 0.042638 -18.059000 -14.385000 1.170900
0.159330 0.102840 0.201740 -14.470000 -4.983400 -5.310900
0.042323 -0.138410 -0.191570 -0.408120 -10.582000 -23.405001
-0.045797 -0.166820 0.103620 5.516100 7.487600 -17.584999
-0.194820 -0.103890 -0.093638 7.596600 4.931300 6.678700
0.025505 -0.071934 0.126140 -14.267000 -1.726900 6.455600
0.207350 -0.108070 -0.070599 -1.320300 -3.456800 2.599900
-0.015382 -0.048971 0.193060 14.549000 14.958000 -3.129700
-0.908840 -6.240100 6.846100 4.068200 28.775000 -32.851002
0.294780 -0.113820 0.018005 0.945290 -16.990999 -3.836600
-0.139980 0.409280 -0.166330 -3.271000 7.659900 -4.890800
0.305900 -0.595680 -0.339670 18.500999 25.788000 18.669001
-0.230680 0.221440 0.126430 6.250000 3.304700 1.245000
0.108620 0.268140 0.049019 -9.988600 -21.121000 -15.802000
0.120630 -0.153090 0.041506 -3.589400 -9.231100 -0.376990
-0.030788 -0.073717 -0.125850 -7.015100 1.371800 7.644000
-0.047677 -0.248480 -0.099164 -0.403650 -16.952999 -22.594000
0.163500 -0.411520 -0.147370 10.498000 -9.501400 3.881100
-0.181420 0.150000 0.144560 -8.603400 21.798000 27.423000
-0.013838 0.132450 0.316570 7.984200 -14.570000 -2.064100
0.055412 -0.209450 0.014216 2.110200 -0.269740 4.925800
-0.005062 0.086827 0.021111 1.252700 22.173000 75.158997
0.270420 0.278560 -0.025016 -1.241500 -15.546000 -3.878000
-0.121010 -0.029354 0.061903 14.990000 34.828999 -5.569400
-0.013150 -0.182330 0.084002 2.223700 17.066999 2.206500
-0.128120 0.196250 -0.249140 3.542100 -15.468000 20.486000
-0.012367 -0.042797 0.125150 4.507500 -0.055486 10.254000
0.132990 0.124350 -0.634850 -13.817000 -8.141600 -19.132999
-0.007047 -0.129680 0.004745 -49.112999 -31.461000 -29.378000
-0.032242 0.475870 0.037490 3.366400 2.373600 -2.993200
