0.174030 0.036935 -0.179830 -31.983090 -17.368288 5.974289
0.086204 0.109080 -0.223200 -19.496367 2.012312 -16.225027
0.313990 -0.120820 -0.575620 -0.943912 10.558695 18.675897
-0.548010 0.205010 0.153650 0.272745 -0.562942 0.096069
0.113440 0.150180 -0.012876 -0.049792 7.828597 6.572644
-0.044810 -0.059933 -0.155990 -1.294602 -23.918679 15.402809
0.075682 0.215110 -0.160280 9.512214 4.737075 -9.884233
-0.107930 0.119490 0.038412 12.271553 -9.758187 -10.700019
0.328260 0.289150 0.508150 8.678013 12.019317 12.325099
-0.066931 0.399430 -0.103340 -5.536069 -3.898210 2.272760
-0.137130 0.338240 -0.135530 -5.338213 -16.033613 6.969994
0.086751 0.076762 -0.082515 -0.050856 10.472346 27.424723
0.609820 -0.237040 -0.267280 -5.759203 -1.967464 -2.615227
-0.055544 -0.119200 -0.223540 11.839508 -18.401470 1.264820
-0.211080 -0.108130 0.044004 0.403337 -7.395471 -11.776560
-0.308810 0.172180 0.023998 -1.838776 11.652764 -6.529882
0.183980 0.075695 -0.229530 8.407152 -3.100683 14.383922
-0.242220 -0.157230 -0.057351 15.134471 -5.588544 18.686178
0.046214 -0.387820 -0.017826 -6.633013 -16.125663 -0.446492
0.163350 -0.215280 0.144630 1.358287 -21.880361 27.256102
0.344630 -0.268280 -0.002995 26.168503 -39.462277 -7.311859
-0.180850 0.174630 -0.034467 1.658405 -2.962160 -9.606633
0.110870 0.360660 0.481210 9.419026 17.636313 11.331404
-0.171140 0.099937 0.078311 -13.668524 13.072135 -10.940422
-0.059544 -0.213200 0.087473 11.318229 18.350675 -16.842461
-0.004309 -0.103900 0.284680 -24.786214 -6.370236 -6.730638
0.046329 -0.025693 -0.170420 -9.016638 15.425554 -11.258168
-0.107640 -0.032508 0.106870 -3.834058 2.170160 8.864112
0.837760 0.786060 0.269790 -37.842511 -32.721749 -25.599851
-2.299300 -0.340270 0.804570 36.664312 5.959135 -12.848517
-0.152210 0.273370 -0.117650 23.018482 9.040506 -0.763011
0.200510 -0.243360 -0.347770 -7.843176 1.741121 3.404253
-0.302760 0.029189 0.277580 -7.742964 9.617869 9.966278
0.572950 -1.095200 0.346270 1.327954 2.458378 4.086350
-0.202900 -0.589800 0.788230 -7.299084 -18.393856 31.274479
0.042693 0.013056 -0.044533 -12.921520 -2.848712 14.231040
0.448600 -0.105880 0.005546 -3.355361 -6.094996 4.254722
-0.044785 -0.164480 0.116210 -7.351600 11.573960 -11.624841
0.247940 -0.062191 0.117000 -1.691725 11.017214 -1.435545
-0.097483 0.217850 -0.049439 -4.920703 -15.429557 0.420303
0.105640 -0.223910 -0.273770 7.467277 -3.429642 6.783248
0.094764 0.051629 0.058431 3.212598 -14.332089 3.281822
-0.150910 0.126400 -0.015591 -9.327656 2.199526 10.072599
0.018553 -0.151400 -0.165280 -2.828000 12.280806 4.750283
-1.445800 -1.079800 -0.273820 -25.254568 -10.733439 -5.209828
-0.274850 -0.084441 -0.192080 8.272365 -3.124212 -5.535192
-0.339470 -0.523790 -0.175260 1.265457 -1.655088 -13.408343
0.308910 0.177510 -0.269340 -1.127887 18.887967 -19.420061
0.134720 0.123900 0.079088 -16.939773 -23.581223 19.434086
0.229260 0.051117 0.016448 3.676222 1.613740 11.648774
-0.040108 -0.065931 -0.209240 4.716695 3.259936 13.260573
-0.203590 -0.134090 0.153820 -0.305300 -6.070889 -10.515866
0.267070 0.259040 0.512560 9.201651 16.599392 26.769290
0.018854 -0.418770 0.202940 -5.245112 11.898598 -2.928061
0.197570 0.202100 0.266900 1.979025 5.680044 -10.110643
0.062638 0.025077 0.005494 -9.864998 -17.304061 2.122765
0.176960 1.106200 -0.025772 -3.845553 -6.571426 -9.705794
0.208230 0.183600 0.011418 -8.946088 11.916825 0.503202
-0.064256 0.048884 0.160640 -2.546044 0.835064 -10.502479
-0.010339 -1.044600 -0.866830 4.001760 -3.134683 -0.329708
0.147790 -0.060058 -0.104350 -4.055976 18.460603 -1.016788
-0.101030 0.119720 0.006110 28.817208 -35.692318 -26.962474
0.737000 -0.242830 0.010729 3.784407 8.735942 6.551167
0.242160 0.061232 0.043176 -1.928451 16.163609 -7.750868
-0.171650 0.753850 0.401640 16.963106 4.137753 -6.688267
-0.287990 -0.156800 -0.032298 17.760351 9.919944 15.190291
0.654530 -0.000049 0.345080 -7.856925 -1.763896 -4.881620
-0.019705 0.098222 -0.096214 8.700119 2.521370 -5.253086
-0.121080 0.372410 -0.009872 -7.565276 4.500448 20.240737
-0.308860 0.350420 -0.085434 -3.496296 6.193291 -3.427495
-0.125270 0.044866 0.113790 -0.652078 20.725802 -5.574534
0.221080 -0.160740 -0.232220 2.718255 -3.129875 8.937908
0.011987 -0.019887 0.240740 3.826088 13.649071 -4.588498
0.110820 0.003302 0.164230 5.793447 14.086988 -12.035627
0.767130 0.605430 0.644000 1.399435 -0.188937 -4.728053
1.330800 0.614080 -0.153900 -35.183580 -19.075021 8.622890
-0.019106 0.136700 -0.031150 2.784405 2.084309 -11.933409
-0.000499 -0.149040 -0.075017 7.118921 1.745188 -2.363334
-3.411400 -0.714290 -1.456200 23.439877 7.409609 7.214486
-0.091553 -0.591080 0.010472 0.797698 -8.645731 5.199814
-0.036410 -0.012466 -0.021261 13.862820 7.244900 -0.231474
0.181230 -0.065726 0.071511 -8.708896 6.633289 18.001739
0.090420 -0.188100 -0.250930 -20.058883 6.175772 25.865329
0.265790 -0.205690 -0.110910 -33.419191 14.257563 34.882689
0.006037 -0.074493 -0.118110 -8.425818 13.643628 -6.221907
-0.354680 -0.150160 0.094291 1.216746 -8.975331 1.393595
-0.086002 -0.296830 0.104390 9.938762 3.709263 6.945066
0.111430 -0.005719 -0.023404 15.265719 -10.678239 -3.587752
-0.082114 0.179520 -0.143190 8.272220 -6.426051 26.606360
-0.032074 0.012134 -0.167290 13.279372 23.491179 5.024477
0.310120 0.503160 0.755720 2.431430 4.456213 6.230012
0.242590 -0.375480 -1.129500 5.499089 -2.439707 -7.060244
-0.231870 0.128270 0.129140 7.248013 -12.726766 2.954909
0.428840 0.663450 0.126560 14.654463 11.261645 3.084652
-0.047608 -0.475170 0.424790 0.749422 -0.566233 -21.524499
0.316690 -0.110070 0.216170 -14.221119 -13.535569 10.875275
0.274960 0.031245 -0.061686 -10.183547 8.787300 11.202452
-0.263390 0.075251 -0.147480 26.821599 -12.024548 9.057069
0.077146 0.372150 -0.417660 -10.815572 26.455064 -10.522976
0.200120 -0.090694 -0.019054 -0.353325 -0.625569 22.990511
0.229380 0.249090 0.073854 -5.996866 0.284915 -4.109622
-0.165750 0.250950 -0.280360 -17.475404 2.556732 1.986538
-0.585250 -0.515740 -0.083585 -14.106111 -15.987786 1.766532
0.154140 -0.093125 -0.024119 -0.319596 -5.029445 16.149473
-0.107220 -0.065279 -0.093471 -6.481933 -16.716596 -1.523559
0.261000 0.057453 -0.030488 -5.947259 3.926241 -16.045443
-0.056510 -0.202030 -0.005122 3.329505 25.815597 6.425196
0.872810 -0.373340 -0.419220 -7.961100 11.454591 2.007924
0.061191 -0.311680 0.278550 5.559697 0.888837 -1.033153
-0.138200 -0.044304 -0.037529 -8.073922 1.017781 -0.906323
0.007412 0.308120 0.132610 2.941669 18.330937 9.240421
0.126740 0.271710 -0.095435 -11.911947 17.203504 2.587454
-0.228120 0.296070 0.311380 -23.100553 14.929989 12.887708
0.164140 0.038352 -0.001934 15.266107 22.532310 -0.194062
-0.717320 0.093056 1.125700 22.593314 -11.970308 -37.477255
-0.199980 -0.043891 -0.013439 8.289100 -10.673824 5.418739
-0.131380 -0.041401 -0.058617 37.737719 -15.799411 -1.934828
-0.050393 -0.867640 -0.128650 -1.629279 7.788433 9.530123
-0.046855 0.054546 -0.142000 -4.608198 9.088224 0.514629
0.633020 -0.130510 -0.222170 -22.071283 -0.440208 13.687148
0.064091 0.146350 -0.090577 6.353950 20.983116 -9.777771
0.346220 -0.119300 -0.312850 -16.344333 15.722479 6.441782
-0.270760 -0.269730 0.089908 -7.901914 4.567715 6.825647
-0.080598 0.110810 0.019683 -1.028998 9.480632 1.598910
-0.653060 -0.129230 -0.386330 5.535237 7.306676 6.073666
-0.336120 -0.150490 -0.116870 -27.894201 -19.477396 -2.496817
-0.192830 -0.566060 -0.247280 16.826960 45.329222 35.992934
-0.403040 0.059616 -0.145280 9.230726 11.840301 -13.839886
0.327310 0.068980 -0.088114 4.182894 -1.930898 11.965137
0.109830 -0.090142 -0.233480 -6.108558 -17.611190 -2.831882
-0.403380 0.031113 -0.103830 -19.118268 -0.249996 -5.783498
0.747850 -0.325010 0.360880 1.798793 -3.019692 5.625955
0.026682 0.059384 -0.114970 31.650851 -69.916217 -50.955829
-0.115510 -0.105910 0.037355 7.003100 3.876392 -3.309109
-0.232630 -0.112550 0.190750 11.158191 11.422843 -12.183066
-0.406350 -0.503550 0.214230 -18.287763 -35.778476 7.255477
-0.486300 -0.054649 0.793740 -7.854395 0.939157 24.803433
-0.158440 -0.639100 0.206640 -3.101900 39.480620 6.000108
-0.368260 0.274600 0.050035 -9.208786 -2.639364 -8.405791
-0.134030 0.259320 0.057861 7.587939 9.826429 6.968962
-0.300160 -0.347930 0.854900 -2.454994 -13.273451 6.300494
-0.090081 -0.075292 -0.058137 -4.779283 -3.816716 8.012137
0.244370 -0.520450 0.084217 19.562798 -25.303407 15.774055
2.181500 4.981100 3.246200 -3.087605 -3.480425 -2.294329
-0.208870 0.075505 0.075706 8.197502 -3.736960 -26.816949
-0.141500 -0.869190 0.628870 1.703030 2.379926 -1.286191
-0.107460 0.188080 -0.033981 -0.713209 2.013056 -5.784160
-0.157180 -0.049261 0.170410 -2.269166 0.586514 15.563230
0.194650 -0.111160 -0.110300 25.559569 -4.250901 11.300805
0.080258 -0.007411 -0.108840 25.260091 9.156873 -20.384317
-0.609060 -0.141400 -0.559390 -12.423844 4.090094 2.144489
2.555900 1.115900 1.387000 4.963883 3.618669 3.202822
-0.329320 -0.009651 0.583160 -28.352160 -3.980282 26.312628
0.524280 0.755310 0.260160 -1.838306 -16.061089 -10.571267
-0.352670 0.298330 0.145410 -1.446029 -6.654870 8.506625
-0.157630 0.188910 0.212870 -26.177979 12.551759 7.362440
-0.193380 -0.221950 -0.726210 9.447276 3.618185 28.755721
-0.184220 0.317600 0.352190 4.206606 -4.912403 14.808282
0.019783 -0.251550 -0.088734 5.428751 -6.752028 -17.085241
0.137470 0.225680 -0.165080 10.639329 -1.693490 -25.716550
-0.007047 -0.129680 0.004745 -54.516853 -25.255374 -26.339396
0.122330 -0.168550 -0.136390 -2.925661 -6.433303 -14.513758
-0.418960 1.089800 -1.143500 -15.223565 16.689593 -20.383032
-0.308100 0.104820 0.016456 11.935501 5.430189 -2.525837
0.015018 0.054321 0.006805 27.971302 3.614698 12.726469
0.082495 -0.088663 -0.150030 -3.255563 -5.907275 -4.751081
0.317560 0.035192 -0.121560 28.716286 7.167074 -12.072092
-0.130200 -0.396750 -0.134410 -15.149464 -44.752703 -7.248254
0.098391 0.040363 0.051203 7.756102 -14.932473 3.688992
-0.533500 -0.316300 -0.029780 -5.554103 7.000844 0.112422
-0.021584 -0.004701 -0.103960 6.555181 -8.236764 -22.978900
-0.272150 -0.148250 -0.308400 -6.189846 -7.802513 -16.261139
-0.373940 0.219430 1.649200 4.823342 -6.585346 -26.213271
0.278860 0.427480 -0.233050 -2.046981 -9.105654 23.223068
0.055813 0.071483 -0.037938 0.753092 -5.404217 -12.260965
0.075088 -0.260680 0.334480 -8.518472 2.978244 5.146183
0.011974 0.062429 -0.013704 3.759481 -19.369973 -1.883793
0.040022 0.362840 -0.526630 4.424113 3.269742 3.772291
-0.362500 -0.273040 0.241500 15.533435 8.663166 -10.802402
-0.386200 -0.680590 0.091323 -14.290926 -11.114269 -6.523452
0.275930 0.027275 -0.009657 -14.008669 7.609786 1.097105
0.025580 -0.130330 -0.294490 -6.131290 14.982933 1.230411
0.211860 0.285180 0.078681 -13.662336 -3.695430 -12.003355
-0.098579 -0.130440 -0.019427 7.833336 6.191762 3.357972
-0.328310 -0.023994 -0.454380 14.568637 -15.040287 16.590845
0.292820 -0.012167 -0.011460 -4.312678 -0.800788 -2.081367
-0.041165 -0.197310 0.071605 -1.765644 7.919029 0.458353
-0.056847 -0.154480 0.370430 -2.561169 51.711054 -12.301467
0.110520 -0.042523 0.057377 -14.391193 14.448650 12.409955
0.064908 -0.277980 0.076454 -20.828209 40.589761 16.727359
-0.197680 0.449070 -0.206870 4.592480 -18.128394 1.445816
0.340400 -0.080994 0.048588 -2.925899 5.143676 -6.652839
0.016347 0.001477 0.002603 8.242056 -13.948127 4.098857
0.088150 -0.168570 0.061380 8.200490 9.757406 0.807704
0.210810 0.145790 0.068289 -3.115323 -7.350185 -22.103043
0.288510 -0.162720 0.066377 -7.488409 -3.809194 9.144605
0.163210 -0.197380 -0.101880 0.467424 2.645441 -0.942179
0.127120 0.110960 -0.052794 3.410686 -0.268302 10.624599
-0.111340 0.142530 -0.096653 2.017148 -9.614775 -2.971196
0.058833 -0.048551 0.184700 25.722390 3.638510 6.114682
-0.258050 -0.078252 -0.098663 12.030996 9.828009 3.644630
0.077037 0.065865 0.011767 -34.878851 -0.590194 24.903363
-0.119370 -0.220210 -0.065131 -11.808673 -17.776131 12.133160
0.026248 0.185660 -0.006896 13.138032 -2.241976 20.528946
-0.077602 0.263180 -0.071336 10.741973 3.761264 0.443782
0.494480 0.139520 -0.579980 12.912233 1.643153 -5.842438
0.051808 0.120930 -0.061984 3.847175 -0.453015 4.100862
0.836830 -0.653560 -0.415590 -26.656981 20.627810 16.039001
0.487760 1.173000 -1.243700 -13.886306 -24.922975 28.669160
-0.253810 -0.037281 0.199860 35.923260 18.449058 6.755997
-0.330350 3.844800 -6.087800 -1.642482 14.502263 -26.449946
0.003503 -0.051286 -0.163820 -16.147091 -8.190012 1.972550
0.456190 0.455450 -0.566030 12.603322 3.824088 -8.285854
0.098499 0.078048 0.121530 -3.989316 15.391072 6.332449
-0.387620 -0.317890 0.391540 9.119760 -10.134889 0.913442
-0.096307 0.117820 0.306040 9.046233 7.868754 -9.910443
0.033098 -0.011061 -0.121130 -0.124202 11.472714 4.292658
-0.004854 -0.018866 0.155870 -9.513085 2.091971 -16.991137
-0.013506 -0.148630 -0.090246 9.884159 14.022827 5.941920
-0.056799 -0.030760 0.032193 3.192956 -1.987211 2.599480
-0.180960 -0.107740 -0.064342 -21.192540 -34.141449 1.372199
0.701710 -0.396050 -0.323400 -1.757984 -2.616251 -0.707643
-0.184040 -0.193440 -0.250520 -1.235008 -4.107859 -4.900710
-0.450160 0.088661 0.315520 12.789251 -0.534674 -6.997669
-0.548480 0.076546 -0.098619 5.464387 -2.459836 2.857401
0.889720 0.239170 1.003200 12.529675 9.021759 17.205482
-0.459680 -0.192590 0.064217 28.969262 -8.047438 -3.675509
-0.049606 0.240740 0.117450 10.357503 2.101196 1.971704
0.058810 -0.280450 0.169690 3.554377 69.007684 -53.137888
-0.028663 -0.045159 0.173910 33.986415 -23.597561 -32.169925
0.054523 0.103440 -0.001065 4.138390 -1.287656 7.715189
-0.147430 0.139100 -0.259060 -3.962477 -0.505874 -38.885248
0.086047 0.226300 0.029476 7.931280 -5.921637 6.636389
0.140240 -0.609260 -0.262150 -5.096773 -0.885784 26.196943
-0.156030 -0.509200 0.986800 7.666990 13.985797 -21.897911
0.706950 -1.005900 0.076986 -3.958074 13.043319 -1.802874
-0.289840 -0.003692 -0.062933 -27.931185 6.928926 -8.645650
0.197340 -0.123360 -0.083593 3.014308 2.862692 -3.696286
0.172210 -0.101060 -0.049059 -21.535397 27.948208 5.696958
-0.024303 0.182550 -0.038855 -11.153289 2.503025 -24.438546
0.256340 -0.182330 -0.352720 -6.071825 4.994100 10.547786
-0.188910 0.157510 0.031301 -12.658978 -19.217669 11.957915
0.177310 -0.046416 -0.276870 5.110653 -6.668632 6.073810
-1.135200 -0.049835 0.610000 -51.391451 2.677774 31.532987
-0.058082 -0.387360 0.096123 -6.992637 9.869429 4.270910
0.225480 -0.123230 0.043294 10.891734 -18.519099 -10.521074
0.664840 0.777810 -0.292620 10.773912 11.211420 1.294809
-0.527490 -0.061976 0.093914 5.108075 -0.227058 -0.231777
0.340330 -0.725370 -0.071859 -4.175710 12.737753 -1.219263
-0.006301 -0.207850 -0.186680 -3.567904 -16.484489 -1.746098
0.788250 -0.099092 0.027770 -4.114931 -9.227298 6.821148
0.115750 0.118780 -0.152090 -6.425236 -17.593037 11.275053
-0.745730 0.755970 -0.399480 -17.326193 24.582455 -9.274413
-0.008754 -0.045819 0.078150 0.667874 -1.993578 -2.891951
0.070313 0.074390 0.099040 14.425844 -24.915975 27.436371
0.132590 -0.171810 0.202750 12.764816 1.755836 -8.461665
-0.361390 -0.125430 -0.295980 3.470713 -3.246776 2.992824
0.048327 0.098044 -0.186970 -10.667148 -17.258162 -4.635394
-0.022730 0.288280 -0.044235 11.452523 -30.279456 18.065450
-0.082725 -0.008289 -0.317340 -1.562623 0.819720 -12.608244
0.114080 0.232220 -0.008934 4.078075 -3.983092 8.842317
0.062643 1.020200 0.666480 -9.575729 -19.689219 -12.331324
-0.044849 0.359110 -0.026478 0.886854 -11.044672 1.988228
-0.221740 0.194780 0.373500 -38.067947 40.834189 24.683664
-0.199730 -0.009300 -0.109840 5.544103 0.073443 -17.203201
0.542770 0.508250 -0.258550 -34.052848 -19.067295 19.498648
1.566400 -0.591100 0.437700 4.368057 -0.135254 0.921462
0.445270 0.246740 0.028672 28.343423 30.740971 -1.884644
0.255350 -0.018219 0.000082 12.071295 24.720109 19.358180
0.011211 0.028259 0.192700 33.900646 -49.310840 -36.292620
-0.062698 -0.194690 -0.130690 -18.383843 -4.683729 7.520974
-0.059108 0.031588 0.077925 -8.683870 1.542880 -22.477753
1.138000 -0.213360 0.766340 8.222967 2.766708 -13.133327
0.032370 -0.118330 -0.091850 9.765607 0.934063 -3.036231
-0.352970 0.162230 0.496940 -6.672819 1.418864 7.609233
0.240420 0.737490 -0.254970 3.404688 -7.278039 -2.325668
1.521700 0.566540 0.801940 50.723093 18.093224 28.310965
0.225710 0.143070 -0.545430 -9.305654 -13.049268 10.263477
-0.674720 0.195610 0.032678 -12.680523 0.394465 -9.487180
0.103330 -0.233410 -0.051105 12.026079 -21.083661 8.363559
0.063405 0.265820 -0.064473 2.842992 2.447219 0.642839
0.086281 0.339400 -0.089627 -11.030016 -0.510998 28.532363
0.560700 -0.190900 1.358400 14.644424 -10.209373 19.531052
0.030397 -0.177870 0.120030 4.628817 -5.733134 5.281438
-0.181030 0.423240 -0.611590 -10.629068 7.579338 -3.237696
0.150060 -0.053790 -0.174300 2.170075 13.118127 0.118537
0.057699 -0.019752 0.062154 7.703445 -11.386322 4.465444
0.503830 -0.041572 -0.166780 4.697879 -8.633464 -3.805969
0.040485 -0.034029 0.138590 -13.535188 -4.859126 -8.276412
0.002698 0.017748 -0.027769 -3.967857 -6.026874 -6.892919
-0.035577 -0.162460 0.170080 9.325318 -39.293713 28.687069
0.005918 0.051481 -0.265080 -8.738949 -9.089602 6.916793
0.205850 -0.379170 0.029946 -0.513889 10.026040 2.330074
0.739620 0.402880 0.421540 3.316430 3.050671 8.728995
0.783190 -0.935370 -0.300020 -25.600069 24.614749 11.882905
-0.394410 -0.649320 0.246690 -4.965907 -17.730974 7.045747
0.049532 -0.149760 -0.142320 -9.652445 -21.812613 -11.931375
0.173660 -0.520520 0.014089 -21.795528 2.054542 -1.270429
-0.149470 0.193230 0.169750 10.494641 3.161234 23.653472
0.122690 0.123200 -0.002680 -14.510845 13.294689 -8.951028
0.011321 0.067409 0.126260 -9.616200 -13.481107 10.465767
0.313410 -0.081062 -0.031806 15.609992 -12.309969 14.968899
-0.236170 -0.053336 0.330550 8.842110 0.767402 4.266229
0.062436 0.011632 0.119710 -8.046636 33.155280 -16.384429
-0.078015 0.014161 -0.138400 3.070280 -1.972395 17.476208
-0.351000 0.072110 -0.228520 -1.361976 11.931123 -19.650068
-0.079137 0.158350 0.094686 1.135134 -9.098044 7.413169
-0.104590 -0.020584 0.071700 5.230428 -3.468430 3.943628
-0.458990 -0.074283 0.037112 13.810067 11.426041 -1.382395
0.152440 -0.032346 -0.341570 -5.272483 -15.834035 -3.835487
-0.502700 0.050659 -0.269330 27.366247 12.964540 -7.975069
-0.061503 -0.019855 0.172200 -4.160484 -1.556920 2.399655
-0.012838 -0.268040 -0.251030 4.538170 -15.805211 3.341956
0.087735 -0.134350 0.351820 11.376033 -5.161355 58.429813
-0.590190 -0.289130 -0.154400 30.303784 -0.179519 6.755212
1.108900 2.755300 -6.255700 7.510412 18.480620 -45.678941
0.049281 -0.068788 0.111830 13.628991 20.905151 -8.620529
0.507680 0.255910 0.656430 -3.198693 8.394689 14.343063
-0.084058 0.133760 0.156060 1.544050 -6.594016 10.486532
0.029677 -0.176060 -0.151730 -1.188599 5.539763 9.968592
0.066077 -0.071008 0.009140 2.421977 -4.995919 0.771943
-0.105730 -0.550410 -0.546600 -4.852715 -18.782465 -29.880169
0.073078 -0.254750 0.678810 -0.767385 2.858609 -26.117123
-0.151560 0.028749 -0.056962 -2.880749 5.995980 -4.810828
-0.871480 -0.096565 0.199340 -8.782974 1.893206 8.660239
0.022063 -0.226110 -0.129480 -10.219427 6.292433 -12.951814
0.112800 -0.118850 0.062856 -3.175922 0.701724 -7.501506
-0.765360 -0.417640 -0.176840 -49.320573 -42.305840 -5.513379
0.197590 -0.066925 -0.134390 4.375294 -0.848117 -6.853399
0.026221 -0.202090 -0.006139 9.687055 -9.765284 4.281364
0.114650 -0.159620 -0.116010 2.700153 -3.641762 1.375038
0.118520 -0.023144 0.343740 28.759475 -8.308822 38.667650
0.231750 0.126510 -0.035583 -0.457742 1.840521 0.762640
-0.367730 0.233670 -0.003143 23.467297 2.256042 -4.309138
-0.108090 -0.026961 -0.143670 1.336549 12.534223 9.364749
0.761510 -0.540710 0.773690 0.987794 -1.793942 3.059940
-0.047340 0.222770 -0.145860 3.240652 6.353242 -3.504666
-0.187280 0.051820 0.118650 21.088715 -40.216983 3.579384
0.740510 -1.881500 -0.198300 -16.091792 24.937106 1.800337
0.169330 0.221540 0.457600 24.507998 19.985025 57.381786
-0.239940 -0.265880 0.039133 3.558955 -1.135596 3.238764
0.139880 -0.215050 0.371340 -11.698704 7.172350 -9.720269
0.144590 -0.510810 -0.900680 0.903632 -3.821050 -20.536282
0.148040 -0.388900 0.089270 11.951672 5.316918 -19.352765
0.250820 0.204660 0.525950 19.692086 4.582065 21.793371
0.366060 -0.117040 -0.127620 -9.202565 3.810714 6.675580
-0.331640 0.266570 -0.287600 56.769046 -49.431627 44.790391
-0.421670 -0.645880 -0.070806 1.156695 10.725337 0.714597
0.082611 0.085812 0.024106 -1.617290 1.346204 -17.709919
0.043817 -0.012494 0.080041 -4.823641 -17.562366 -3.381513
-0.240190 -0.172600 0.005310 2.498983 19.127507 -5.172286
-0.137540 -0.035002 0.114930 -4.555766 -4.047370 22.240736
-0.206440 -0.154490 -0.046619 -0.905723 -13.263281 -1.674141
-0.302020 0.273860 -0.032678 -3.216719 14.349386 5.085808
5.433800 4.208500 -6.968100 -2.857923 -5.082798 2.515481
-0.097620 -0.011127 0.176050 11.315428 28.837947 10.551054
0.307160 -0.283330 -0.135150 -21.096053 61.011292 33.634698
0.193680 -0.129450 0.122560 -6.124372 9.816375 2.301032
0.363700 0.260940 0.057555 12.033436 0.735057 14.341765
-0.035435 -0.074360 0.084326 8.532051 7.023370 10.487737
-0.045699 0.009542 0.117690 4.524194 -10.995003 12.125829
-0.049542 0.082823 0.015674 0.795032 -1.436942 18.123163
0.624450 0.383870 0.078634 11.493705 25.495757 -4.978051
-0.027181 -0.089051 0.200560 -3.115431 -0.236299 2.704714
-0.293130 0.136960 0.036055 -14.595922 16.526152 -3.370086
0.125200 0.014745 -0.195940 -2.333174 -9.800162 -13.330951
0.039404 -0.150810 0.060262 2.458860 2.651497 -14.266729
0.091118 0.011456 0.107400 28.364370 28.957206 15.902114
-0.306020 -0.202060 -0.212280 -13.235979 -13.144677 -9.933681
0.041221 0.011755 0.140210 -16.152899 6.913422 6.582210
0.557000 0.010485 -0.266290 -13.553865 -0.520326 15.002398
0.369190 0.781280 0.057828 -9.934266 -27.953775 -2.322467
-1.723000 1.558200 4.986800 -1.259165 3.945065 5.614146
-0.121010 -0.029354 0.061903 14.733845 34.761077 -8.596408
0.053811 -0.139460 -0.386350 5.132303 -6.788843 7.598946
0.322630 -0.204900 -0.342230 -4.175771 7.158480 28.032155
-0.238150 0.033860 -0.628840 -9.609761 -11.828792 4.512527
0.070167 -0.208290 -0.016701 -12.493221 -11.279706 4.218182
0.175390 -0.067169 -1.119700 -7.389615 -6.650879 -36.320504
-0.713430 -0.400740 -0.359290 7.848453 20.727140 4.018859
0.125490 -0.010278 0.130400 -3.623545 -21.136637 -1.613793
-0.945460 -0.690930 0.350410 -7.401286 -6.517605 1.415873
0.080437 -0.078770 0.005064 -3.481039 13.958167 2.574958
0.061313 -0.094849 -0.001797 -5.018989 -10.519355 -4.853380
0.283260 0.043727 0.253890 -4.576441 -15.562937 3.668982
0.135870 -0.102110 0.000963 -7.290430 -3.211133 1.603919
-0.233480 -0.080300 -0.018118 -16.158155 -2.379391 6.246581
0.222030 0.165380 0.414420 -35.207112 -0.249907 10.658973
0.230340 -0.075386 -0.244270 3.106078 -9.161721 14.306763
-0.116780 0.327330 0.168240 3.992635 28.200186 9.565320
-0.284990 -0.196120 0.114360 -23.319598 -0.022688 15.655279
-1.045000 -0.231660 0.355680 2.458334 3.227456 -0.644187
0.069351 -0.475650 0.132700 7.768870 -8.109653 3.209636
-0.304370 0.016998 -0.368800 14.531473 5.927055 -7.164392
0.026476 0.071439 0.033126 10.310272 14.482481 9.508696
-0.004437 0.145930 -0.157310 -29.716279 -26.297553 -37.371382
-0.086530 0.073592 -0.255720 24.636256 23.153636 -0.009528
-0.144960 0.093107 0.044478 -0.220487 20.477182 5.589346
-0.304990 0.047928 0.229270 7.531313 4.647380 -2.156557
-0.107690 -0.058436 -0.037164 4.134476 8.201911 -7.671688
-0.247810 -0.157620 -0.309400 23.905240 -8.161789 11.017086
0.024161 0.001138 0.238090 -7.376049 11.581633 -1.360377
0.331640 0.283520 0.518300 1.876103 5.542662 -15.013511
0.058114 0.110870 -0.006883 19.751422 54.490452 -58.459565
0.287840 -0.014630 -0.219070 5.417233 -1.004227 -6.997655
-0.107980 0.137500 0.056686 0.947219 -22.335069 8.075071
-0.149940 -0.180910 0.101020 2.831565 -2.705951 -11.864976
0.452030 -0.043418 -0.380340 -0.040813 -5.380030 0.266102
-0.023178 -0.369260 0.054585 8.807705 14.112477 -3.983778
-0.045797 -0.166820 0.103620 1.578182 10.574883 -19.097924
0.145300 0.077819 0.141690 34.685545 -0.165531 25.324214
0.337880 0.234790 0.305920 -18.010745 -21.866724 -14.679867
-0.015470 0.181100 0.131010 -9.930698 0.772717 -0.863069
-0.134270 -0.157190 -0.057587 15.716251 15.212763 15.641134
-0.152550 -3.539100 -0.231990 2.628582 22.327382 1.608933
0.225420 0.232460 -0.030617 -17.211376 -38.883650 22.866319
-0.045880 0.061032 -0.049894 33.657728 0.352540 23.660546
-0.412610 -0.192560 -0.051619 4.367218 6.592753 7.209810
0.167810 0.019512 0.083228 3.513754 -2.644728 3.931700
0.099156 0.096007 0.128340 2.954775 1.024054 5.377295
-0.146690 0.469660 -0.177090 -9.350562 -14.597846 5.078803
-0.956690 0.013647 -0.085118 24.385624 -7.843862 -3.094630
0.083729 -0.285530 0.074235 -0.680382 -1.250509 -12.764067
-0.109150 0.837860 -0.044880 1.735003 8.981204 -1.265826
0.362340 0.088339 0.054212 -11.479920 11.407172 -12.424466
-0.153910 0.054762 0.058675 22.972395 0.760341 35.463605
0.068285 0.259650 0.094683 2.874136 -20.244508 -8.722591
-0.045579 0.013975 -0.391920 11.833223 -8.041796 9.923761
0.207450 0.549410 0.075749 -6.083392 -38.277419 3.965995
0.075819 0.160080 0.010248 -7.874481 18.490011 3.504817
-0.006770 -0.006533 -0.070065 21.049845 16.177646 -31.357283
-0.362670 -0.387970 -0.111580 -18.300212 -13.326246 -7.823594
-0.112390 0.122000 -0.069611 -2.418293 6.402709 -17.602309
0.151340 0.231490 0.088150 -6.347808 3.041987 4.638698
-0.977480 0.299760 0.053528 -13.124746 11.299389 -3.428441
0.291470 0.231660 -0.364540 6.515371 10.700374 -13.382323
0.376900 -0.173750 0.663410 1.268876 10.760870 4.948115
0.174460 0.755580 -0.110080 -2.844640 -5.625013 3.570501
-0.043300 -0.073204 0.380470 -14.033562 16.487333 -32.709909
0.179870 -0.430010 0.057196 4.818465 16.237065 0.814145
0.157080 -0.008706 -0.035301 24.621124 -14.993036 6.154902
-0.273360 -0.213800 0.289420 3.082124 2.826119 -1.360857
-0.508040 -0.318370 -0.049324 21.243393 22.286911 -8.744579
-0.113640 0.048968 -0.244410 7.228984 7.282012 -33.962564
-0.317670 -0.151090 -0.029105 -33.950547 -3.176782 10.861475
0.014762 -0.071485 -0.119000 11.128164 13.296213 21.170736
-0.044135 0.045352 -0.030762 10.439142 10.964766 -2.190418
-0.062055 0.009195 0.019883 4.347202 11.153127 -13.423377
-0.427010 0.059823 0.384930 4.630284 -17.220560 3.251298
0.142600 0.763310 -0.404860 0.675967 -8.491545 1.156420
0.134880 0.140820 -0.008967 5.840033 -0.499263 -6.240622
-0.273610 0.288370 -0.322440 14.174905 10.743815 -2.743032
-0.122170 0.104220 0.026463 4.460203 5.480713 -5.231483
0.076995 0.005119 -0.036041 1.042426 2.709033 -8.792062
-0.747180 0.146150 0.030206 -35.835827 -2.024413 12.926147
-0.077638 -0.152750 0.236810 -7.548473 -6.284393 14.002825
0.077535 -0.792220 0.802180 1.695531 11.531410 -14.070514
-0.202610 0.065594 0.057684 23.167097 19.187793 5.329759
-0.108840 -0.103510 -0.038269 12.809548 -13.367303 11.238797
-0.130770 -0.013996 -0.006965 -33.579800 21.307488 -0.765900
0.040702 -0.035054 0.045183 5.685010 -2.168480 -22.625327
0.068112 0.175850 0.109480 -2.285488 10.359304 -5.116183
0.059946 -0.189100 -0.170800 3.141437 -11.296866 -0.188716
0.126800 -0.042417 0.190400 18.680118 -18.906540 -2.375071
0.112860 -0.020343 0.273310 6.974550 -6.650489 5.595339
0.490000 -0.197770 -0.479050 -29.511969 19.555906 15.045990
0.211900 0.528040 -0.102850 9.321826 24.200082 -9.209793
0.098173 0.117440 0.145430 16.072407 12.457670 31.449336
-0.451530 0.582780 0.615150 -15.459307 -9.803054 12.162452
0.057007 0.530190 -1.009400 5.086022 6.126413 -9.908371
0.064346 -0.013419 -0.014708 0.939731 -0.791325 20.956804
0.042123 -0.126900 0.073129 1.238485 -21.807094 -1.535166
0.087578 -0.040423 -0.061364 11.678559 -7.668432 12.918015
-0.054544 -0.138700 0.232210 2.382564 17.776393 -20.094046
-0.831510 -0.387700 0.230250 22.028829 6.760197 -8.689336
0.026445 -0.095840 0.037293 4.554763 1.489426 4.250187
-0.165250 0.202830 -1.319100 1.751875 -8.898137 0.513388
-0.122270 -0.022315 -0.145520 25.482466 2.940377 10.617139
0.047212 0.267460 0.017421 -1.085087 13.756000 3.834982
-0.004095 0.052505 0.038326 -9.714960 -10.327665 -19.680355
-0.027040 0.080481 0.242390 -6.386318 6.433919 10.968283
0.052365 -0.245210 -0.212740 -12.866915 -2.382891 1.486052
0.675680 0.150740 -0.212970 -11.669361 6.636983 2.195612
0.134320 -0.286460 0.100830 0.304267 1.222013 -1.205710
0.298560 0.145560 0.274110 -18.087528 -1.013890 -11.403122
-0.052869 -0.128730 -0.059406 1.795481 18.958462 -1.093631
0.294380 0.302440 -0.439230 -30.074618 -6.716639 32.023235
-0.281990 -0.047856 -0.192040 9.938394 -2.920115 -1.198930
0.116910 0.017292 -0.030099 4.229107 15.955813 8.433400
-0.126920 0.052994 0.042641 28.800110 26.720886 20.642546
-0.433150 1.120600 -1.671300 -5.150810 7.547028 -22.151049
0.068016 -0.163410 -0.360440 -2.352442 6.575084 16.656059
0.081534 0.047200 -0.018140 4.486446 23.832484 -9.666790
-0.040844 0.022455 0.270310 0.510544 0.960292 -17.151773
-0.764380 -0.262170 -0.184970 6.737786 3.402283 -7.171577
0.072447 0.243720 0.041239 -24.891630 -0.317552 1.908959
-0.158460 0.520670 0.031981 -2.934856 0.405562 3.610825
-0.248190 0.106380 -0.389590 -7.043047 8.747473 -0.841148
-0.031754 -0.214450 0.213390 -2.824969 9.815400 -17.306404
0.149340 0.283690 -0.557830 -8.488678 12.139813 -37.150132
0.037022 0.029021 0.090268 11.170108 6.075997 11.471794
0.140060 0.266780 -0.097790 1.841010 18.269130 -2.259376
-0.169030 -0.083609 0.027283 -28.571335 -12.128477 0.440959
-0.223930 0.015670 0.048890 -0.771481 -1.508869 26.987506
0.251910 0.040266 -0.179220 -5.087331 3.494205 4.074798
-0.293080 0.303840 -0.115260 -25.213608 17.019774 20.752225
-0.556600 -0.160220 0.086271 7.662782 8.847599 0.885483
1.048000 0.093671 0.119770 21.285726 -1.420577 0.635338
-0.180150 -0.199840 0.374270 -13.695989 4.751245 -3.798932
-0.218960 -0.251260 -0.281880 0.756062 -10.403474 8.334003
-0.169360 0.390390 -0.077568 -6.812074 3.690407 -3.223600
-0.132720 0.064265 0.043777 -2.922737 -13.618463 -1.324204
0.072807 -0.194620 0.139090 8.207490 0.516460 -24.598964
0.195410 0.241380 -0.239370 17.950953 4.622327 -15.915499
-0.353670 0.866700 0.625970 -7.669736 21.704304 17.193569
-0.019842 0.114720 0.045571 -10.829114 -1.034205 -23.922388
0.204200 0.236170 -0.172230 -1.282108 -19.842295 22.158578
0.259080 0.118570 -0.083862 9.136733 -13.192121 10.217730
-0.376820 -1.120300 0.053716 16.130943 42.772237 -7.789764
-0.217490 -0.104920 -0.239250 -0.869786 -15.188568 -1.886135
-0.024421 0.060562 0.118390 -9.583392 12.187631 9.925662
-0.014932 0.079968 -0.219330 1.859681 -3.081277 -25.071342
0.352520 0.108340 -0.526060 -7.044126 3.214919 2.950079
-0.537830 -0.116580 0.084275 -13.920088 0.991533 -0.487209
-0.013067 -0.315130 -0.362470 12.679879 -6.747918 6.517846
-0.051008 0.066906 -0.098030 15.395749 5.402281 -2.733624
0.121580 0.305640 0.031480 30.870070 38.936916 12.364596
-0.067115 -0.231470 -0.051257 -0.812076 -14.180879 -0.459726
-0.005437 -0.151910 0.004198 9.207385 2.614233 -2.467188
-0.068437 -0.024125 -0.116860 2.767528 -26.323805 15.690083
-0.190940 -0.017313 -0.347050 -1.111598 12.554824 -17.009313
-0.045379 0.095334 0.161790 6.413885 -14.323732 0.922452
0.118920 0.358420 0.166430 16.096355 3.935524 8.266297
-0.002858 0.005799 -0.133830 -1.813910 1.710185 2.222288
0.049944 -0.328400 0.033484 2.768446 -1.619124 -3.384474
0.121230 0.326940 0.051597 1.954452 3.298418 -4.326849
0.221900 -0.195770 -0.142880 1.058126 -23.444768 -12.081338
-2.736700 3.801900 -1.377000 1.471247 0.900770 -0.624366
-0.506350 0.242700 -0.012992 12.477168 -1.335785 -14.573285
0.035504 0.040711 -0.168610 -1.985118 -5.191194 13.520778
0.017031 -0.309550 0.248930 -6.204531 11.911693 -22.024420
-0.115480 -0.021252 0.189680 -9.886374 1.479770 2.956462
-0.154250 0.222280 0.311880 11.669825 4.615346 -12.004068
-0.060766 0.195280 0.091865 14.376724 -24.363420 -6.644775
0.420290 -0.114510 0.051813 9.306988 2.471260 3.985220
-0.069622 -0.167080 -0.117060 6.924740 5.001552 6.047348
-0.173940 0.179540 -0.230130 -6.561016 0.346735 5.148195
-0.013508 0.323360 0.421110 0.055169 -3.670132 -11.956213
-0.047677 -0.248480 -0.099164 1.658985 -20.445494 -25.146662
-0.445960 -0.326630 0.397600 17.153169 -0.354320 2.375124
-0.029341 0.186560 -0.073681 1.347164 12.763683 1.201613
0.170640 -0.046307 0.607030 -18.145402 -3.965046 -4.385225
-0.046494 -0.202770 0.068479 -10.641062 -16.081198 4.213247
-0.903310 -0.112410 -0.120670 43.559446 6.446148 9.055896
-0.239260 0.111330 -0.191720 7.451941 -15.049617 7.167257
0.199010 0.309390 -0.092730 5.496990 -6.751348 1.857656
-0.032475 -0.049636 -0.036494 -20.847099 -5.184652 -0.868838
-0.160580 0.351470 0.091259 14.142506 -10.754919 -9.580700
-0.067567 -0.065104 0.218010 11.418048 2.178764 11.548213
0.031055 0.208280 0.111670 -9.883728 -7.526389 -2.971463
0.185290 -0.145260 -0.007409 12.185524 -10.956369 20.796508
0.081877 -0.212700 0.247810 20.444145 3.314832 8.384948
-0.051422 0.150200 -0.162260 12.796756 3.873320 2.615118
-0.089838 -0.026830 0.079467 -30.475365 11.384047 21.972560
0.045370 -0.162730 0.155360 -8.053264 6.822837 -3.259689
0.187650 0.090046 -0.293540 -1.954481 -8.666082 -13.327962
-0.122950 -0.214470 -0.144460 12.733415 -0.821158 1.922425
0.211820 0.090962 -0.065204 -16.220134 7.992527 13.325026
-0.229420 0.142380 -0.109490 -7.738064 -2.538560 -6.772227
0.038192 -0.161470 -0.026724 8.554394 -0.748745 15.568747
-0.096784 0.061064 0.094776 13.373409 -4.421609 6.617609
0.257230 0.085123 -0.004946 1.090284 6.990245 9.185932
0.081885 -0.014165 -0.169080 3.309361 -5.516606 17.713727
0.089875 0.147360 -0.286870 5.038123 3.342473 -16.656522
-1.836400 -2.140800 0.007166 15.979425 18.342832 3.829659
-0.502120 -0.134650 -0.093838 25.406384 -0.733801 5.697095
0.079674 -0.085521 -0.204380 -0.024796 2.674051 29.180182
-0.251020 -0.163770 0.699080 16.505345 3.584321 -16.843836
0.178760 0.300360 0.461590 3.834320 -2.336392 3.398332
-0.193510 0.075140 0.016566 -9.987020 12.928364 -16.150448
0.051990 0.093913 0.123420 -0.233561 -9.348445 13.323281
-0.024633 0.010619 -0.127210 23.920616 5.934899 -9.429715
0.028268 0.116070 -0.184510 -2.965877 17.256288 3.380871
-0.231750 -0.320280 0.031274 4.988797 -47.436541 21.690204
0.097360 -0.143390 0.320320 5.238105 -3.375183 -14.456238
-0.062621 0.133990 -0.250620 7.787248 -33.910363 26.375089
-0.199440 0.334520 0.245030 1.772868 10.412536 -10.272406
-0.140220 -0.440120 0.776000 -8.061137 6.187496 1.997245
-0.061303 0.090336 0.018409 -4.047808 9.120848 -10.254695
0.120740 -0.399680 -0.126440 1.067304 -6.579858 11.112967
-0.015779 0.195970 0.157310 4.150785 -12.437438 -45.767592
0.550840 -2.091300 0.509000 -1.567569 32.302817 -9.474887
-0.114260 -0.104570 -0.169800 -16.855443 -25.413939 5.671836
-0.001384 -0.164930 -0.257620 -2.279130 -20.391765 3.917791
-0.357810 -0.174620 -0.198590 -37.468655 -16.785787 -6.579216
-0.201380 0.080722 0.016278 19.535288 17.415281 2.952282
-0.265210 0.333150 0.172780 -4.132409 17.312368 3.479002
-0.210950 0.081912 0.045122 0.445400 -6.968449 -1.328160
0.192170 -0.075684 -0.490630 7.481448 7.231708 2.553604
-0.046897 0.336160 -0.502890 -9.062913 25.753388 -46.836406
-0.129460 -0.100400 -0.027361 -11.910735 8.416000 -2.051792
-0.024065 -0.244240 0.108080 5.616036 9.501526 -0.080060
-0.282380 -0.043050 0.133280 -6.376462 -11.077331 -9.589563
-0.016569 -0.006716 -0.212320 4.021251 4.485377 6.228976
-0.308620 0.076792 0.228620 8.882208 -3.375574 -17.977259
0.060125 0.021841 -0.340550 3.753343 6.900518 -17.094211
-0.140580 0.160300 0.207240 2.332972 -10.269923 5.718935
0.563690 -0.140050 -0.499430 9.679599 1.072861 -1.859982
-0.009147 0.117590 0.191750 6.957318 2.504518 -10.628720
0.199560 0.066998 -0.416110 -0.188457 -20.658857 17.842918
0.443010 0.135530 -0.595240 5.396862 23.692325 -4.455197
0.239990 -0.061997 0.001718 -0.232302 -5.178632 16.810301
-0.015709 -0.193770 0.189510 -1.808350 -4.945608 -1.898254
-3.269000 -0.183620 -3.049800 -29.585176 -3.864874 -31.102577
-0.006969 -0.078349 -0.014899 -14.505167 -13.176891 24.687381
0.268300 0.191960 -0.118740 -7.108714 6.385046 -1.347057
-0.439190 0.163190 -0.355290 38.653223 15.010908 22.082858
-0.050879 0.049901 0.324410 -11.032254 2.350312 13.999614
-0.199860 -0.261700 -0.283740 -10.958275 -4.805621 5.637795
0.015136 0.208450 -0.274670 0.077399 -17.003606 1.759309
0.026017 -0.140110 0.150830 -1.512240 16.813880 8.693681
0.135850 0.207070 0.228250 -4.947409 24.111761 20.659753
0.067772 -0.174940 0.146670 3.517870 7.570302 -25.483349
-0.113070 -0.315350 -0.381460 -3.181030 -17.114275 -28.680354
-0.485080 -0.014570 0.125910 -18.227080 -1.734245 -2.681911
-0.303490 -0.430830 0.158170 -1.281770 -22.746538 -1.161692
0.302220 0.421430 -0.196870 -4.928668 2.264094 -5.512850
0.363250 0.441620 -0.316880 -8.937847 -11.719888 12.276316
0.282740 -0.008495 -0.481350 3.873269 3.964147 -6.611675
0.174710 -0.019326 0.103610 14.007191 -3.343843 4.216120
-0.115930 -0.237290 0.032240 -17.700238 -35.249567 10.668029
0.193610 0.042231 0.192750 -15.392508 19.932045 -2.494558
0.004873 -0.238360 -0.123100 -0.076658 2.587444 -3.662745
-0.378630 0.068919 -0.081966 -8.212455 15.553652 9.002021
-0.258500 -0.204390 -0.017240 -31.775351 -25.302883 -12.612117
0.111520 0.396370 0.438990 4.614846 18.181428 33.426756
0.475820 0.085710 -0.343970 5.266345 -1.964899 1.012311
-0.109430 0.741250 0.507270 3.153072 -19.456702 -13.254926
-0.625280 -0.904810 0.000982 4.099920 17.018882 -9.141783
0.102040 -0.104190 0.274360 -5.675542 16.047880 4.248839
-0.686600 0.228500 -0.872760 6.537907 -4.367302 7.901262
-0.051990 0.155030 -0.050153 0.112481 -10.383282 4.256398
0.254560 -0.207920 0.126130 3.921880 14.711526 -3.157713
-0.099647 -0.012857 0.004810 -6.666863 4.206235 -10.440979
0.127500 -0.049680 0.290540 1.996611 5.458363 7.723086
0.783800 -0.938650 -0.683110 4.740735 -7.963305 -1.961794
-0.208800 0.029111 -0.270040 9.122731 3.335833 9.450023
0.282380 -0.337820 0.418470 -17.710748 16.790062 -15.477923
0.085132 0.530020 -0.040878 -6.715120 -1.097128 -0.388101
-0.006254 0.089525 -0.006972 16.011615 13.111418 -0.595596
0.344730 0.186010 -0.174420 18.075742 16.325932 -2.477577
0.041212 -0.042916 0.053842 -8.811392 18.065269 -17.303833
-0.008932 0.295940 0.602390 1.172501 -0.520298 15.592259
0.032496 0.062799 0.198470 -15.958314 -11.218622 -8.766130
0.623150 -0.030002 0.078508 21.403415 14.859615 3.359598
0.020384 0.117170 0.184420 10.450768 0.048688 4.489017
0.095308 -0.063005 0.152370 5.543575 23.536079 -7.357794
-0.090892 -0.138910 -0.266300 24.904608 10.036648 0.598928
-0.088220 -0.159430 -0.317070 3.817418 -21.937635 -22.534785
2.918900 0.390990 0.264810 18.899572 3.381364 3.358023
0.134800 0.518830 -0.353730 -18.340313 -2.597241 16.580308
-0.261060 -0.140160 -0.028650 -15.897268 9.836583 21.905751
-0.176090 -0.119970 0.331640 -6.547048 -11.152634 4.284170
-0.119120 -0.243360 -0.059523 -4.332228 0.818690 -4.758869
-0.953600 0.042234 -0.356880 1.995699 6.467736 -9.734855
0.227340 0.433090 -0.271230 -6.969784 18.133238 -3.799967
-0.074389 0.092159 0.194060 -8.185639 -0.176300 39.250202
-0.469040 0.092333 -0.071620 -19.974243 12.587489 1.210715
-0.343840 0.070582 -0.008448 27.257138 -0.524081 25.397151
0.188010 0.165340 0.031273 -17.357016 1.178119 21.584196
0.046571 -0.115740 -0.032205 -5.186525 -2.238258 2.404472
0.145240 -0.035392 -0.081402 6.132050 -15.030403 -12.137541
0.158780 -0.238550 0.046480 -13.207922 -7.658790 9.303266
-0.017113 0.161900 0.065257 14.171824 32.049886 12.857382
0.124280 -0.448650 0.154980 3.464043 7.550546 6.294149
0.327750 0.011480 -0.363550 -5.622666 8.488535 36.302739
-0.070870 0.069914 -0.210370 11.634986 15.649094 -16.298261
0.026239 -0.035931 0.063986 10.589201 9.509514 -22.278901
-0.014622 -0.026482 0.077501 -13.293022 10.437505 32.924303
0.595510 -0.095955 0.313940 1.909172 -4.140320 -7.456886
-0.030549 -0.106690 -0.265890 -12.513460 -27.960031 2.855744
1.296100 0.028759 -0.300380 -2.241046 -1.926730 2.545232
-0.438070 0.401630 0.135990 15.475076 -24.452468 -1.830104
-0.168880 -0.036238 -0.188730 -3.721525 -9.294823 21.437995
0.347210 -0.054040 -0.177450 7.600699 3.741695 2.335434
0.155750 0.017780 0.043477 -2.908922 0.243956 -4.220996
0.483070 0.325100 0.236930 -12.977159 0.356337 1.982955
0.013156 -0.358870 0.124550 -1.683456 -2.790034 0.450613
-0.411870 0.250440 0.066943 -18.200556 15.479549 1.523771
-0.897140 -2.441400 0.143900 10.463276 35.636954 2.991837
0.071864 0.082493 -0.005663 19.765518 3.951257 -4.625243
-0.017466 0.027400 -0.095954 -16.912809 0.022138 -15.282762
0.077094 0.096433 0.127600 3.953097 4.027524 0.321841
0.000031 0.093994 0.011744 -1.105105 -3.869498 -0.372744
0.377110 -0.193320 -0.028508 13.215252 -5.183241 -1.071930
-0.193140 -0.040312 0.055979 4.981618 -4.846683 6.814522
0.487380 -0.238940 0.026335 9.478994 -7.071310 -4.246889
-0.051366 0.100480 -0.048827 -14.782943 19.512373 4.080249
3.060100 0.084347 -0.476060 7.034941 2.157905 3.204980
0.059882 -0.126360 0.014343 -1.749577 -14.875921 6.439666
0.190860 0.050404 0.010318 5.432217 14.640865 9.118786
0.193290 -0.007867 -0.030656 -1.608211 -12.416388 7.381751
0.139930 0.427830 -0.049546 -20.638531 0.774232 2.423082
-0.452130 -0.070626 0.485590 5.625833 5.698056 -0.437189
-0.158250 0.092995 -0.019491 6.258340 -17.560906 -13.499858
-0.101490 0.157730 0.105850 3.486850 11.355481 -6.121601
-0.173250 -0.066327 -0.128000 -2.358218 24.075173 -17.317367
0.077886 0.023186 -0.088525 20.631960 10.191049 18.234193
0.082607 0.030214 0.034814 -21.118243 8.465948 -3.894417
-0.143600 -0.080141 -0.018178 -15.460119 10.513174 17.268893
-0.372990 -0.045893 0.042564 34.077382 17.859039 1.330018
0.474870 -0.063605 -0.346890 6.154171 13.335508 -11.704831
0.094385 -1.136900 0.526860 0.279288 27.524886 -8.718609
-0.033853 -0.047172 0.093403 -3.300475 2.824613 -16.112863
-0.194880 0.781620 0.017078 -0.721564 11.655352 -7.384986
-0.356240 0.371550 0.069170 8.394835 -15.508433 1.441176
-0.297420 -0.061727 -0.101300 -0.832110 1.209906 -6.454908
-0.186270 -0.240940 0.052937 11.127525 11.047037 -13.576759
-0.263070 -0.261870 -0.495510 -7.644376 -6.557518 -26.756296
0.010729 0.558120 0.390730 2.511500 0.926400 0.153471
-0.390240 1.367300 0.518270 1.230153 -2.085754 -8.637549
-0.041159 -0.241150 0.162790 8.301130 6.826105 1.365105
-0.302610 -0.105390 -0.046115 -4.218094 -4.763042 -20.010424
-0.111840 -0.143700 0.346110 -9.604280 -8.181097 2.439783
0.010554 0.186540 0.155070 9.126642 -12.360922 5.662506
-0.026034 -0.370050 -0.520680 -4.031186 -18.091718 -16.901585
-0.109200 0.585630 0.250620 -9.317892 23.706582 9.353189
0.034671 -0.143870 -0.144960 0.176857 0.350079 -18.960240
0.348660 -0.073964 0.019866 24.985922 6.424937 11.358192
-0.045969 -0.206640 0.052306 -3.512400 -6.169067 5.242071
-0.210600 -0.493190 0.229380 23.383467 25.844495 -7.223523
-0.212740 -0.149280 0.191030 -7.288719 -7.791640 -2.349725
-0.112750 -0.122670 -0.102130 11.929851 1.047020 -0.188799
-0.112390 -0.114860 0.160370 -11.511017 7.404023 21.317566
-0.635050 -0.196230 0.280600 9.818515 -7.832405 -2.067873
0.025406 -0.232900 0.154900 3.508427 17.011210 -15.972914
0.604770 0.017524 -0.339650 19.383816 11.619968 2.617660
0.718110 0.031026 -0.231910 -11.058473 -11.827437 3.079863
-0.280570 -0.196660 -0.220340 18.119138 5.468530 20.479956
0.085132 0.019207 0.058393 6.068384 -7.088018 -3.061348
-0.457590 0.110220 0.044253 8.883478 -7.431635 0.488406
-0.671360 -0.933340 -0.060391 7.618840 -1.773144 5.198107
-0.071365 0.386090 0.124950 -0.738926 7.976661 10.996230
0.212360 -0.190160 -0.129210 3.631982 5.461599 6.528846
-0.019028 0.299470 -0.169580 6.068044 -1.731995 0.046968
-0.192690 0.003106 0.058163 -3.831980 15.327648 19.698168
-0.217460 -0.166590 0.384980 -15.530966 -6.372875 24.976896
0.161440 -0.152530 0.017048 1.721452 -20.214422 0.918632
-0.221460 -0.120190 -0.956400 10.335511 -6.949565 10.104978
0.477630 0.146580 -0.712820 -0.424043 11.473378 -7.710633
0.149650 0.071662 0.005304 12.455927 -4.631853 2.968023
-0.496960 -0.013156 -0.125250 2.631694 7.303240 0.185708
0.030981 0.459720 0.717820 -7.331869 -8.927403 -19.011710
-0.061264 -0.077843 0.035481 3.691033 3.777087 -8.675215
0.187480 -0.007783 -0.059754 -0.662102 2.528491 1.373942
-0.259870 0.220380 0.069011 -13.287061 23.994323 -4.794114
0.098741 -0.008406 0.304180 5.187010 3.634874 1.840527
-1.816800 -1.178700 -1.714400 -45.738044 -29.733200 -45.326998
-0.127980 -0.040045 -0.203500 -0.070279 21.308345 -40.792295
-0.146450 0.549060 -0.386210 11.835601 -4.556363 -0.505877
-0.576170 0.464970 0.577170 -26.598179 11.586587 24.127004
-0.287500 0.030076 -0.344740 -1.957616 -2.506639 -1.931945
0.404690 -0.105670 -0.690180 38.272708 -26.044757 -48.177077
0.042114 0.209230 -0.195710 9.968969 -6.037277 -17.326791
0.159080 -0.086059 0.041013 3.595197 -7.161322 -21.358723
0.717010 -0.297490 0.003052 10.723541 -3.060787 11.506401
0.008711 0.051042 0.044135 21.435119 7.850648 -9.292159
0.093203 -0.172600 -0.062720 0.660789 5.571287 -9.635146
-0.050864 0.157050 0.048582 -25.058231 -10.339548 1.078442
-0.126700 0.002919 -0.015984 -21.823880 0.398065 4.863901
0.070841 -0.188530 -0.115950 6.954571 -1.865674 -0.533869
0.055343 0.179020 0.095355 4.988551 16.171735 -8.300214
-0.123810 -0.189720 -0.086654 -6.629792 -0.861716 -12.966999
0.257010 0.570000 0.074767 6.118933 -9.437340 24.174765
-0.134880 0.174600 -0.124210 -3.501278 -14.182858 -7.857157
-0.038978 -0.039448 0.027548 16.273489 25.803831 1.790810
-0.443120 1.002500 0.864040 9.218413 -2.148721 -3.440335
-0.060001 -0.080243 -0.004962 -21.046765 27.108470 -13.982913
-0.163200 0.094463 0.099210 4.990351 6.886983 -13.719691
0.057024 -0.197510 -0.015231 5.888950 -4.544773 15.372440
0.434670 -0.634040 -0.405700 9.615528 0.553961 -0.488841
0.275740 0.079319 -0.287690 3.882047 -4.940934 -2.892790
-0.184880 0.341510 0.046494 4.935555 -5.019424 -0.924828
0.159310 0.364910 -0.174530 14.778878 13.558280 -12.302785
0.032341 -0.036040 0.120030 -15.773148 2.845299 1.172880
-0.086772 0.112450 0.048384 -8.310014 -2.916305 5.514046
-0.028359 -0.462610 -0.295090 4.963706 -32.840060 3.323153
-0.175190 0.089960 -0.039606 -3.359222 -5.740659 -18.349295
0.769710 0.292940 0.290120 -11.739723 4.399552 -3.139568
0.322600 -0.141410 0.137730 -45.505683 1.461132 -3.467286
-0.143540 -0.134390 -0.000148 2.038872 -22.874145 -14.604575
-0.856550 0.767770 -0.151480 -23.061615 22.108624 -7.277918
-0.078027 0.127640 0.488580 4.727496 -3.355048 -4.142544
-0.288080 -0.000154 -0.160630 -16.905930 4.458028 10.376906
-0.043712 -0.000790 0.179350 -7.176820 -13.001217 -13.781378
0.195460 -0.355300 0.065760 -0.537274 -5.799127 7.545910
0.483770 -0.232340 0.117640 25.083531 -4.209186 9.021791
0.016615 0.621920 0.376550 -5.490702 6.814433 -3.454260
0.193270 0.062705 0.158520 52.503359 -13.013953 10.500868
-0.308890 1.079900 -0.374530 -7.560442 34.163756 -8.499532
0.097366 -0.120250 0.019550 -3.475161 -9.711893 -10.460839
-0.038918 -0.078892 -0.248580 -8.189839 -3.447139 -5.095368
0.016775 -0.046183 -0.009284 9.097603 5.046920 3.117729
0.218160 0.079501 -0.054548 -13.419246 6.882251 0.649658
0.216290 -0.334770 -0.095498 26.041937 -39.037657 -20.692944
0.153640 -0.126870 0.003882 -2.811424 15.118336 13.457264
0.385870 0.185890 0.382320 -11.241341 1.748477 7.709456
0.022038 0.290540 -0.075398 -12.759849 12.762635 -9.249974
-0.401820 0.001092 0.385180 0.998857 -7.815547 2.983118
-0.378690 -0.241120 0.515180 -21.350416 -8.170246 11.900365
0.029537 0.264020 -0.216270 -8.538681 -3.899157 -14.341341
-0.369060 -0.071679 -0.197530 -10.837532 14.738348 13.517378
-0.162110 0.031407 -0.212010 -13.095415 0.388205 4.161687
-0.264220 -0.049243 -0.161490 -5.422930 4.611425 -7.420516
0.235690 0.188670 0.157210 -25.174275 3.316063 -1.030665
0.065552 0.060895 -0.057295 -24.441296 10.055509 -2.362290
0.063037 -0.078477 0.094446 7.385808 10.552147 -0.206543
0.001071 -0.053809 0.028752 -8.091605 -13.358609 -5.113750
-0.039099 -0.191970 0.248660 -22.929924 1.733303 3.401115
-0.186010 -0.662070 0.135260 14.743529 40.944844 -14.640111
-0.589590 -0.166070 -0.527700 3.852276 2.116793 6.965587
-0.678590 0.612700 -0.425830 17.547185 -19.959611 11.428071
0.568750 0.099464 -0.289080 22.273820 -0.924028 0.451876
-0.851690 0.003819 0.226430 62.942021 9.145085 -24.434495
0.102310 0.077650 0.288260 -11.852647 13.840344 19.077158
-0.199070 -0.107860 0.051068 2.346065 -12.929982 11.036225
-0.084050 -0.116680 -0.180340 1.361242 2.882086 -3.887699
-0.146910 -0.011432 -0.141130 23.254889 -30.747629 -15.727621
0.177920 3.567400 -0.103780 -0.557974 -35.909306 1.812905
0.032052 -0.022501 0.053943 -11.063088 -3.220000 6.869926
0.019962 -0.040913 0.356940 -0.955702 -1.092136 18.725700
0.274340 -0.376220 0.138600 -20.996610 34.854606 -2.408391
0.380210 0.314940 0.361930 5.775399 -4.192222 9.024968
0.020645 0.034593 0.293540 -14.710624 15.012980 -9.721677
-0.203530 -0.285240 -0.341800 10.303587 10.514545 12.350326
0.352820 0.364470 -0.151830 -3.629756 -0.056047 5.174243
-0.328590 -0.290990 -0.149870 -10.170842 -2.315593 -17.649685
-0.156370 0.213020 0.142720 -22.926598 10.840311 16.394677
0.109100 2.035000 0.485190 -3.229574 4.756011 3.980615
-0.140010 -0.018233 0.088309 -33.270709 13.670868 -9.838054
-0.108720 -0.140420 0.002349 17.267537 26.254249 -1.451032
-0.107120 0.152070 -0.042119 -2.372248 -13.918609 5.026031
0.104320 -0.017028 0.134580 3.300595 -3.739932 26.039447
-0.239450 -0.082326 -0.120000 -14.458518 3.481631 -15.213512
0.102770 -0.307620 -0.180940 -2.179025 -28.740181 -14.042572
-0.716450 0.009118 0.212990 -5.107856 -8.868738 1.070915
-0.453640 -0.311270 0.159900 1.708316 -1.404018 0.196525
0.056552 0.219640 0.155500 4.585804 -3.514568 -10.236191
0.188110 0.350960 -0.386230 6.816510 7.283496 0.358239
0.134720 -0.658030 -0.453540 -8.807058 -2.311966 -2.122866
-0.139730 -0.203250 0.263720 23.752627 42.114433 -23.887984
0.070040 -0.440060 -0.027814 -15.475373 -4.915282 12.434089
-0.071061 0.195440 -0.004114 -9.283357 -41.109232 9.735986
0.103920 -0.674990 -0.109880 -4.049462 12.943624 1.494211
-0.337680 0.155860 0.021936 5.132441 5.560768 -6.042207
0.045352 0.265470 0.082760 1.884577 15.104974 7.261178
-0.203590 0.236220 -0.083606 -4.674221 20.352406 -0.305126
0.301750 -0.114620 0.018633 -4.046576 7.707742 0.281740
-0.013704 -0.052780 -0.538150 8.110203 1.555329 1.495450
0.377150 -0.238540 -0.165090 6.382353 -9.564916 -3.582349
-0.060778 -0.193750 0.409200 14.970044 -13.436939 -0.127581
0.240890 0.074722 0.247620 10.485693 13.828267 5.505373
0.146660 -0.322790 0.197310 1.188024 13.075551 -0.584269
-0.076671 -0.100300 -0.193670 -0.441227 -0.333369 -7.328569
0.201760 -0.062237 0.073152 -12.713117 3.898652 -9.010470
-0.021970 0.064978 0.035456 -7.192739 -4.967172 11.672125
0.213310 -0.336930 -0.212160 -1.778532 18.913193 1.800512
-0.033609 -0.207580 0.277500 14.297751 10.344995 -56.851373
-0.336700 -0.021195 0.002232 15.539631 -21.404401 7.682595
0.168480 -0.375750 -0.606450 -3.519233 3.814685 0.476980
-0.212880 0.117290 0.136180 4.204824 -6.125358 1.441692
-0.497530 0.045027 -0.350960 -6.113834 -2.736123 -8.341496
-0.264790 -0.596830 -0.485100 -5.087965 -19.996208 -13.664821
0.286210 -0.079419 0.226290 -0.430190 3.493701 1.541372
0.083041 -0.037071 0.164910 27.919676 2.713950 19.448354
-1.270500 -0.042225 0.398700 37.382723 13.665383 -13.699851
-2.144700 0.777370 1.267200 -1.718524 4.643557 6.724175
0.137060 -0.093825 0.087008 13.809557 3.878270 0.963524
-0.197090 0.259690 0.142810 0.119990 -14.429877 -5.911036
-0.020478 -0.034626 0.067960 12.438546 -5.614948 6.588639
0.385140 -0.130560 0.148610 -39.275952 13.158143 -17.274330
-0.012268 -0.051199 0.025144 23.958911 -1.517189 -3.326079
-0.011502 -0.055727 -0.035926 0.585209 1.424909 3.143384
-0.028705 0.082482 -0.032321 -4.529440 7.344224 -11.783296
-0.024316 -0.275140 0.107010 -0.002233 3.517208 10.775148
-0.067321 -0.083984 -0.119190 0.539388 -5.869823 1.377396
0.150710 -0.159910 -0.172370 7.755866 -2.984684 -12.542482
-0.253130 0.365210 0.006302 14.465845 -12.683700 -11.886707
-0.106980 -0.057064 -0.056506 4.352834 -7.185873 6.056304
0.098938 0.092554 0.305190 -3.820460 -18.249492 12.255846
-0.499860 0.253230 -0.238700 13.370751 -3.926692 10.358135
-0.270580 -0.079859 0.096346 24.045037 -0.580869 -10.775051
-0.220560 0.142230 0.090741 16.250477 2.068863 -33.472006
-0.009549 -0.096031 0.049159 -11.989050 6.284298 14.156137
-0.002170 0.276250 -0.168820 8.924211 4.992968 -0.977258
-0.565240 -0.392800 -0.035263 19.584709 12.061960 -23.700823
0.683650 0.477850 0.501930 -8.974371 1.543657 -11.296836
0.105890 0.002376 -0.024618 16.659710 18.222523 -26.206695
-0.025301 0.159950 0.004110 18.980997 3.176420 -26.370099
0.091501 0.014222 -0.033736 13.432922 -2.035813 -1.949287
0.335450 -0.296940 0.040445 -14.212261 -5.564261 11.878836
0.151920 -0.119450 -0.351490 -14.899765 -4.248870 27.357393
-0.382070 -0.191120 0.019106 8.469384 -13.977874 -8.247105
0.002724 0.203470 -0.102470 -0.597277 -11.713020 6.273253
-0.359610 -0.213580 0.065016 -20.832494 -6.983932 0.026127
0.123890 -0.325170 0.233780 5.382239 -0.296819 4.934397
0.087575 0.000607 -0.172550 -7.010421 5.097280 1.009814
-5.328900 1.025400 -2.789200 25.230082 -5.306354 16.928256
-0.124520 0.077483 0.135170 18.089756 -1.855559 0.146210
0.249570 -0.072481 0.513880 -9.832762 -0.115699 -5.454800
0.106340 -0.019942 0.222940 -2.753751 -6.624918 -12.902090
0.354400 0.126310 0.137220 -5.329797 1.636470 -1.962649
0.062769 -0.016325 -0.125020 2.387480 7.309829 -9.691813
-0.159500 0.093772 0.329070 -4.404505 2.570682 30.398058
0.675620 0.152180 -0.905020 -3.410637 -12.786771 11.920974
-0.302090 -0.260610 0.102050 -14.070711 -12.753747 10.220384
-0.359900 -0.084193 -0.248320 6.787672 11.060379 5.776487
0.011091 -0.155120 0.060797 1.950614 -1.859882 -4.311865
-0.286460 -0.105170 -0.090331 -12.406692 -2.027926 1.009630
0.373640 0.192490 0.267060 5.439166 -0.245334 10.830015
0.082678 -0.308000 0.387950 -4.871010 -6.626846 2.969403
0.160990 0.443710 0.322940 -1.697468 0.677455 5.317074
0.118470 -0.256550 0.045691 5.399333 9.629292 6.083239
-0.297570 0.250880 -0.100830 -11.921903 -3.259649 -6.284024
-0.061093 0.082704 0.138110 5.416787 -20.731486 15.002215
-0.222650 -0.406580 -0.381640 4.226701 0.364463 -6.410145
-0.183340 0.188500 -0.194270 -1.270395 -6.951023 0.215123
0.207320 -0.044623 0.059033 -0.408171 -11.614048 -28.742262
0.001406 -0.056004 0.269860 -6.669551 7.018308 -2.658243
0.069004 0.027774 0.149770 0.942155 3.111435 35.254758
0.066781 -0.191780 -0.114810 1.912749 3.690474 4.778217
-0.006038 0.004284 -0.042055 -4.919389 -13.668117 -7.239820
-0.059979 -0.189510 -0.568160 2.869434 11.104197 4.651304
-0.075758 -0.088703 -0.073201 -9.231448 1.890951 -15.682809
-0.058945 0.038955 0.077204 0.131625 -0.702230 6.304441
0.168890 -0.066845 0.133290 27.681092 -5.567298 33.336636
-0.052089 -0.021251 -0.133760 10.482244 11.288599 15.423566
-0.093788 -0.156970 -0.100080 7.344403 35.110236 -6.985408
-0.656990 -0.623330 -0.376250 11.630030 12.174729 11.699789
-0.008498 0.001554 -0.529670 -3.546910 -2.713369 2.788703
0.209170 -0.215670 0.120150 -0.434515 -0.158664 -0.399224
0.354680 -0.550670 0.020135 10.139439 -9.464137 -7.673726
0.088570 -0.408860 -0.397460 -4.446878 6.551887 16.230854
0.010791 -0.209050 0.023642 -31.225980 -8.688761 2.151435
0.061988 -0.054364 -0.151370 -18.898001 -0.651449 16.080081
0.197770 0.035536 0.128290 -10.609348 8.612094 -4.686245
-0.084852 0.043445 -0.019004 3.347505 -4.818896 -7.952847
-0.409100 -0.340640 -0.142310 -12.062070 -12.603459 -22.730646
-0.067897 -0.062908 -0.001672 -0.365005 -33.752133 21.255565
-0.002506 0.075478 0.107380 -4.857804 11.262012 11.131155
-0.550270 0.334060 -0.123610 -16.159625 7.118942 -10.678534
-0.002011 0.233310 0.590250 11.182534 2.029744 0.873093
-0.120100 -0.405000 -0.510040 2.368657 8.674012 6.641342
0.155970 0.048426 0.130520 -27.762111 20.690738 -4.358659
-0.130060 -0.045731 -0.252770 16.748015 -0.237007 11.224227
0.019171 0.106050 -0.059832 -7.391298 -22.788341 -20.062614
-0.473090 1.784800 1.026100 -7.740269 49.848124 20.536138
0.122600 0.079273 -0.034214 2.922266 -0.907662 1.739091
0.034670 -0.046856 0.058811 0.153856 1.634253 11.925383
0.042474 -0.003181 0.005157 11.037775 18.183076 -2.638109
0.107030 -0.210410 -0.052132 4.046267 -20.366546 6.309064
-0.131730 -0.257670 0.078619 -14.164830 -32.110913 -7.889281
0.155440 -0.194850 -0.329110 4.220605 13.353779 30.314471
0.005432 -0.080387 -0.034385 -12.940204 3.204583 9.096072
0.272580 0.307710 -0.252630 7.037610 -0.796709 -9.131865
-0.118390 -0.081299 -0.009104 -8.392841 -7.609768 1.345270
-0.154280 0.164160 -0.045716 31.741933 23.867629 -16.471418
0.131850 0.741730 0.724600 -6.429196 -42.408093 -33.980423
-0.518060 0.603460 0.275160 16.108615 1.802950 -12.733872
-0.027449 -0.043787 -0.003784 13.616504 2.447043 -4.137664
0.198850 0.166080 0.044825 4.941898 5.409645 6.752725
-0.069284 -0.269800 0.136140 1.880420 -15.048185 -4.779831
-0.035401 -0.163070 0.265920 3.049492 0.782855 -18.961192
0.032418 -0.009085 0.009344 -19.896354 15.935457 -8.500027
-0.145410 -0.025578 -0.062036 3.437068 -3.860202 -9.139358
0.145650 -0.156340 -0.086749 5.080286 -14.769362 -1.922174
-0.025972 0.107680 -0.096439 2.500548 4.236409 3.457966
-0.061406 0.207120 -0.110410 -13.201260 -12.615032 -0.924866
-1.053800 -0.549570 0.226840 -9.471469 -4.404478 7.020737
0.028714 -0.089959 0.103090 1.970001 -11.303681 -0.910639
-0.123790 0.025175 0.156760 1.558238 -5.653208 -37.353600
-0.280530 0.531420 0.388640 -1.322484 -1.159795 -13.801972
-0.136290 0.326780 1.619600 -0.634722 -7.289984 -11.713836
0.014309 0.125530 -0.002712 4.486309 1.429253 15.965415
0.119230 -0.110190 0.024262 21.225719 11.691988 -6.099508
0.360800 0.042388 0.077855 -6.874368 -1.336938 15.203264
0.026464 -0.043106 0.132360 20.022116 8.150615 4.852608
-0.032227 -0.012799 0.139330 -7.095581 -5.745631 12.837164
-0.024505 0.016048 -0.073158 13.391662 -20.537345 0.718711
0.013002 -0.014965 0.051901 -8.436010 -14.865658 0.621406
-0.183280 0.444560 0.528160 -1.945994 0.903173 3.272074
-0.057890 0.024950 0.216050 -10.442443 -1.970896 10.611157
0.053840 -0.038425 0.070812 -15.003061 -12.534916 -14.156834
0.087176 0.083061 -0.263640 0.165613 1.523965 -15.444096
0.376270 -0.126390 -0.230970 -19.311103 11.628823 10.196375
-0.037441 -0.091609 -0.573350 19.080607 8.789768 -2.351681
-0.287970 0.204140 -0.099586 8.072476 -11.597170 -5.899800
0.114690 0.145150 0.033437 -16.247775 -1.811746 2.872679
0.002844 -0.778870 -1.059400 -3.588855 -11.471452 -13.858862
-0.095768 -0.316960 -0.074762 1.759429 -17.333632 13.439653
