-0.114240 0.202450 0.325750 5.391100 -7.656900 14.831000
0.105700 0.243990 -0.208580 -0.700670 -11.096000 -11.120000
0.053747 0.186330 0.130970 11.814000 30.834000 22.503000
0.122190 0.048365 0.054651 -13.405000 -10.891000 25.621000
-0.078480 0.365460 0.240690 -16.465000 -30.014000 4.201500
-0.031059 0.150680 0.099280 18.839001 6.120900 -5.796500
0.701010 -0.362250 -0.071143 0.365410 6.194400 12.202000
-0.054583 -0.380790 0.849290 1.342500 2.497200 -7.412000
-0.654890 0.001798 0.692550 -5.865900 5.704800 -4.967200
3.102300 -0.107960 -0.711340 68.499001 -1.868600 -12.328000
-0.083897 -0.384910 -0.222520 -0.881810 6.562300 4.081800
-0.130780 -0.094859 0.017841 10.313000 14.122000 1.270900
-0.169940 -0.034805 -0.091438 -0.802070 7.932900 -9.977100
0.385020 0.294050 0.451000 -3.772400 5.870200 -31.518000
-0.476030 0.564900 -0.468290 -15.629000 13.044000 -11.504000
0.258490 2.471600 3.167000 1.536700 -0.904520 2.316800
-0.652910 -0.177350 0.143420 8.742900 4.380500 -0.410300
0.183350 0.365560 0.423980 2.169600 5.287900 12.403000
-0.010155 0.012402 -0.064016 7.339800 -14.178000 -7.122800
-0.341600 -0.936620 0.880330 4.284900 8.230800 -4.535300
-2.418500 1.040600 -0.120900 -6.422600 2.041700 -0.464230
-0.049716 -0.075269 -0.058609 -7.067000 1.509800 -5.400900
0.032068 -0.219920 -0.294190 15.027000 9.472900 33.464001
0.166960 -0.051658 0.187770 -15.730000 -5.529400 -33.172001
0.025406 -0.232900 0.154900 1.582800 16.171000 -15.498000
0.211820 0.090962 -0.065204 -15.362000 6.160800 12.710000
-0.414940 -0.230720 0.639740 -26.979000 -28.296000 20.283001
0.144590 -0.510810 -0.900680 1.398600 -4.183200 -22.474001
0.532930 0.226540 -0.321530 -3.527900 -6.110000 6.705800
0.016383 -0.256490 -0.197090 -12.534000 18.198000 21.941999
-0.242430 -0.129140 -0.054794 -5.187900 3.930800 -7.337000
-0.134810 0.018607 -0.425290 6.191100 22.980000 13.869000
0.327270 0.001347 -0.114320 4.269800 4.316300 -2.160800
0.032179 0.176770 -0.353500 -4.073800 4.743600 9.759700
-0.159770 -0.085062 -0.373630 6.683900 5.892500 14.782000
0.676680 -0.410850 0.213960 -7.161800 4.336600 -4.503300
-0.171190 0.082605 -0.269480 15.873000 -2.605800 13.649000
0.152510 -0.077038 -0.158310 -1.332800 -41.428001 -16.223000
-0.264220 -0.049243 -0.161490 -5.956300 1.041600 -4.660100
0.063037 -0.078477 0.094446 7.459400 7.914300 -2.385300
0.224990 0.072218 0.291490 2.363800 14.235000 24.860001
-0.114500 0.059509 0.209680 -14.008000 7.538700 4.453600
0.303610 0.172080 0.355110 -16.254000 2.924800 -10.900000
0.356200 -0.109220 -0.452710 25.941000 -9.278600 -7.380900
0.098499 0.078048 0.121530 -6.821000 15.083000 7.890600
0.201160 -0.494810 0.106970 3.730900 -6.068500 0.792720
-0.022187 0.068268 -0.581660 -1.102000 -2.015100 0.907460
-0.040021 -0.675170 0.301540 1.926400 6.983600 3.490400
0.253380 -0.079611 0.156970 27.992001 -12.157000 7.799200
-0.084058 0.133760 0.156060 -2.552100 -5.435700 10.240000
-0.058544 -0.151660 0.171400 -0.346030 8.173000 2.554200
0.118780 -0.106930 -0.188490 45.417000 -2.413300 5.049200
0.060033 -0.082702 0.023769 2.937900 0.415020 -9.878400
-0.196440 0.092517 -0.069026 -6.006500 10.009000 12.280000
0.125920 0.084176 -0.104330 -11.235000 5.872300 -15.263000
-0.352160 0.029639 -0.168060 1.892700 -33.778999 34.556000
0.600370 -0.006211 0.186730 -5.334900 -1.327500 -0.923640
-0.179450 0.386800 -0.128300 1.551900 -27.323000 -9.823100
-0.071088 0.061579 -0.039056 -0.729980 0.487520 0.877230
-0.221090 0.032236 -0.386160 -10.646000 18.687000 10.415000
0.251640 0.112900 -0.314530 -4.056500 -13.453000 18.179001
-0.473470 0.354070 -0.023711 -2.164100 7.485600 -5.592000
0.013834 0.101590 0.036895 0.321290 0.225950 7.079700
-0.108300 0.094661 -0.229380 2.977300 2.415700 -8.669000
0.047820 0.252180 0.159150 6.365000 10.472000 -15.467000
-0.145360 0.297270 -0.101710 0.342300 -17.157000 -9.262500
0.082034 0.065564 -0.225990 19.035000 -3.292100 7.096000
-0.072634 -0.204160 0.035413 9.358800 24.298000 -13.089000
0.273520 -0.095363 -0.163430 2.025700 -23.452000 -4.540400
-0.177570 -0.515970 0.499450 -5.645300 1.116000 -9.575600
-0.119120 -0.243360 -0.059523 -2.617000 2.097700 -3.684600
0.010560 -0.085246 0.493410 -3.521500 -4.284200 0.529300
-0.140790 -0.531070 0.429020 7.303800 1.008300 3.291600
0.051328 0.050375 0.030556 19.802999 -9.200700 21.396999
0.109000 -0.016047 -0.185640 -1.392600 3.775500 -17.933001
-0.032740 0.160520 -0.120810 7.309000 0.043550 9.576100
-0.114620 -0.098765 -0.256130 -11.265000 3.179000 -5.846100
-0.051592 0.027944 0.082670 60.708000 -19.283001 -62.549000
0.091501 -0.141610 0.124220 -16.473000 -11.115000 0.841220
0.066584 0.030521 -0.130960 1.647800 24.913000 -10.210000
0.111730 0.164680 0.294660 -3.400200 12.794000 14.882000
2.194400 1.607700 0.796370 9.872800 9.889500 -1.647600
0.186090 0.220000 0.063841 24.742001 7.076200 2.779400
0.178520 -0.132420 -0.037192 15.987000 -2.710600 7.626400
-0.078206 -0.206490 0.076087 6.424300 1.792900 -8.494900
-0.748220 -0.468620 0.323150 -11.218000 -2.761700 5.925500
-0.436120 -0.400160 0.093137 -13.595000 -10.659000 -6.703000
1.235100 -0.450810 -1.317700 15.864000 -5.391900 -22.396000
-0.024904 0.127250 -0.133080 -22.280001 1.865900 0.526280
-0.260920 0.009749 0.017523 -14.228000 1.178700 -1.566600
-0.399080 0.028971 -0.187280 -4.354700 -1.599300 -6.661400
0.174330 -0.332020 0.149750 -21.704000 4.896600 2.268600
0.102310 0.077650 0.288260 -14.778000 12.864000 16.775999
-0.056567 0.193970 0.149020 -14.133000 17.254999 -30.325001
-0.115520 -0.011881 0.103120 5.588100 -3.229400 -4.785300
0.024085 -0.244110 -0.227370 -21.591000 -9.183600 -13.817000
0.139330 0.445570 0.032566 -3.655000 -6.272400 2.092200
0.155470 -0.113150 -0.162850 14.351000 18.464001 8.302300
0.077037 0.065865 0.011767 -33.080002 -0.938940 25.889999
0.141870 -0.265070 0.368660 -3.957500 -7.605800 -0.119230
-0.118660 0.009947 -0.120680 11.486000 -9.665700 12.684000
-0.442000 -0.293350 -0.053618 0.442180 5.773000 -0.933470
-0.186010 -0.662070 0.135260 17.299999 42.877998 -16.240000
-0.019732 -0.068143 -0.095191 0.327210 -1.121100 -9.778600
-0.251020 -0.163770 0.699080 15.843000 0.848510 -15.011000
-0.023231 -0.145400 0.165540 -15.092000 -6.695500 16.033001
-0.167540 -0.127280 -0.020949 -3.881000 -27.215000 -0.868900
-0.091460 -0.030917 -0.003820 3.954300 1.467400 -7.280000
-0.047885 -0.263560 -0.054960 1.768400 -2.771600 12.790000
0.082611 0.085812 0.024106 -5.642300 -0.002961 -18.919001
0.086713 0.337310 0.473470 -0.954150 -8.010000 9.284600
-0.232380 -0.241590 0.241350 -24.202999 -5.386000 6.826300
-0.511800 -0.171540 -0.389610 -7.730800 -1.081900 -12.620000
-0.283340 -0.128120 -0.642290 -16.465000 10.929000 -18.551001
0.378610 0.064015 0.621350 12.994000 10.526000 26.993000
-0.237690 0.458210 -0.651950 2.706100 -20.392000 23.142000
-0.390490 0.236710 -0.104560 -7.299000 3.916200 -5.060500
0.032249 -0.209000 -0.041790 12.093000 -0.971230 0.308770
0.315800 -0.170380 -0.067011 -9.277100 -2.245000 -1.775500
-0.477750 0.479000 0.842160 5.533000 -13.540000 -0.097928
-0.285800 0.000252 -0.119650 3.905400 -13.261000 -3.101600
-0.198270 -0.333570 0.004096 -10.860000 7.892100 17.257999
-0.189350 0.007135 -0.214210 -3.016700 -12.960000 -12.037000
-0.709070 2.953500 -0.641910 2.633900 -1.776100 -1.894700
-0.024649 -0.258020 0.237100 2.019100 12.414000 12.861000
-0.364780 0.108100 -0.065149 15.781000 -6.929400 2.475200
0.013002 -0.014965 0.051901 -4.658900 -13.236000 0.850800
-0.036512 0.518640 0.114790 -1.704200 -0.916770 -15.274000
-0.268370 0.085623 -0.079197 1.207900 9.486300 -8.916900
0.062059 -0.384510 -0.051501 -3.303600 0.914300 -13.128000
-0.032290 -0.097886 -0.180970 -9.749300 -7.768700 -11.547000
-0.093002 0.185070 0.026128 -18.938000 -0.340520 -15.664000
0.000005 0.016230 0.060163 -0.518630 4.608600 -11.164000
0.047258 0.044826 -0.034599 15.124000 10.390000 13.553000
0.213790 0.104800 -0.179390 4.527300 9.019500 -3.867100
0.426100 0.435910 -0.529080 -16.705999 -15.642000 6.513600
-0.531110 -3.031000 0.717010 10.500000 54.543999 -11.953000
0.200000 -0.014787 0.009372 -5.610400 -9.272200 -1.701800
0.108790 0.133730 0.178690 6.140600 8.720300 -6.793400
0.390430 0.166150 0.008593 6.581200 -9.867500 32.375999
-0.259510 -0.224030 -0.113840 7.200500 15.900000 9.744200
-0.185550 0.256110 -0.081043 -3.345900 13.941000 5.140200
-0.039090 0.013997 0.020233 -8.359400 6.110100 4.340500
-0.076148 -0.296030 -0.389880 6.233500 14.667000 5.486900
0.156800 0.487050 0.527040 13.447000 40.492001 57.305000
0.036574 -0.018782 -0.072567 -1.114100 -11.716000 -16.620001
-0.148460 0.161230 -0.117740 -21.410000 9.363000 6.001700
-0.498740 -0.546370 0.273480 -11.437000 -14.361000 9.097500
-0.099050 0.177380 0.126900 -33.157001 32.848000 -9.981700
-0.182290 0.425370 0.144720 9.139300 -1.945000 -5.301700
0.340330 -0.725370 -0.071859 -4.217000 9.890500 0.314080
-0.100800 0.018469 -0.012377 -8.288300 -16.882000 12.021000
-0.209160 0.027536 -0.197420 15.509000 8.794100 11.976000
0.270760 -0.125670 0.036573 28.143000 18.688999 26.349001
-0.071016 -0.111660 0.052418 -15.046000 0.416800 10.607000
-0.095909 -0.037784 -0.066443 4.641000 11.171000 -8.331700
0.004867 0.153620 0.018915 -5.710500 -5.342100 -15.734000
0.041567 -0.012867 0.042337 -6.281100 22.024000 -11.619000
0.032052 -0.022501 0.053943 -11.004000 -3.444700 4.690500
-0.102620 0.078941 -0.258040 -7.108600 -18.399000 -8.260900
-0.422370 0.318860 0.269240 -9.025400 5.038900 4.352800
0.087372 0.019097 -0.019754 -10.151000 6.572100 20.070000
-0.194820 -0.103890 -0.093638 7.596600 4.931300 6.678700
0.074155 -0.118150 0.012308 -0.490330 -0.257250 14.952000
-0.145010 -0.451100 -0.089700 -6.433700 -17.212000 -10.837000
-0.043006 -0.018947 0.242940 -8.401400 -8.498100 42.358002
-0.245790 -0.049166 0.313900 -17.865999 3.410800 -6.338100
-0.065544 -0.002973 -0.024253 -8.246700 1.081100 -16.733000
-0.180840 0.155830 -0.094365 -2.420800 22.125999 -1.413900
-0.254370 0.142820 0.214430 10.902000 -1.131400 -13.701000
-0.504400 0.764000 0.456960 -14.467000 18.733999 19.320999
-0.575440 1.848400 2.353700 -7.790600 16.096001 21.664000
-0.336120 -0.150490 -0.116870 -27.195000 -19.747000 -5.988400
0.116720 0.140150 0.092117 -32.067001 -16.414000 -42.526001
-0.700940 -0.311280 -0.131510 7.465200 6.613100 -1.282900
0.000818 -0.041916 0.235750 -2.123200 -8.158700 -2.581700
0.032004 -0.206230 0.141620 2.706100 25.389999 -11.489000
-0.115770 0.104140 0.289440 2.465900 -9.039500 -1.786600
-0.153810 -0.146440 -0.315910 -16.950001 -24.417000 -5.161800
-0.103250 0.015760 -0.202890 -16.465000 12.008000 -2.399400
-0.319780 0.080465 0.309160 14.668000 -10.877000 -14.617000
0.051870 0.187290 0.133620 6.780700 45.495998 -13.940000
-0.073943 -0.024635 -0.047696 -6.913700 9.711700 10.857000
0.073180 -0.902260 -0.900170 -7.551400 -2.076100 8.241300
0.525910 -0.005343 0.049846 9.720300 -1.828700 4.009900
0.189030 -0.017200 -0.193680 -2.504300 21.510000 20.423000
0.408130 -0.446710 0.433810 -8.852400 11.234000 -11.447000
0.154140 -0.093125 -0.024119 0.852690 -1.409100 15.026000
-0.147400 0.079096 0.333500 3.187000 -8.036800 3.621100
0.077102 0.381230 0.205120 2.853300 -6.829700 -2.022500
0.146330 -0.026172 0.286110 8.498400 -0.530070 28.167000
0.053373 -0.025904 -0.032300 10.296000 2.955100 3.211000
-0.034576 -0.051398 0.110240 -8.545000 0.984980 9.013700
0.089452 -0.235290 0.010623 -5.837900 0.008815 -25.271999
-0.092603 -0.255840 0.198720 14.474000 19.504999 -14.503000
-0.427620 0.426960 -0.100180 24.334000 -3.016200 -16.346001
-0.022408 0.120170 0.023827 -38.201000 0.924760 7.818500
0.013975 0.151330 -0.098412 -28.086000 -12.555000 7.657700
-0.081536 -0.032511 0.008520 -7.333800 4.495800 -5.773000
0.192170 -0.075684 -0.490630 7.551500 6.196000 0.859180
0.025355 0.237260 -0.654210 7.401000 -13.410000 22.742001
1.426100 -0.493040 0.711710 -16.103001 4.917800 -6.104300
0.195620 -0.277600 -0.250170 16.556999 -11.492000 -7.729500
0.075325 0.828160 0.270530 6.089600 19.042999 15.858000
-0.015658 -0.124360 0.453770 1.495900 6.997500 5.517000
0.028132 -0.379160 -0.278710 2.915900 14.437000 16.409000
-0.028397 -0.146650 -0.115840 1.887400 7.565900 14.042000
-0.000370 0.106000 -0.216690 6.041400 3.103400 -10.927000
-0.355760 -0.199690 -0.135200 3.539600 -6.955600 0.505670
0.103240 -0.257980 -0.303770 4.327100 15.530000 5.328500
0.262930 0.354640 -0.136310 11.864000 8.912900 -13.943000
-0.130340 -0.311560 -0.013870 24.799000 11.076000 0.753470
-0.037556 0.157750 0.096706 -7.259700 8.396000 7.129700
0.402190 0.320520 -0.392020 9.509700 3.842400 -5.957400
0.003383 0.104170 0.274970 -1.804100 -9.515900 9.040700
-0.017432 -0.168760 0.106040 -16.128000 4.083800 -9.418800
-0.098118 0.052289 0.233000 8.315600 6.961500 -2.855600
0.015712 0.057928 -0.051443 -11.294000 10.085000 1.876000
0.178080 0.310160 0.116000 11.704000 28.747999 -19.216999
0.252440 -0.175470 -0.093180 -8.279700 2.958600 -2.570700
-0.267710 -0.478380 0.093932 -21.042999 -22.768999 7.407900
0.100070 0.263300 0.024453 -11.411000 3.363100 -6.523400
-0.005826 0.083425 0.109660 -6.865500 -2.125800 26.370001
0.053540 0.075569 0.036224 -2.146100 2.980800 -4.017800
0.087637 -0.067413 -0.129810 0.960510 3.131100 6.359200
0.075876 0.326640 0.021108 -4.432600 29.020000 9.883300
0.233460 -0.143250 -0.158120 -3.388200 -14.114000 4.048400
0.806300 0.124980 0.013731 21.697001 11.757000 -8.473900
0.068205 0.106880 -0.136840 -1.299200 1.312600 -11.937000
0.079832 0.066613 0.182890 3.670700 -10.762000 -6.567700
0.246330 0.062849 0.103470 11.518000 -0.243290 1.926200
-0.033847 0.067143 -0.046210 -16.343000 -10.309000 -5.752900
0.006520 0.118060 -0.181180 1.132000 -3.109900 12.105000
0.541340 -0.091165 0.064117 14.875000 -7.957500 13.085000
-1.058000 -0.266400 0.081292 -21.677999 -6.035400 6.125100
-0.519140 -0.257130 0.280150 -8.194200 -5.272900 1.294500
-0.013692 0.027694 -0.055337 -25.228001 -11.467000 0.839400
-0.251030 0.242980 0.359010 10.342000 -4.692100 -2.094700
0.297870 0.400610 0.099431 10.072000 0.797410 3.343200
0.547620 -0.849260 0.008414 24.117001 -51.000000 -10.023000
0.514580 0.042288 -0.279690 6.554800 3.104700 2.049700
-0.090475 -0.133470 -0.155340 0.756380 -4.837900 3.297600
-1.515100 -0.410810 2.148900 2.576000 -1.569300 -2.068500
-0.750030 -0.624150 0.121890 -23.936001 -27.959000 -3.957200
0.001103 0.304470 0.112700 5.046200 2.305800 2.818700
0.007476 0.109780 0.333140 9.116300 -10.761000 15.853000
0.052449 -0.201220 -0.008864 4.271000 -6.052900 -0.541670
0.021281 -0.093754 -0.027247 -20.216999 26.735001 -10.517000
0.378900 -0.290710 0.025171 -11.276000 13.977000 -19.787001
-0.261650 0.031325 -0.384740 -2.787400 -3.471800 -7.647400
-0.080982 0.138160 -0.220460 2.865700 -2.329900 -19.978001
0.281580 -0.047301 0.068500 6.392500 -1.605000 -3.280200
-0.025729 -0.391410 -0.044218 6.872700 -9.826600 2.060300
0.333680 0.318600 0.141690 -9.001100 -29.045000 -21.768999
0.306500 -0.166120 -0.337780 21.601999 -14.764000 -23.235001
-0.121200 -0.233610 -0.060966 -14.639000 -32.550999 -4.586200
-0.063324 0.140140 -0.194650 -6.887200 -5.271500 -1.217700
-0.174660 0.018104 0.160280 -4.783800 3.289500 12.644000
0.173430 -0.523580 0.268670 0.508800 -5.064100 12.865000
-0.050393 -0.867640 -0.128650 -0.664830 12.292000 9.313300
0.510200 0.026601 0.525860 -9.053100 -1.921300 -11.847000
-0.034114 0.271000 0.274000 -5.589700 10.761000 -13.931000
-0.169830 -0.410140 -0.226010 -13.189000 -14.712000 -14.008000
-0.138760 0.332450 0.075926 -17.142000 14.685000 4.260000
0.563690 -0.140050 -0.499430 12.246000 -1.072900 -0.671300
-0.207370 0.292860 0.538220 2.063600 -5.762200 1.429000
0.081730 -0.054044 0.443390 -3.065500 -0.365950 3.863300
-0.378130 -0.333180 -0.232150 3.872600 -1.751700 -7.348600
0.081249 -0.063526 0.271900 0.369770 6.869400 -13.689000
0.065137 -0.089009 -0.158250 -1.895000 -13.691000 -12.861000
-0.145280 0.369970 -1.091900 -5.891100 2.700400 -6.745600
0.042123 -0.126900 0.073129 4.403500 -21.945000 -3.919200
-0.095455 0.004694 0.056654 -11.056000 10.094000 4.042900
-0.069302 -0.078601 -0.016215 4.031700 3.423700 7.237100
0.564690 -0.176410 0.456050 21.760000 9.657600 11.274000
0.103360 -0.113690 -0.102720 0.521540 18.924999 -9.905400
-0.176830 0.024678 -0.034969 -0.437770 -16.243000 -7.120000
-0.211090 -0.081043 0.200500 18.653000 -8.705700 8.739300
0.186050 0.166490 0.118130 -9.647300 6.481900 -2.593500
-0.159530 -0.208140 0.019511 26.240000 7.958000 -5.975400
0.133000 -1.447400 -1.022100 -3.100200 -5.578200 -7.737300
0.411930 -0.156180 -0.481760 42.087002 3.322500 -27.149000
-0.598560 0.369610 -0.886810 -13.618000 2.449600 0.182730
0.570830 0.229570 0.353780 8.558800 -8.133900 2.447300
-0.154430 0.060071 -0.001311 -8.191200 12.375000 -3.269900
0.017502 0.256570 -0.149480 -12.067000 1.691300 -0.881270
0.148300 -0.080548 -0.155680 6.683900 11.365000 -7.805100
-0.384410 -0.324030 0.399580 -3.363500 -27.999001 17.695000
0.112560 0.049253 -0.034423 -20.827999 -6.618900 -13.417000
-0.195440 -0.342370 0.080716 -11.594000 -3.833900 5.218900
0.648610 -0.647050 0.058974 -9.934200 9.457900 -5.625200
-0.040108 -0.065931 -0.209240 4.735000 5.207000 11.210000
-0.005250 0.135930 0.045678 14.449000 -3.612900 4.895100
-0.041782 -0.036315 -0.335620 8.131300 -3.411200 16.632999
0.174710 -0.019326 0.103610 10.544000 -3.527300 3.443500
-0.317670 -0.151090 -0.029105 -34.556000 -3.317700 11.748000
0.123210 -0.576430 0.418820 18.448000 -27.459999 13.984000
-0.084480 0.016306 0.303630 -11.880000 3.847700 -32.061001
0.373640 0.192490 0.267060 4.088300 2.322000 7.684800
-0.259630 -0.047589 -0.351170 -11.755000 10.360000 -16.268999
-0.081322 0.101120 -0.098460 -11.608000 -11.090000 4.791900
0.366440 0.450700 -0.245620 12.041000 7.501100 6.567800
0.663570 0.985860 0.895130 20.291000 17.393000 17.399000
0.109830 -0.090142 -0.233480 -6.866200 -16.704000 -3.158300
0.062643 1.020200 0.666480 -10.786000 -23.332001 -8.865900
0.134320 -0.286460 0.100830 0.055519 1.090800 -1.493000
-0.015373 0.056614 0.084814 2.187100 26.225000 -3.657000
-0.080598 0.110810 0.019683 -1.769400 10.110000 2.899400
-0.075427 0.151200 0.163880 -8.594400 -12.267000 11.992000
0.082179 0.169560 0.199610 -3.075900 0.304560 20.964001
-0.686600 0.228500 -0.872760 3.772400 -0.967420 6.811600
0.041792 -0.100630 -0.006644 13.748000 -4.409900 -15.985000
0.066382 -0.120630 -0.008319 -1.458700 -7.880700 12.108000
1.135300 -0.149780 -0.029067 6.522400 0.022669 -13.292000
-0.366850 -0.361920 -0.276160 -1.392700 -3.694400 -11.535000
-0.001511 0.154400 -0.027211 12.111000 4.840600 7.158900
0.045098 -0.292480 -0.167930 4.055200 10.200000 3.255300
0.061988 -0.054364 -0.151370 -19.188999 3.148900 12.376000
0.046945 -0.199860 -0.199550 -13.792000 -11.701000 -9.006400
-0.149120 -0.062218 0.113060 -18.709999 11.771000 -16.789000
-0.001045 -0.004876 -0.173320 8.490100 -8.649300 10.210000
-0.099631 -0.261880 -0.099758 -0.812230 0.382830 -9.832300
-0.352670 0.298330 0.145410 -3.005400 -4.454700 6.047500
0.015890 -0.077847 -0.153970 -6.166700 1.579700 -0.922590
-0.836730 0.233310 -0.702400 -9.888600 5.937000 -6.206800
-0.005531 0.072292 -0.031349 5.658300 -2.135100 2.445100
0.497610 -0.015832 0.050964 -23.351999 5.363200 -11.503000
0.172950 0.062049 -0.226200 16.129999 -1.198900 15.230000
0.102160 0.108300 0.064972 -8.485300 8.254400 20.822001
0.175680 0.078251 -0.213600 4.146200 4.881200 -15.685000
0.049956 -0.308450 -0.349100 -14.265000 4.575400 -2.298400
0.669490 -0.210450 -0.234220 1.812200 9.494100 6.209500
0.207320 -0.044623 0.059033 0.028508 -11.276000 -28.535999
-0.100140 0.074191 0.192700 13.553000 3.197400 -3.578400
-0.003533 -0.091543 0.331850 26.145000 -24.101000 43.342999
0.017840 0.376700 0.349540 -22.145000 17.809999 -1.230700
0.518450 0.062712 0.455830 -48.352001 5.223600 -54.595001
-0.304420 -0.086838 -0.050897 -4.765500 -2.164300 5.149000
0.161910 0.234950 -0.171840 11.296000 4.563700 -11.458000
-0.023861 -0.245690 -0.414650 -0.541190 -1.426900 3.156500
0.095366 -0.036124 -0.095305 -25.940001 18.275999 5.041800
-0.182890 -0.110560 -0.185830 14.023000 16.431999 6.781100
0.118520 -0.023144 0.343740 29.580000 -9.630200 39.514000
-1.398400 0.629980 0.334420 -9.414900 2.490100 -1.867500
-0.064286 -0.148440 -0.124630 -1.330500 1.125400 -0.860040
-0.746440 0.171000 0.347480 8.475000 -0.863880 -6.178500
0.718930 -0.487550 0.055308 -13.190000 4.754000 1.903700
0.143570 0.195260 0.132960 14.177000 8.817300 20.660000
-0.432740 0.144080 -0.203630 -0.973160 8.686200 -5.576900
-0.082493 -0.010228 0.171940 15.680000 13.494000 -7.357200
-0.009512 -0.278810 -0.460110 2.235700 1.757200 -8.407400
-0.004849 0.047192 -0.207970 -3.064400 -10.256000 -0.917040
0.212360 -0.190160 -0.129210 7.413800 5.043100 4.685700
0.018605 -0.193120 0.326770 18.275000 -10.381000 4.770500
-0.059034 0.135500 0.213490 -8.731100 -4.073200 -22.816000
-0.067007 0.312050 -0.268260 16.054001 -22.444000 15.919000
0.291940 -0.381550 0.359920 -4.941600 -7.631900 -13.696000
1.617000 0.736460 -1.421500 9.937200 6.568600 -6.971200
0.065254 -0.168500 -0.398990 -0.003983 -0.925930 -2.550000
2.285700 0.242530 1.554200 -36.925999 -5.114600 -29.018999
-0.412610 -0.192560 -0.051619 2.576000 2.030300 8.936500
0.056991 -0.117440 0.128480 -5.294300 -9.508500 -16.577000
0.171140 -0.084197 0.087993 -21.823999 14.027000 2.400700
0.037193 0.230640 -0.262330 24.292000 13.515000 -26.051001
0.253620 0.165390 -0.166980 -15.818000 23.789000 -15.155000
-0.019720 0.053745 -0.184440 5.479100 4.958500 -6.243000
0.077886 0.023186 -0.088525 18.787001 8.694300 19.253000
0.082487 -0.008212 -0.337350 -1.220800 9.284500 -1.809100
-0.080917 0.125160 -0.016824 25.605000 5.315900 2.069100
-0.035292 1.235700 -0.107100 -0.468160 30.724001 -10.209000
-0.290300 0.320390 0.077202 -2.162700 5.012600 -14.724000
-0.217090 0.136720 0.083159 -11.571000 3.974700 19.707001
-0.169290 0.166290 -0.052605 -7.984800 -6.355100 14.820000
0.049820 0.273500 0.204430 -19.483999 3.477500 -0.607390
-0.047344 -0.039818 0.029224 -15.795000 -21.514999 23.694000
-0.049865 -0.025971 0.104270 -4.918200 6.192400 15.822000
0.009615 0.141890 -0.321600 -0.936210 -2.040600 -1.097200
0.003028 -0.146690 -0.244160 -2.837200 23.743999 -4.875200
0.400770 -0.020044 0.134150 -58.285000 -2.144500 -13.790000
-0.248190 0.106380 -0.389590 -8.719200 6.286600 -1.250200
0.171270 0.049517 -0.062966 -0.307450 25.372999 -10.457000
0.050473 0.232370 0.049158 6.495400 22.811001 11.143000
-0.053876 0.176480 -0.071567 3.035300 3.173800 -2.836800
-0.098650 -0.356440 -0.126580 10.494000 -30.082001 -2.441900
-0.048853 0.137320 -0.376620 -4.371700 -6.752900 1.536500
-0.328590 -0.290990 -0.149870 -12.023000 -3.034700 -14.307000
-0.094968 0.408230 -0.247680 -10.271000 5.715200 -6.957200
-0.145530 0.026229 0.131530 -3.213000 -6.809200 13.346000
0.535720 -0.695940 -0.056725 -7.046700 1.824400 2.177800
0.300720 -0.088975 0.219430 -20.414000 -2.026600 3.163300
-0.003138 -0.081002 0.132060 -7.733500 10.770000 -7.380000
0.065188 0.083597 -0.157160 12.473000 -10.281000 -4.285900
0.211800 0.020605 -0.047232 3.564700 19.816999 19.226000
0.153200 -0.050823 -0.044993 -28.033001 8.422900 -4.534700
0.081305 0.008817 -0.238200 2.389400 -8.891400 -2.626400
-0.134510 -0.449010 -0.256820 1.727100 -7.650000 -2.057700
-0.020842 -0.054587 0.008824 20.586000 8.165300 15.289000
0.044980 0.102390 0.385190 5.501400 4.238500 7.581200
0.247940 -0.062191 0.117000 -2.498100 11.433000 -5.414700
0.275140 -0.045471 -0.146810 -11.915000 -21.200001 -3.205100
-0.165090 0.023486 0.216300 -6.038100 0.055490 11.239000
0.139930 0.427830 -0.049546 -19.429001 -0.324140 2.327900
-0.045961 -0.042524 0.162140 6.394800 -0.127530 -7.589500
-0.178120 -0.124230 -0.045178 1.378000 -1.210600 23.337999
-0.002178 -0.161830 -0.172210 8.352200 27.997000 19.160999
-0.107340 -0.023100 -0.272540 -3.001400 7.970300 -2.996100
-0.000499 -0.149040 -0.075017 10.512000 -0.116400 -1.811400
-0.289840 -0.003692 -0.062933 -26.445999 5.568500 -9.211100
-0.300160 -0.347930 0.854900 -1.743400 -16.195999 6.037900
-0.259990 -0.034604 -0.004407 -4.747200 -7.087400 20.415001
0.093330 -0.142160 0.189100 15.011000 2.669200 14.346000
-0.051206 -0.114440 0.253110 -3.829300 -1.315200 -4.647900
0.114310 0.165010 0.309930 5.386900 12.768000 -10.277000
-0.052852 -0.319600 0.116330 -4.032300 -27.669001 13.428000
0.329200 0.083025 0.257700 4.585800 5.941300 0.607710
-0.119560 -0.054025 0.045967 -11.673000 -9.637800 7.489700
0.595510 -0.095955 0.313940 1.356300 -3.775500 -3.249900
-0.208870 0.075505 0.075706 6.820100 -5.039800 -25.082001
-0.146880 -0.248430 -0.090804 -27.711000 -29.870001 -6.346300
-0.450620 0.648040 0.501840 0.381370 -1.098600 -0.906220
-1.245000 -0.517700 -1.369500 -6.866400 -4.163300 -3.980600
0.011179 0.027035 -0.165300 5.320500 -8.313700 -6.421800
-0.088872 0.257200 0.043842 -9.840600 13.499000 0.949730
0.219970 0.035839 -0.286170 8.223500 2.166800 7.905300
-0.033609 -0.207580 0.277500 14.117000 8.703200 -56.917000
1.600200 0.513820 0.568840 -26.478001 -9.627500 1.449700
0.170860 -0.058046 -0.447240 4.192600 -10.691000 -12.140000
0.020098 0.128240 -0.128120 7.241500 -3.484800 -19.032000
-0.101950 0.446600 -0.097178 7.140900 -13.701000 5.645100
0.656830 1.079700 0.384030 3.686300 9.011600 7.503000
-0.187400 0.047963 -0.142350 -13.075000 8.646300 8.803100
1.418500 0.231380 -1.427000 0.524530 -1.420300 1.545700
0.484790 -0.007773 -0.027045 21.917000 4.680600 0.578650
0.151830 0.244180 -0.058746 -11.492000 -31.417999 -1.714100
-0.095891 0.167230 0.119280 10.772000 3.028400 13.433000
-0.078532 0.079312 -0.144860 12.390000 25.955999 -7.369600
-0.122110 0.057329 0.158900 -19.341000 13.180000 0.196000
-0.418810 0.529700 0.496500 -28.204000 35.744999 31.636000
0.091184 -0.254650 0.708690 -4.436800 -4.483500 4.954400
0.193500 -0.026203 -0.123860 -11.531000 3.441300 1.152800
0.149850 -0.092033 -0.118040 -6.826400 18.381001 -23.539000
0.298780 -0.161550 0.047950 -9.189200 6.594300 15.716000
0.136010 -0.056741 0.131890 -11.453000 19.927000 -3.628000
0.118470 -0.256550 0.045691 5.411400 12.611000 4.885500
1.048000 0.093671 0.119770 19.545000 -1.715000 5.908800
0.332680 -0.212960 -0.135870 -23.850000 0.738350 -2.324300
0.171210 0.529530 0.169930 -13.197000 -39.151001 -23.782000
0.097104 -0.056955 0.163970 -7.223300 -6.900100 8.038000
-0.296030 0.468740 0.004856 -1.550700 3.424200 15.485000
0.142600 0.452940 -0.635730 -7.524100 -0.353110 2.203200
0.180130 -0.025371 0.096338 16.426001 -3.722000 5.220600
0.367670 -0.026422 0.062760 -16.058001 -13.520000 29.591000
0.006873 -0.024050 -0.025851 18.605000 -19.638000 36.793999
0.232300 0.633420 0.046374 -2.127600 1.601500 -12.715000
-0.255420 0.303260 0.115020 14.040000 -13.748000 -23.613001
-0.120450 -0.391750 0.009378 -2.764400 -14.989000 -21.164000
0.011974 0.062429 -0.013704 7.857600 -21.884001 -0.038985
0.382330 -0.550530 0.692380 0.337460 -7.636400 -7.609600
0.010844 0.021413 -0.106220 0.222940 4.285100 6.045700
0.510830 -0.271900 0.819020 -4.008200 6.592400 -21.158001
0.507680 0.255910 0.656430 0.181610 5.351800 17.847000
-0.073939 -0.068935 0.104340 -1.643600 15.968000 1.294600
-0.054831 -0.434440 0.369440 -4.373100 34.994999 -25.004999
0.224980 1.550200 0.979380 -8.530000 -55.216000 -35.216999
-0.233230 0.382060 -0.344650 -3.781300 0.130310 -7.520700
-0.315800 -0.287910 -0.109660 12.312000 5.748500 -8.558800
-0.069622 -0.167080 -0.117060 5.369200 8.509800 3.795500
0.422670 0.094145 -0.228490 -13.999000 -1.233300 1.011000
0.023966 0.242740 -0.016200 15.526000 3.680300 1.310600
-0.023961 0.017130 -0.021588 -0.086555 20.149000 -0.178310
0.557790 -0.934000 0.371510 30.193001 -28.629999 14.521000
-0.464020 -0.281530 -0.321090 5.470100 6.919500 21.476999
0.211530 -0.112660 -0.145080 -20.299000 -12.807000 1.044800
0.161250 0.006100 0.098390 3.235000 15.262000 -29.124001
0.008692 -0.027065 0.117500 30.500999 -7.717600 42.386002
0.132090 0.246070 0.177180 -1.904200 -5.889600 -14.787000
0.104590 0.075422 0.089470 -4.142000 -8.073900 2.299700
0.139150 -0.043687 0.125730 9.084700 -24.118000 -5.594400
-0.231870 0.128270 0.129140 8.937100 -13.076000 4.860000
0.111830 -0.104770 0.026109 -2.529900 2.760500 12.958000
-0.058826 0.220880 -0.102150 -4.505300 5.472200 -10.468000
-0.718210 0.016169 1.137800 0.989500 1.424700 6.802600
1.761500 0.427580 -0.373110 -61.483002 -15.247000 13.620000
-0.129230 0.275820 0.041738 34.627998 3.950300 6.518000
0.033639 0.248350 -0.199760 10.116000 10.993000 -33.782001
0.077713 -0.504620 0.144290 -5.465100 20.622999 7.477300
-0.077861 -0.072986 0.045628 5.564300 -2.440400 -4.148800
0.208500 -0.048835 0.126910 -27.115000 -20.910999 -13.987000
-0.087758 0.481190 0.012639 0.335360 20.795000 -12.908000
-0.144890 0.255830 0.039090 -28.059000 20.926001 10.249000
-0.070806 0.060123 -0.353160 -12.195000 -20.378000 1.964900
-0.624080 0.260530 0.146730 56.041000 -23.969999 7.820900
0.100080 0.030249 -0.010783 4.500200 -19.811001 13.900000
0.529240 0.629980 -0.246400 15.632000 4.995900 -6.216300
-0.023045 0.396120 -0.003762 -5.176800 6.076500 1.053300
0.441600 -0.313130 0.322990 -6.532800 11.316000 0.149590
0.003738 0.035403 0.021980 -5.812800 10.192000 11.117000
0.126040 -0.174600 0.122780 4.584600 -5.573700 3.829200
-0.153570 0.141650 -0.081311 1.916700 0.186730 5.013600
-0.091387 -0.206530 0.087457 -2.244500 2.804300 -6.639200
-0.238420 0.217740 -0.254260 16.254000 -17.931999 20.222000
0.342550 0.168810 0.056702 -11.101000 -11.301000 -8.310500
-0.202140 -0.295160 0.199890 23.969000 6.646500 -31.983000
-0.051738 -0.050085 -0.092382 2.183100 4.349400 47.668999
0.133010 0.047220 -0.107560 2.080800 37.178001 16.372000
-0.258970 0.383070 0.058644 11.980000 6.917000 1.633700
-0.218760 -0.025718 -0.607680 -9.198600 21.271999 -17.419001
0.045067 0.177940 -0.106820 2.102300 -0.231850 3.228800
0.152250 0.358830 0.304160 3.999800 4.760400 -7.985900
-0.258230 0.138930 -0.419160 -5.844400 -3.301400 -20.558001
0.030397 -0.177870 0.120030 3.340100 -6.069100 6.081800
-0.170610 -0.486560 0.182680 -10.844000 -16.863001 -1.066100
0.114450 0.435530 -0.357810 -3.666400 11.966000 -22.917999
-0.064507 0.007456 -0.167100 5.568500 7.510800 8.212400
0.032496 0.062799 0.198470 -12.830000 -12.254000 -10.253000
-0.034482 0.075213 -0.052389 14.678000 -12.005000 -7.685100
-0.363220 -0.189560 0.606740 -12.346000 -1.867000 11.283000
0.662130 -0.337030 0.158180 27.608000 -12.306000 0.201700
-0.231530 -0.356920 0.094318 -5.857800 11.892000 3.962300
-0.287990 -0.156800 -0.032298 17.709000 9.902600 13.841000
0.104610 0.069451 0.075494 -25.181000 -23.016001 -8.265200
-0.942420 0.751220 0.632960 1.954300 5.599100 -1.587500
0.762120 0.121020 0.044493 12.821000 4.070000 -15.533000
-0.188910 0.157510 0.031301 -9.777000 -20.659000 10.773000
0.073996 -0.112910 0.042485 -3.856200 13.857000 12.945000
0.073740 0.018646 -0.124870 -1.719300 2.700100 -23.018999
0.405700 0.067944 0.247220 0.294610 3.616200 0.257850
0.006249 0.221840 -0.279750 -14.456000 0.958840 -19.663000
-0.099279 -0.087696 -0.013733 -9.439400 -17.945999 -4.705900
-0.271860 0.601650 -0.416660 -2.370200 0.692050 -4.026200
-0.086002 -0.296830 0.104390 9.688000 3.401500 7.301600
-0.095036 0.246960 0.500530 -7.978500 11.163000 -6.782800
-0.217310 -0.041732 0.479610 6.326400 -3.429300 -6.558100
-0.030380 0.150960 0.117830 2.126100 9.216300 1.165500
0.319190 0.237060 0.139110 -22.211000 -44.619999 -16.014999
0.152480 -0.082292 -0.211450 3.953500 1.748000 -2.460400
0.125280 -0.032983 -0.048613 19.489000 -23.287001 -13.302000
-0.502070 1.692200 0.699610 8.707100 -30.488001 -11.768000
-0.089838 -0.026830 0.079467 -29.670000 10.039000 20.514999
-0.044164 -0.132970 0.207000 3.581600 -22.997000 14.892000
-0.409100 -0.340640 -0.142310 -15.317000 -14.439000 -19.889999
-0.161880 -0.037678 0.038383 -4.421600 18.573999 10.355000
0.419480 -0.247840 0.401200 -8.074200 -0.924490 7.191100
-0.093674 -0.050686 -0.115670 11.708000 2.114700 -4.542200
-0.091806 -0.201640 -0.166890 -8.906800 1.968900 -3.104600
0.007218 -0.015790 -0.075565 10.686000 19.820000 1.183600
-5.958100 2.412400 5.973300 -1.661400 -0.034204 0.279410
-0.398700 -0.552950 0.830550 17.948000 10.214000 -19.704000
0.062638 0.025077 0.005494 -14.066000 -16.846001 4.616500
-0.171480 0.151820 -0.071537 -16.004000 20.761000 -4.350100
-0.180130 -0.085898 0.291980 -0.589230 2.886400 -5.339500
-0.163730 -0.028631 -0.014918 -9.736800 -6.719100 1.968200
0.148040 -0.388900 0.089270 12.355000 7.063000 -18.604000
-0.632980 0.658940 0.321510 -23.174000 11.384000 7.038700
-0.295440 0.007494 -0.405500 2.397200 -16.351000 -3.119000
-0.061712 0.069422 0.028961 5.590000 12.526000 11.805000
-0.111350 -0.259320 -0.138190 -23.056000 -31.412001 21.216000
-0.102530 0.059016 0.106920 -12.147000 23.764999 11.846000
-0.073766 -0.527380 0.141780 1.241700 -10.588000 -1.801100
-1.035500 0.231840 0.066385 81.943001 -21.020000 -20.417000
-0.065515 -0.073617 0.043304 -2.099100 17.037001 4.827800
0.927660 -0.481760 -0.755470 -5.468700 10.597000 -2.615200
-0.331940 0.292660 -0.176740 2.270800 -2.299600 25.033001
-0.105430 0.110570 -0.149250 1.977300 0.981700 -21.747000
0.152240 -0.172840 -0.263730 -11.019000 -5.104900 5.329500
0.118560 -0.091270 0.005265 -18.627001 5.037100 4.504700
-0.072614 -0.034723 0.008492 -12.918000 -1.581700 -8.520100
0.737760 -0.209360 0.430430 -2.691700 7.607300 0.309490
0.183770 0.099318 -0.204190 10.319000 -19.466999 5.690800
0.011143 0.269800 0.083784 -1.726600 -10.378000 -8.666400
0.413820 1.592100 0.194970 -5.662300 -14.755000 -4.223000
0.136500 0.102610 0.101670 0.843380 -1.364500 -6.421100
-0.177200 0.065799 -0.108300 -12.902000 -4.429600 -0.528160
-0.046494 -0.143270 0.210070 -0.400940 6.828000 1.597600
-0.035878 0.057354 0.028694 -17.174999 7.751100 -13.377000
0.169980 -0.015425 -0.060870 16.920000 -8.283900 2.506100
-0.143590 -0.120890 -0.061179 -33.265999 -18.018999 16.188999
-0.081794 -0.660260 0.097409 -16.240000 10.954000 -16.195000
-0.039279 -0.162440 -0.069811 7.634000 11.975000 -12.343000
0.458880 -0.147230 -0.090369 -13.694000 2.275200 13.543000
-0.768730 -0.178980 0.371200 14.622000 4.950100 -6.343200
-0.920390 0.665020 -0.475180 26.273001 -25.204000 16.667000
0.054947 -0.150770 0.259020 -0.575850 6.357000 -10.175000
-0.035222 -0.115070 0.127810 -14.432000 11.754000 0.690090
0.408500 0.034824 -0.762220 8.528000 -1.273800 -22.080999
-0.042807 0.091334 0.016041 -0.957720 -5.407800 -2.184100
0.004030 -0.007581 0.166790 13.640000 -3.253100 10.152000
-0.117170 -0.036050 -0.079712 -14.389000 -18.238001 -1.648400
0.098259 0.092220 -0.269010 0.827260 1.158100 8.863500
-0.002155 0.058015 0.440340 -6.350900 4.489300 -33.931000
0.129330 0.070393 -0.102040 0.966190 -8.914100 8.488000
-0.283730 0.809130 0.574630 -5.790500 7.296000 2.195200
-0.081823 0.570580 -0.355350 2.115800 -7.562700 20.563999
0.250040 -0.024403 0.203030 21.920000 0.465150 15.165000
-0.370180 0.254020 -0.003494 -9.610500 -2.395800 -3.096400
-0.157010 -0.140230 0.051159 11.175000 14.951000 -27.937000
0.330680 0.103330 -0.075239 -11.939000 15.099000 -14.853000
0.016775 -0.046183 -0.009284 7.366800 5.565300 3.680600
-0.227750 0.547210 -0.441660 18.344000 17.430000 5.502800
-0.096420 -0.634450 -0.393380 -8.930100 5.352500 -8.992200
0.061592 -0.070612 -0.147680 -11.693000 3.646300 0.691320
-0.015040 0.055577 -0.203410 -12.783000 -12.485000 10.968000
0.066788 0.104120 -0.161220 20.416000 -6.088100 -20.169001
-0.653410 0.582430 0.148650 42.333000 -22.976999 -20.982000
0.327790 -0.138790 0.031165 13.324000 8.656200 -0.850240
-0.411430 0.117010 0.125180 13.845000 -3.224700 12.140000
-0.391010 0.118010 0.204090 4.599900 -7.169000 -7.133600
0.584290 -0.634720 -0.174420 14.385000 -6.153100 -1.459000
-0.144520 0.161610 0.041511 2.679500 2.181000 -8.099000
-0.085816 0.111370 0.102400 20.875999 -2.426000 -15.671000
0.197950 0.358190 -0.157790 13.480000 14.357000 -23.601999
-1.075600 0.061296 -0.526000 -33.653999 -0.446700 -15.087000
-0.056246 -0.312210 0.114720 -2.648300 -53.068001 35.208000
-0.022738 -0.221220 0.128130 -3.766400 9.624500 -8.647100
-0.133660 0.079244 -0.064294 -2.280000 13.888000 -14.569000
1.574500 0.091595 -1.186800 -17.386999 4.085700 13.755000
-0.057169 -0.153520 0.087329 -7.135800 -11.149000 -22.599001
-0.011058 -0.428990 0.140090 -12.161000 -7.753000 18.761000
0.110370 0.068957 0.118300 1.735000 4.304600 -14.922000
0.468720 0.126000 -0.241600 6.984100 0.523480 -4.931000
0.064408 -0.026782 0.172090 -8.661400 1.219100 -0.423020
0.215460 -0.053660 -0.114040 25.799000 -1.893800 29.270000
0.440280 -0.743160 -0.810870 2.028400 -5.234900 -13.872000
-0.067694 0.034300 0.084086 11.052000 -3.997100 -1.424800
0.085036 -0.037487 -0.242550 18.549000 -3.093400 37.412998
-0.047973 0.550290 0.224630 6.103500 -40.209000 -14.887000
0.059304 -0.096908 0.022194 -12.495000 14.768000 25.323000
-0.115940 0.044762 -0.072313 16.782000 6.075000 -3.504600
0.036391 -0.045919 -0.073298 -1.067400 1.111100 -5.608300
0.058382 -0.018335 0.137760 6.446400 -21.306000 12.286000
0.121250 -0.679970 -0.476080 -6.946900 -13.522000 -4.221900
0.018831 0.044735 -0.063659 -14.754000 14.250000 15.413000
-0.107770 -0.020711 -0.065044 -8.602600 3.275600 -3.699400
-0.171620 0.402940 0.056565 1.206200 -8.785400 -5.271900
-0.232430 -0.239820 0.281970 6.717200 -1.338600 -10.080000
0.038286 -0.154880 0.180810 0.425340 -2.602900 17.688000
-0.093538 -0.002860 -0.052053 9.318900 -1.018400 4.193400
-0.175630 0.443790 0.401170 29.893000 -28.702000 -28.775000
0.665120 -0.200240 0.179050 -19.097000 1.584800 -14.629000
0.136540 0.168400 0.080581 5.524900 -17.858999 1.320200
-0.103800 -0.011851 -0.016823 -4.194000 7.566000 -9.991200
-0.533500 -0.316300 -0.029780 -1.380700 5.410000 0.889960
0.535560 -0.231240 -0.078564 15.499000 -14.501000 -24.614000
-0.157630 0.188910 0.212870 -29.035000 11.548000 10.400000
-0.381640 0.603750 -0.226030 29.723000 -33.235001 17.670000
-0.040325 0.023465 0.063781 -7.284200 -1.163600 21.091000
-0.190400 -0.334340 -0.763740 -3.403400 -11.226000 -2.399400
-0.250050 0.110420 0.020571 -0.402770 -10.321000 0.978210
-0.028046 -0.049077 0.004169 -1.736800 3.129600 -15.735000
0.184440 0.161640 -0.180150 -1.710600 4.049800 12.014000
0.006045 -0.272320 0.215270 -1.654500 9.915900 -0.445190
0.056917 0.181940 0.041518 5.049700 -3.242100 22.983000
-0.019992 -0.038697 -0.022158 -14.242000 -34.213001 -2.852200
-0.164200 -0.051486 0.045416 -3.159100 -4.628400 19.420000
0.066408 -0.281540 0.073190 -21.430000 39.931000 -2.536400
0.075131 0.012253 -0.332170 2.017900 12.208000 -23.917999
0.165020 0.111930 0.092070 6.251800 -10.003000 27.379000
0.107010 -0.012769 0.046261 -11.391000 -3.272500 8.061500
0.066987 -0.001990 -0.058310 -3.916700 10.893000 1.697000
0.164650 -0.098589 0.102140 9.835900 -8.627700 -9.014000
-0.279070 0.073290 0.128570 24.712000 4.424800 -10.272000
0.011423 -0.161260 -0.065900 -3.101800 -29.577999 2.373300
0.227900 -0.126860 -0.288320 4.549400 23.423000 -11.127000
0.081791 0.008806 -0.116760 38.037998 9.783000 -14.114000
-0.433150 1.120600 -1.671300 -2.457400 10.819000 -20.200001
-0.549130 -0.932160 0.503360 6.305300 1.946600 2.951600
0.229340 -0.419720 0.079041 17.761999 -18.346001 -2.551900
-0.371370 0.001145 0.107710 -1.029100 3.824700 -1.592100
0.031632 -0.026522 0.056049 -8.324400 10.413000 11.256000
-0.023820 -0.007460 -0.053738 1.895100 7.024000 3.078500
-0.083971 0.501560 -0.110470 2.562900 16.045000 -11.253000
-0.248100 0.134890 -0.260980 -20.172001 -4.474800 -20.297001
-0.242860 -0.040402 0.248960 -10.335000 0.392330 3.218800
-0.039402 0.044060 -0.464780 11.956000 5.412100 -31.334000
0.008918 0.161770 -0.053934 -13.828000 9.834300 -3.007400
-0.328310 -0.023994 -0.454380 13.952000 -12.253000 13.442000
0.110870 0.360660 0.481210 11.095000 15.473000 10.099000
-0.128670 -0.046428 0.055410 -25.687000 -9.496600 14.389000
-0.085504 0.082052 -0.008232 -1.537600 -3.373400 6.725400
0.073417 0.098945 -0.121860 -4.766900 -9.094300 -3.044600
-0.334630 0.032341 0.181900 1.834500 -31.936001 -8.022600
0.088825 0.030537 -0.308580 -2.259500 -0.503920 0.485360
0.034618 0.010085 -0.149460 7.581400 -5.424700 4.477100
0.203490 -0.226060 -0.015562 -2.273800 -8.648200 -2.908200
0.008178 0.603690 -0.122550 2.734300 4.750400 7.707200
0.029434 -0.201090 0.268820 24.070000 3.972800 -11.467000
0.111430 -0.005719 -0.023404 15.607000 -7.672200 -0.465480
-0.123560 -0.175640 0.078236 -0.206510 -15.409000 -8.965700
-0.379670 -0.689740 0.098216 13.038000 7.539000 -11.214000
-0.135970 -0.088694 0.052487 -9.002600 28.313999 1.516300
-0.096307 0.117820 0.306040 4.988300 9.816900 -10.087000
0.297590 -0.369650 0.042607 -12.580000 8.118700 2.922100
-0.060766 0.195280 0.091865 17.941000 -26.422001 -7.226900
0.222480 -0.087641 -0.170650 -9.814900 3.557600 14.506000
-0.139560 -0.417590 0.254050 -4.792300 -15.384000 10.563000
-0.035871 -0.155270 0.152280 6.901000 1.006700 1.600000
-0.162530 -0.013979 -0.255680 -1.745900 3.559000 11.552000
0.244250 0.025467 0.117550 -11.062000 28.919001 2.384800
0.624780 -0.511620 0.709530 31.420000 -0.832480 16.881001
-0.331640 0.266570 -0.287600 56.729000 -50.407001 45.525002
-0.022087 0.227930 -0.039664 -9.741400 -23.402000 0.858390
0.078516 -0.052980 0.105260 8.056900 13.397000 2.819400
0.230760 -0.241440 0.661280 -2.992400 1.061000 -15.878000
0.419940 -0.170110 -0.076142 -10.773000 1.442900 0.719960
-0.709490 -0.037083 0.615580 -10.972000 -3.398600 13.285000
-0.120350 -0.050274 0.025038 -4.779400 -2.033300 11.865000
-0.165350 -0.082072 0.078701 7.637800 -13.424000 10.901000
0.209730 0.065502 0.199960 -3.064600 5.921900 -38.943001
0.385430 0.213620 0.884120 -2.868300 -4.267300 -8.189200
0.742800 0.173270 0.735200 -16.073999 -5.699700 -25.785999
-0.138960 0.116080 -0.139990 -12.147000 1.055200 4.413700
-0.152550 -3.539100 -0.231990 5.279700 24.676001 0.741910
-0.051066 -0.115580 -0.100430 5.360100 6.588600 -5.104400
-0.273940 0.198120 0.581750 -17.084999 10.117000 21.627001
-0.180900 -0.655420 -0.247920 -1.808900 -9.133600 -0.076022
-0.185860 0.236020 -0.092847 16.115000 17.166000 2.455800
-0.393840 0.058679 -0.159380 14.655000 6.168900 13.491000
0.135030 -0.033123 0.044894 -9.554800 0.657960 10.398000
-0.116750 -0.126700 0.110570 21.465000 -11.275000 -10.746000
-0.374370 -0.241820 -0.062599 -9.310500 -10.209000 0.367820
-0.045116 -0.225410 -0.132280 13.615000 -30.480000 11.815000
-0.010153 0.033214 0.091073 4.048400 -4.043000 -1.192700
-0.346840 0.270030 -0.399570 37.480999 -35.831001 42.419998
0.094340 0.443620 0.356250 8.282900 -11.274000 -13.272000
-0.609060 -0.141400 -0.559390 -13.011000 5.254900 1.690100
-0.048000 -0.270620 -0.291390 -16.771000 -24.422001 21.851000
-0.068747 -0.105860 0.079103 8.002800 10.456000 -4.435300
0.599910 -0.488790 -0.691730 4.948100 -0.464750 2.670100
0.024503 -0.163320 -0.106690 2.420500 -18.662001 8.744200
-0.167520 -0.539270 0.330340 -7.622600 -18.148001 7.422700
0.204200 0.236170 -0.172230 -0.831770 -22.344999 22.504000
-0.338560 -0.137070 -0.005868 -5.639400 24.170000 8.773000
0.042251 0.088273 -0.088522 -5.537800 -19.569000 7.709500
-0.023275 0.043092 -0.249360 -0.834320 -8.561700 -2.182100
0.277350 0.069865 0.016175 -17.528999 -6.041500 -0.684480
-0.187410 -0.097629 -0.064879 22.679001 12.756000 6.280000
-0.174220 0.006092 -0.005297 -7.616200 -0.965130 -4.019700
0.306610 -0.019320 0.213890 5.782500 11.211000 7.792800
0.296010 -0.608690 -0.107060 13.728000 -2.128000 3.996700
0.044251 0.059343 0.014037 -12.900000 -2.888700 -0.910200
-0.236230 0.056462 -0.284150 -19.221001 -4.937900 -25.059999
-0.092344 0.232330 0.108230 -9.503100 -0.159620 13.338000
0.320620 -0.490440 0.080253 2.445100 1.482200 11.376000
-0.066862 -0.064300 -0.286860 -12.544000 -15.465000 -11.631000
0.096410 -0.412260 0.317950 4.453000 -22.801001 31.624001
-0.347820 0.086862 0.072113 12.050000 -3.555600 -6.542700
-0.162280 0.272930 -0.080401 16.523001 -15.852000 -7.320200
-0.239260 -0.118440 0.081755 50.759998 -20.938000 12.074000
0.129510 -0.151320 0.036227 1.647700 33.429001 -8.216400
-0.036631 0.085678 0.586510 -5.631200 8.090600 24.025999
-0.200610 0.035351 -0.139390 -0.211770 -3.559600 6.098200
-0.052839 -0.138190 -0.179140 5.794300 -11.702000 -4.788400
0.121810 0.011550 0.135040 -1.417200 3.158400 9.668200
0.004902 -0.162360 0.277240 -19.840000 18.391001 -1.226200
-0.124300 0.124040 -0.104060 9.110700 11.625000 7.076300
-0.162140 0.300440 0.204640 -6.895900 -1.982600 -3.939100
-0.375010 0.098453 0.081417 -17.792000 20.645000 -22.679001
-0.127440 0.231340 0.078362 -7.282000 -6.140600 -13.135000
0.570150 0.077093 -0.201810 -22.794001 -6.092800 -7.374600
-0.179510 -0.014387 0.416860 4.772700 -10.723000 -6.576700
-0.279360 -0.363950 0.477010 -1.347900 -18.617001 10.774000
0.202690 0.255930 0.299740 -4.768600 -12.392000 -16.495001
-0.247040 -0.593260 -0.143390 -7.827600 -3.264200 0.916800
0.029875 0.251070 -0.520670 2.844900 2.380300 11.442000
-0.421920 0.089612 0.061758 -10.002000 4.375400 -10.581000
-0.248150 0.158960 -0.008852 -2.604400 2.372200 1.763400
-0.280530 0.531420 0.388640 2.620000 -0.565980 -10.377000
0.242360 -0.158610 -0.295800 3.707700 8.244100 -3.352800
-0.086645 -0.222170 -0.118570 -12.062000 -10.167000 -5.135500
0.018389 -0.133770 -0.072769 10.527000 -8.812100 5.246700
0.060549 0.376730 -0.187530 0.490910 28.798000 -3.650600
0.270630 -0.116590 0.367920 -0.217230 4.020200 -4.393900
1.024000 -1.567100 -0.461370 -2.686700 3.567800 4.658000
0.093785 0.015785 0.060602 15.696000 6.992900 9.377200
0.126450 0.230920 0.386290 -15.228000 -17.952000 -17.819000
0.054473 -0.895840 -1.009300 7.906600 -31.211000 -31.242001
0.232340 -0.143850 0.202410 8.396000 1.922000 0.087536
-0.241380 -0.148520 0.027219 8.786000 25.497000 3.922500
-0.362500 -0.273040 0.241500 12.074000 7.482900 -7.845900
-0.064048 0.049656 -0.099272 12.661000 -7.039300 12.570000
-0.215450 -0.173950 0.068623 15.155000 2.614700 -10.738000
0.200610 0.135440 -0.257720 20.525000 -9.828100 -42.733002
0.256730 -0.523060 -0.282440 5.932600 -7.287600 -12.216000
0.001117 -0.158480 0.121070 -15.758000 -38.863998 7.579100
0.170820 0.118210 -0.054454 -1.617000 -0.247160 15.743000
0.246030 -0.323690 0.261470 -5.923600 18.934999 -18.680000
0.872810 -0.373340 -0.419220 -12.315000 9.446500 3.790600
-0.019555 0.326770 0.003554 11.375000 0.333560 -11.348000
0.130970 -0.061673 0.123880 -7.411600 16.622000 -33.117001
-0.939960 0.735030 2.061500 -5.207100 3.954100 9.425500
0.137170 0.336710 0.222960 -0.984490 -6.436600 -3.183400
-0.012289 0.081185 -0.193170 -16.455000 8.506500 -9.809000
0.309350 -0.146080 -0.097969 23.837999 -6.209300 -7.681500
0.339050 -0.624130 0.266640 -28.131001 66.123001 -12.731000
-0.470610 0.227010 0.079247 6.543200 -1.785300 -27.511999
0.112940 -0.139580 -0.048953 2.326500 -7.615900 1.949300
0.255350 -0.018219 0.000082 11.919000 23.039000 20.735001
-0.111870 -0.110050 -0.063041 -12.133000 18.417999 -21.155001
-0.010445 0.036579 0.210170 11.910000 3.864400 10.385000
-0.234770 0.234360 0.232380 2.882200 10.850000 -4.445900
-0.223510 0.111900 -0.017191 13.772000 0.757100 18.486000
-0.042147 0.381350 0.273860 -11.591000 -7.470400 -10.039000
0.010135 -0.006239 0.100640 -0.974760 10.969000 2.072600
-0.110000 0.064264 -0.132040 8.005500 13.649000 -5.564000
-0.123790 0.025175 0.156760 -0.133540 -5.855100 -39.736000
-0.030788 -0.073717 -0.125850 -7.015100 1.371800 7.644000
-0.551190 1.083200 -0.373060 5.208800 -7.072800 3.921800
0.028659 -0.272220 -0.098170 9.710200 2.988200 -3.206800
0.487570 0.140130 0.216830 24.205999 8.116900 16.865999
-0.041365 0.363470 -0.165940 5.810900 33.933998 -28.167999
0.148560 -0.052216 -0.061809 -6.704000 3.997700 7.493000
0.068650 -0.220410 0.346530 -4.909300 1.182100 14.321000
-0.523020 -0.180080 1.115600 3.199700 6.720200 -0.882860
-0.176590 0.075889 -0.063255 17.490999 -4.539300 4.826300
-0.022956 0.210830 -0.072876 -1.794700 -8.179200 1.533100
-0.244700 0.135150 -0.248070 -34.376999 -3.209600 -26.158001
-0.299900 -0.134800 -0.148000 29.996000 -6.608300 18.511000
-0.169910 0.261900 0.157970 -2.212000 -27.370001 -12.857000
-0.071941 -0.203240 0.048813 29.318001 16.138000 -0.347110
0.007777 0.193390 0.318480 -1.773500 -18.201000 -19.750999
-0.100090 0.361310 -0.355650 -5.932100 0.853930 14.710000
0.094895 -0.036978 -0.276740 -0.195700 -0.355390 2.004600
0.935160 -0.881490 -0.388560 2.117300 0.247040 -5.435000
-0.088657 0.052979 0.071666 -12.980000 2.382900 -10.213000
0.017394 0.106230 0.143150 -13.919000 23.639999 8.743800
-0.407060 0.145800 1.224800 2.755900 -1.546100 2.428200
-0.739850 0.642290 0.253400 -35.980000 31.827000 5.180300
-0.267220 -0.226530 -0.223620 17.679001 23.532000 35.465000
0.041258 -0.091138 -0.139640 -0.698560 7.088200 9.783500
-0.269420 0.223740 -0.093528 -2.576600 -0.036098 7.251200
-0.226420 -0.000526 0.051453 15.191000 -2.046000 12.233000
-0.163200 0.094463 0.099210 5.209300 8.169400 -13.171000
0.353210 0.212000 -0.271210 9.217400 -6.844300 -37.777000
0.348060 -0.780120 0.514420 -18.582001 31.625000 -21.209000
0.073335 0.090715 0.150430 -0.077310 6.695300 -5.554700
-0.176810 -0.241130 -0.265620 -1.052000 -8.673700 -9.589800
0.196760 -0.150530 -1.248300 -2.826000 8.791400 20.556000
-0.156560 -0.097564 -0.080712 6.753800 9.123600 5.215100
0.218140 -0.066724 0.069457 5.809400 7.536000 9.908800
0.343730 -1.551200 -0.788730 -8.504600 9.768500 4.672100
1.464900 3.787900 1.950100 16.186001 37.654999 19.274000
-0.059192 -0.087619 -0.170900 -18.893999 -2.959200 -7.148900
0.036906 0.147910 0.090059 4.853300 10.316000 18.613001
-0.103510 0.074024 0.341230 3.107800 3.132800 -14.450000
-0.202900 -0.589800 0.788230 -7.112000 -19.729000 32.900002
0.004494 0.221600 0.172770 -8.515600 -4.671300 -37.026001
-0.029503 0.047314 0.173010 -1.925700 2.419500 -1.954200
-0.148770 0.211180 -0.004583 0.701220 0.143970 -1.446700
-0.315110 -0.186970 -0.196350 -12.987000 -4.128600 -3.845200
0.040485 -0.034029 0.138590 -15.506000 -3.114900 -7.545500
0.039758 0.163900 -0.042527 0.793710 19.716000 6.559000
-0.166460 -0.000095 0.211690 0.607980 -22.547001 -29.881001
-0.028855 0.096388 -0.157130 -4.771000 8.689900 -4.693400
0.020974 -0.008743 -0.060748 1.870200 8.610600 13.537000
0.120250 0.050780 -0.157310 -5.013500 -5.985900 15.609000
-0.193970 -0.081763 -0.086631 10.495000 2.094100 2.527900
0.090632 -0.080712 0.166030 -16.881001 15.047000 25.634001
0.132870 -0.110870 0.062115 8.316600 -5.534000 5.682500
0.192120 -0.275090 0.098137 -13.869000 -6.744800 18.238001
-0.214990 -0.221700 0.146310 3.562000 17.212999 0.256720
-0.017113 0.161900 0.065257 12.557000 34.803001 9.844300
0.516410 1.530000 0.145160 13.931000 7.509000 3.318700
0.281020 -0.604300 -0.301150 11.947000 -18.577000 -16.062000
-0.199400 -0.197560 0.683990 -0.257270 -1.805600 -2.370200
0.283850 -0.114180 0.250430 9.402000 -22.115999 13.761000
0.081114 0.002720 0.040040 7.341300 3.447500 -4.884400
0.047816 0.066216 0.088462 3.688000 10.483000 8.510700
0.107060 -0.015119 -0.131480 6.692400 11.501000 -8.660800
-0.476080 -2.057000 -1.370800 -6.981300 -16.287001 -13.993000
-1.425400 0.202190 -0.791000 8.383900 0.646630 -0.278660
-0.376820 -1.120300 0.053716 17.458000 40.867001 -9.003600
-0.016700 -0.021695 -0.112730 19.681999 -2.652700 -11.834000
-0.109310 -0.051711 -0.095107 2.064600 -2.481700 17.757999
-0.408360 0.382380 -0.484150 -18.910000 8.369100 -27.474001
0.363530 -0.144260 0.078050 -11.177000 10.153000 16.223000
0.032370 -0.118330 -0.091850 10.996000 -0.991350 -3.502500
-0.134930 0.169500 -0.092843 3.003600 -5.176400 17.562000
-0.090180 -0.261760 -0.304420 0.826260 16.759001 11.391000
0.175770 -0.102790 0.145670 4.648300 4.884500 6.660000
0.039406 -0.812050 0.242030 -4.680200 0.668600 -3.487700
-0.301840 1.676200 0.584140 -5.799700 27.160000 7.387400
0.121410 -0.183020 -0.144840 -16.804001 15.095000 4.456000
-0.097310 -0.103010 -0.114150 14.624000 -5.428800 16.841000
0.277170 0.036699 -0.182770 -10.119000 4.672900 -2.174400
-0.037959 0.394640 0.431330 19.657000 44.868999 15.326000
0.282700 -0.070015 0.091701 -3.307300 13.780000 -3.157900
-0.115670 0.013267 0.083702 -3.610700 -14.323000 -7.238900
-0.165750 0.250950 -0.280360 -18.509001 0.085120 5.034800
0.130810 0.117610 0.081807 24.917999 20.537001 -24.513000
-0.064178 -0.522560 0.550020 -17.459000 -2.741600 0.457150
-0.053824 -0.119440 0.169340 -10.558000 -14.707000 -14.529000
0.353700 0.050420 -0.131420 8.480700 -10.207000 -0.418290
0.134260 0.234580 -0.009303 -2.955700 -7.692200 -2.040500
-0.307530 -0.708820 0.161560 -7.528900 -7.566600 6.243900
-0.093357 0.347170 0.053599 -9.532700 2.358600 6.351800
-0.039118 -0.003828 -0.136490 -8.935400 19.612000 -11.074000
0.418590 -0.271160 0.061461 -8.110000 0.677880 -0.591570
-0.115570 -0.241990 0.054370 2.715000 -1.731700 -10.424000
-0.415210 0.134110 -0.398610 43.771000 -3.169200 42.570999
-0.011972 0.100650 0.251250 2.711600 5.788000 3.042800
0.026730 -0.664330 0.116670 -6.796700 10.609000 0.007328
0.214300 -0.173030 0.199370 7.306300 -16.695999 -0.250000
-0.121190 -0.062587 -0.030298 -2.525900 -17.100000 -13.034000
0.051681 0.072659 0.088913 8.357200 8.810000 3.337100
-0.956220 -1.270300 0.161510 -46.224998 -61.604000 8.350600
-0.042632 0.198310 0.065543 -9.638700 -9.828600 7.130400
0.193460 -0.212930 0.159800 -0.360210 -1.333000 -10.526000
-0.264320 -0.059160 0.740380 3.321200 -0.745250 -22.931999
0.199570 -0.653610 2.166200 -5.557700 -3.186400 2.323200
-0.680680 -0.339500 -0.837620 -14.635000 -4.215100 -6.147000
-0.115960 -0.082988 0.004617 -11.886000 1.748600 -10.491000
0.839430 -0.744430 0.329690 -45.806999 45.391998 -20.275000
0.016161 -0.076392 0.104690 1.534600 -13.496000 -0.672150
-0.378630 0.068919 -0.081966 -6.833100 16.969999 8.856100
0.012925 0.052455 -0.005288 -4.353900 -11.704000 -9.327300
5.222200 -0.304990 0.479010 -9.216900 -0.260990 -0.620450
-0.160660 -0.464170 -0.091229 5.256300 7.957000 1.278400
-0.856320 0.177180 0.142850 19.143000 -0.788020 9.214700
0.011804 0.501490 0.075295 3.087100 -2.524200 -1.058600
0.047988 0.162170 -0.212650 20.823999 7.915200 38.785000
-0.086930 -0.260460 0.450920 27.221001 26.525999 -53.355000
-0.090081 -0.075292 -0.058137 -4.615300 -7.449200 5.684700
-0.317860 -0.001160 -0.249820 0.238760 2.338700 9.447900
-0.270760 -0.269730 0.089908 -8.066800 2.817300 4.493700
0.227540 -0.070661 0.437800 -3.457000 -3.576800 -30.716000
-0.059979 -0.189510 -0.568160 3.914900 9.153200 5.091000
0.039921 0.101220 0.140060 0.619840 16.209000 -7.243700
-0.154890 0.173300 0.630850 -3.874000 8.923300 11.903000
-0.130610 1.150800 0.048005 4.406900 -19.978001 10.726000
-0.004358 0.138110 -0.101350 17.656000 1.606100 2.146100
-0.346890 0.119280 0.047796 2.684600 -2.665700 -1.956100
0.322040 -0.587150 -0.001104 -1.499600 -7.971000 7.367800
0.338300 0.161660 -0.075593 10.740000 14.885000 9.995000
0.109100 2.035000 0.485190 -4.056400 4.803300 4.961600
-0.421830 -0.102480 0.099374 24.098000 6.080900 -9.377700
0.045370 -0.162730 0.155360 -9.660500 9.703800 -4.855400
0.003783 0.352790 -0.054543 2.601500 -22.344000 1.988600
0.155220 0.182750 -0.326050 1.623900 0.452350 2.393000
0.000247 -0.257120 0.170110 8.419700 -32.973000 27.285999
0.409310 0.220210 0.113780 4.742600 -10.601000 2.526000
-0.048599 0.005676 0.163870 3.602200 -0.055709 0.778800
-0.289670 -0.199910 -0.095209 5.103500 7.647800 18.761999
-0.352380 -1.400100 -0.373740 1.173300 -8.875200 -0.758950
1.013000 1.150500 0.175370 59.571999 71.709000 2.640600
-0.088732 1.278700 2.854900 2.975300 6.870300 8.692700
-0.004348 0.194450 0.067498 2.403700 13.388000 -6.454400
0.024336 0.002875 -0.194650 -3.988600 3.382700 3.226500
-0.080556 0.074365 0.043885 9.097700 0.352130 -2.412800
0.257520 -0.012488 -0.152000 37.424000 -0.902190 -11.848000
-0.211000 0.206510 -0.044441 -0.304730 -1.064700 -3.029700
0.127120 0.110960 -0.052794 2.447800 -3.025000 10.477000
-0.160130 -0.097395 0.047313 4.537600 -10.849000 7.415500
-0.017536 -0.056940 0.032960 5.420900 5.839000 8.994100
0.026917 0.093971 -0.170660 3.323200 3.066400 -4.542800
0.123250 -0.058608 0.081946 1.695200 -1.568400 -0.624180
-0.295700 0.179130 0.112180 10.846000 -8.315100 -21.186001
0.053469 0.053865 0.123000 11.702000 -1.962800 7.065600
-0.503470 0.123550 -0.180920 -19.591000 -0.440720 -19.493999
-0.061169 0.059294 0.018216 -5.943900 -0.651620 -31.384001
0.125780 0.508700 -0.070572 -1.277200 -14.398000 3.988400
0.423250 -0.813900 -0.232550 5.291000 -13.894000 1.556300
0.093230 0.128060 0.156540 18.232000 2.730400 4.581900
0.758610 0.844970 -0.403800 5.784700 -5.052100 0.377780
0.149940 0.206930 0.702470 -0.753010 0.611390 0.808600
0.139170 0.392340 0.131930 3.451200 5.820000 4.536500
0.036921 -0.028037 0.014050 -8.947000 7.834900 6.777800
0.323050 -0.064361 -0.058549 -9.486600 35.550999 11.440000
-0.070320 -0.169780 0.048969 -26.858999 12.821000 8.682000
-0.017466 0.027400 -0.095954 -16.540001 -2.231400 -16.931999
0.124900 0.405800 0.836090 -0.546070 -14.991000 -20.011000
-0.013820 -0.022157 -0.113230 10.951000 25.061001 -1.692100
0.046323 0.038963 0.069637 -18.538000 9.786800 -15.251000
-0.359610 -0.213580 0.065016 -19.896000 -4.970300 -2.015800
0.675430 -0.369980 0.178880 7.976500 -14.970000 -7.398200
-0.751270 0.332560 0.181860 -2.158100 -7.881700 5.514200
-0.122360 -0.046615 0.103250 -7.199700 1.603500 12.928000
0.197390 0.079736 0.287810 21.867001 2.199700 5.977100
-0.076230 -0.029187 -0.119410 6.107900 15.682000 17.622999
0.827660 1.426000 0.523990 -28.763000 -58.783001 -23.252001
0.291900 -0.601790 0.609710 11.709000 2.676400 -14.526000
0.211900 0.528040 -0.102850 11.323000 22.599001 -6.674400
0.471350 -0.188930 0.049174 -21.520000 10.109000 -8.640900
-0.159220 0.286810 0.039682 1.298600 19.337999 4.750700
-0.451080 0.156620 0.184430 1.415200 6.822900 0.336040
-0.039578 0.192730 -0.126870 4.802300 1.631000 -1.078500
-0.208450 0.360450 0.796120 10.321000 -8.638700 -1.551500
-0.249790 0.315500 -0.229710 2.534400 -8.026600 20.523001
-0.693370 -0.220910 -0.556270 13.277000 1.764000 11.516000
-0.242220 -0.157230 -0.057351 12.390000 -6.940100 15.949000
0.220090 -0.266590 0.364700 -12.815000 4.199800 -2.177000
0.316490 0.333580 0.296510 11.269000 -3.233600 12.168000
0.318070 0.016817 0.044628 -21.278999 -8.201400 -13.635000
0.193230 0.240170 -0.110010 3.037300 -7.350000 -2.243800
-0.220560 0.142230 0.090741 17.424000 2.797600 -31.936001
-0.305500 -0.355030 -0.083059 14.299000 3.767300 6.358200
-0.426980 -0.183580 0.188140 10.247000 -13.243000 1.457800
0.036700 -0.207450 -0.086184 -22.844999 -2.283000 2.344700
0.586030 -1.561500 1.418900 -5.596800 19.261999 -19.041000
0.275740 0.079319 -0.287690 3.759400 -6.136000 -3.847500
-0.168310 -0.200890 0.146230 -41.762001 -12.778000 -2.058800
