-0.001923 -0.035305 -0.117870 9.359924 -2.523359 10.111803
0.190860 0.050404 0.010318 -0.121692 11.375653 9.636585
0.079940 0.144210 0.023341 14.710984 -7.983168 -6.791007
0.040792 -0.111030 -0.098042 -4.291089 -8.165706 3.803144
0.059828 -0.138290 -0.005084 -2.608517 0.247225 1.967838
-0.033733 0.037708 0.250400 -15.674239 -1.934350 -13.522664
-3.120400 1.442300 -1.346600 58.746666 -24.310473 22.843729
0.050155 -0.237520 -0.043536 -5.889727 9.182698 18.754562
-0.201380 0.080722 0.016278 18.235129 12.879474 0.922217
0.513710 0.044112 -0.119050 -27.144241 -9.725258 8.523946
-0.175160 0.113600 0.016945 12.309340 -2.666059 -13.998753
0.283740 -0.043693 0.049412 -3.825701 17.318971 -2.173813
0.193610 0.042231 0.192750 -19.204210 17.487683 -4.069613
0.021498 -0.007318 0.039895 0.794626 -2.329943 -2.054453
0.671920 -0.698370 2.329300 3.144722 -11.322424 44.511664
-0.094284 0.311760 0.009171 15.185164 13.061810 13.703596
0.095779 0.088258 0.017782 -4.304736 -8.626642 11.946392
0.506930 0.508340 0.952080 8.412744 14.853365 22.387780
-0.138760 0.101740 0.136420 0.427353 -5.453817 -8.939856
-0.044688 -0.011744 0.128930 -1.355966 8.596486 0.467029
-0.079445 0.108370 0.130440 -2.987103 0.677772 -6.474280
-0.113390 0.119970 -0.255690 14.826607 -20.023267 -7.352620
-0.115670 0.013267 0.083702 -3.587576 -15.332039 -5.555679
0.011321 0.067409 0.126260 -6.049261 -17.304063 14.031302
0.081436 -0.412450 0.316810 -5.374691 -9.474580 -7.664137
0.087372 0.019097 -0.019754 -10.319014 2.983234 21.016980
-3.867200 3.433200 1.454200 23.904582 -22.929093 -11.993322
0.418310 -0.160410 -0.291860 12.623772 -15.482965 -10.755629
-0.112390 0.122000 -0.069611 -5.282275 2.911502 -14.770576
0.061708 0.037040 -0.142080 17.960510 -20.724796 -9.841044
0.181230 -0.065726 0.071511 -8.211597 11.643405 20.682783
-0.139770 0.806470 -0.554900 10.269588 -21.579334 19.103805
0.183280 1.002900 -0.986430 4.118209 45.620352 -49.011444
-0.010762 -0.151970 -0.055159 1.819727 -1.168484 -7.736473
0.671270 0.279240 -0.380350 -10.712876 -1.596620 10.777876
-0.109150 0.837860 -0.044880 0.178824 9.518364 0.249346
0.161010 -0.031741 -0.058014 -0.074351 11.468727 2.380513
-0.204410 -0.252500 -0.133750 -38.114085 -13.273304 -13.358158
0.134800 0.518830 -0.353730 -15.584489 0.125016 20.587185
0.306610 -0.019320 0.213890 6.482230 15.513373 5.026739
0.090778 0.241830 0.148930 -6.333494 -15.996670 -5.542979
0.032004 -0.206230 0.141620 1.620865 26.027100 -8.919087
-0.149640 -0.131000 -0.130920 -1.311916 0.351170 -8.011235
0.553240 0.287260 -0.714180 12.094741 6.792197 -20.499939
0.017502 0.256570 -0.149480 -14.736651 0.771871 -1.526345
0.037193 0.230640 -0.262330 22.690979 13.285481 -24.675402
-0.162580 0.014817 -0.409670 -14.829539 -6.730491 8.107813
-0.326980 -0.066154 0.501950 0.331470 -12.448526 4.548600
0.368470 -0.235170 -0.117560 -25.769396 14.958451 14.774784
-0.119030 0.265640 -0.276000 12.444609 -10.728550 31.953122
-0.253300 -0.178810 0.013740 1.738707 51.921759 26.266077
-0.227410 0.080729 -0.162440 -11.813765 12.574785 4.884936
-0.005388 -0.096740 0.107530 12.031497 -19.349528 7.010730
-0.230640 0.243240 0.176770 8.649541 11.008803 16.175428
-0.104340 0.103170 -0.202970 4.628026 -11.128650 5.998283
-0.115030 0.173370 -0.073078 14.564805 -27.384416 21.207467
0.104050 0.187270 -0.064916 2.489892 -2.916074 1.538820
0.398370 -0.289080 0.300620 12.357181 -10.422085 21.379782
0.305770 -0.129220 -0.004318 6.666060 -8.301575 6.252903
0.112660 -0.446470 0.186100 9.631299 -14.969827 4.497294
0.413000 0.538270 -0.078156 -0.981397 2.458123 -12.191932
0.000951 0.172630 0.090374 8.033865 -2.191928 -8.873265
-0.556640 -0.432880 0.636540 28.923255 17.558709 -26.691304
0.316940 0.074815 0.371170 -3.859285 2.630372 4.294088
0.109150 -0.142150 0.102290 4.285953 4.716158 -8.995585
1.761500 0.427580 -0.373110 -63.264421 -13.179521 15.116546
0.194270 -0.235010 -0.121500 -5.485766 7.421415 -2.964426
-0.780780 1.035500 -0.475060 -13.352760 0.279525 -9.352455
-0.461470 0.008052 0.503450 -32.770744 -5.907261 24.185400
-0.110260 -0.318610 0.433300 20.225501 11.133459 -43.261101
-0.215920 -0.341950 0.217890 0.735915 -13.653508 16.419037
0.159100 0.017334 0.268880 -30.206700 0.090419 -11.170249
-0.040220 0.057771 0.044747 28.723340 -33.218862 19.106538
-0.302690 -0.067007 -0.823340 0.598545 -2.784441 2.839727
0.204560 0.062791 0.101500 28.163846 0.299945 11.753818
-0.165250 0.202830 -1.319100 -1.601268 -9.653830 0.311226
0.094876 0.637980 -0.255620 5.572674 25.095344 -20.025667
0.980640 0.303460 0.826900 -33.715247 -4.685990 -31.647145
0.175610 -0.094646 0.454920 -3.317703 14.519537 -15.963345
-0.099647 -0.012857 0.004810 -6.769437 5.769179 -13.700879
0.359020 0.555480 -0.730540 -7.368862 4.911792 -8.230311
-0.074498 -0.210980 0.355450 -16.791205 -15.071874 13.502400
-0.574230 -0.482110 -0.681120 9.807482 3.314410 13.177034
-0.126850 -1.214800 0.026991 8.731455 12.428843 -1.948367
-0.279860 0.281580 1.117600 -4.958324 -1.458250 2.829537
0.004873 -0.238360 -0.123100 -0.312602 1.296937 -2.433580
0.009637 0.082141 -0.043014 45.686744 0.044115 -10.304993
0.158380 0.161950 0.151400 9.311616 10.234249 9.008795
0.112800 -0.118850 0.062856 -6.427303 0.637565 -7.168072
0.125710 0.133010 -0.162510 -5.996851 -0.659509 5.198374
0.149460 0.235760 0.093916 11.507503 24.496656 6.678125
1.841800 0.150900 -0.361390 40.418927 11.486231 -8.453805
-0.180840 0.155830 -0.094365 -0.099450 23.391893 -2.748374
-0.328430 -0.011807 -0.010282 9.626562 1.961732 0.111094
-0.159770 -0.085062 -0.373630 4.666184 2.865954 18.564934
-0.038864 0.151690 -0.184000 -5.473149 3.938679 -2.401072
0.115970 0.112170 0.003500 -0.649452 -16.332340 29.852236
-0.027572 -0.330410 -0.918300 -6.018581 -16.167379 -40.745398
-0.391180 0.962880 0.487080 2.160405 -5.103022 -1.053580
0.399320 -0.063873 0.464980 5.445045 -13.368617 10.012989
-0.147840 0.225940 -0.038856 8.019528 7.255651 -4.867730
-0.149120 0.189430 0.108650 -3.131614 -1.223435 14.006514
0.210260 0.001365 -0.197450 1.226954 4.808595 9.403193
0.076752 0.143560 -0.098550 2.316062 16.234639 -12.627490
0.101470 0.068055 0.082574 10.194801 29.131082 7.750937
-0.192230 -0.221990 -0.049899 -6.326204 -14.134998 -3.926048
-0.112050 -0.030291 -0.009177 -11.525147 0.705464 -2.604332
-0.114520 0.056777 -0.087506 -13.761359 -10.541720 2.781354
0.103300 -0.074617 0.285640 17.658957 -3.623296 15.061655
-0.820130 -0.065985 -0.342160 7.050717 2.630902 5.730043
0.046214 -0.387820 -0.017826 -10.116929 -16.034683 -3.618234
-0.792370 -0.626360 0.266880 -10.092808 -9.285615 -2.746679
-0.104030 -0.165580 0.219760 24.275517 5.440828 -10.934349
0.069155 0.166310 -0.208030 -8.485231 3.760435 -6.562582
0.161110 0.019472 -0.142490 -5.126033 -3.115010 11.781867
0.307120 0.029601 0.061230 41.080463 6.029135 4.076933
-0.034886 0.029418 -0.052891 -8.997970 -8.100488 8.282100
0.053747 0.186330 0.130970 11.055490 29.299889 22.347170
-0.169030 -0.083609 0.027283 -35.899882 -12.659354 -2.083280
0.032249 -0.209000 -0.041790 8.282892 0.242071 0.617061
0.083094 0.133290 -0.184110 0.890721 28.120945 -6.717226
-0.219320 0.116710 0.327440 -4.041987 -7.350880 14.466118
-0.067007 0.312050 -0.268260 17.600407 -26.786386 17.154383
-0.162600 -0.193980 -0.096830 -8.033290 -11.882313 -16.176933
-0.069805 -0.168650 0.050261 7.792523 0.062498 -2.550298
0.170710 -0.157980 0.184300 6.700349 -4.878288 14.612970
0.427720 -0.735620 0.128250 -3.526073 -0.853347 3.563886
-0.097710 0.284310 -0.164000 -0.966354 19.265001 -7.852014
0.265530 -0.112320 -0.107550 9.176482 -4.537640 -20.245811
-0.057512 0.170410 0.156230 -5.713111 -3.204823 -8.997678
0.092107 0.097230 -0.134660 -27.801272 -0.603851 -21.799760
-0.038356 -0.035654 -0.137610 -35.237171 -17.001023 -14.852526
-0.210390 -0.006882 0.389900 1.227036 -3.478461 -20.724410
0.299750 -0.151950 -0.214550 7.928496 -23.534931 -6.500868
0.135410 0.366620 -0.040017 -4.838710 -6.817468 3.828744
-0.046649 0.283380 0.147420 -1.862015 1.978345 16.667981
-0.565240 -0.392800 -0.035263 21.870310 13.538408 -24.028816
-0.632980 0.658940 0.321510 -25.686407 12.461292 7.245713
0.414260 -0.435270 0.093184 15.085645 -15.300586 11.112785
0.857370 0.243590 0.009238 8.409121 -5.798145 9.792746
0.148510 0.277630 0.177390 6.927224 -9.402696 10.598090
-0.117700 0.160500 -0.162700 -0.688770 -68.061234 63.550913
0.135850 0.207070 0.228250 1.491471 16.904680 23.098120
0.061313 -0.094849 -0.001797 -6.451794 -8.343155 -0.375664
0.063578 0.132690 -0.005588 -4.247121 -27.104776 16.237527
0.191210 -0.252840 -0.206560 -9.135358 0.061130 -0.778992
-0.817160 0.814360 0.224240 9.164727 -18.698766 -6.642888
-0.434520 0.067665 0.244980 -21.565473 -0.695717 8.568520
-0.130140 -0.169920 0.199090 11.685127 -0.887355 -10.220446
0.052124 0.136600 0.117440 4.664941 1.261290 -7.538090
-0.145300 0.013027 0.067858 29.447040 -10.293138 3.798220
-0.070249 -0.301340 -0.128730 -1.932314 3.666195 0.515802
0.282190 0.051485 0.129590 -7.186406 41.678924 -13.710648
0.006113 -0.005129 0.206060 9.279098 11.546654 -14.002115
-0.182220 -0.450510 0.011773 -9.430520 -6.151963 0.101743
0.028789 0.005533 -0.009706 8.127747 -9.754294 -1.956144
0.169510 0.229410 0.181400 7.632211 -4.559458 18.567281
-0.108990 -0.094239 0.012992 8.556498 -10.899485 10.501246
0.335450 -0.296940 0.040445 -12.822687 -7.765789 10.202577
0.089538 0.039916 0.239920 24.800002 9.934533 -33.209752
-0.028598 -0.019917 0.027635 9.156728 -2.944348 5.809183
-0.026002 0.016341 0.217650 27.641796 9.572999 -11.178006
0.116480 0.270740 0.030747 8.488553 -0.734309 4.804460
0.090759 0.036994 -0.021761 14.433105 -25.421175 -20.485504
0.487380 -0.691940 0.201380 -6.335556 8.736470 -11.281189
0.773750 -0.815810 -1.059600 -8.325257 5.546404 22.609103
-0.428970 0.222020 -0.011873 -16.537921 16.689874 -14.810816
-0.112670 -0.010200 0.165050 19.239170 -9.643676 -4.571934
-0.021718 -0.090941 0.478420 3.667476 -7.711107 -14.211065
-0.103920 0.253960 0.072427 -2.683740 0.377193 -7.780012
-0.285620 0.130170 -0.347720 5.569338 -26.059663 24.160575
-0.460030 -0.230360 -0.398350 -2.288259 5.651434 -3.621956
1.332500 -0.087761 1.130000 -5.065135 -5.487235 -0.534795
0.309270 -0.138880 -0.432990 21.260108 -14.788714 -4.644910
0.189880 0.005318 -0.436440 21.608789 10.916627 2.374766
-0.521080 0.340570 0.148380 1.362191 1.850156 -0.731515
0.164440 0.164970 -0.449180 -1.604257 -1.575243 -3.602283
0.057398 0.138700 0.121900 8.885893 19.186879 18.710936
-0.317670 -0.151090 -0.029105 -36.149445 -3.929261 11.819864
0.470230 0.177410 0.112420 -5.602671 3.282005 -8.371871
0.034472 -0.381630 0.413830 -17.325680 -8.064366 4.574548
-0.009393 -0.425080 -0.049672 -1.775865 -13.550476 14.231088
-0.100140 -0.040153 -0.119710 -6.935740 -10.266901 11.293445
0.028180 -0.005316 -0.139010 -26.063742 27.418678 4.807095
-0.066943 -0.000322 0.023972 12.357093 -5.357206 -12.556369
0.315930 -0.408480 -0.754580 -8.446849 -5.386529 0.350079
0.096151 -0.207820 0.120010 -2.907511 12.249498 0.831532
-0.363980 -0.164960 -0.250070 -14.110387 -6.779627 -23.511174
-0.493140 0.172720 -0.037758 18.935932 -6.129554 16.124268
0.099017 -0.052752 0.117700 -1.044973 -12.424058 -7.405654
-0.031109 0.048670 0.001072 -7.579229 8.644833 -0.329811
-0.201310 0.013579 0.448490 2.968193 -6.878848 -9.123236
-0.149470 0.193230 0.169750 11.281648 1.627708 23.869602
-0.166200 0.648150 -0.312760 1.683385 -43.014522 17.588995
0.010135 -0.006239 0.100640 -2.050387 7.182788 4.750539
-0.548010 0.205010 0.153650 1.516905 0.992616 -1.772917
0.026017 -0.140110 0.150830 -3.702447 11.287158 6.850548
0.013034 -0.265570 -0.135560 -27.559889 39.412393 24.647080
-0.234770 0.234360 0.232380 2.506687 11.943178 -5.836391
0.152920 -0.180770 -0.353930 -19.821395 7.418022 26.241146
-0.747180 0.146150 0.030206 -34.771334 0.779834 9.067405
0.107750 0.077008 -0.014875 -15.128871 0.556672 -4.703900
0.122600 0.079273 -0.034214 7.997639 -0.195644 0.579943
-0.046608 -0.031292 0.113870 10.941290 6.672907 -24.205869
0.073672 -0.007016 0.060822 -7.509985 3.499028 8.938400
0.196790 0.032749 0.148070 -2.645381 -30.520097 -17.796346
0.171140 -0.084197 0.087993 -21.471359 13.972302 2.901250
-0.088657 0.052979 0.071666 -9.631780 6.080122 -10.877968
-0.142830 0.150330 0.110750 -6.323070 10.503946 8.349509
-0.058125 0.024559 -0.093150 5.166513 -3.415850 1.975412
0.073666 -0.064903 0.016321 2.617869 6.929963 8.639100
-0.246590 -0.267010 0.262810 -14.613785 7.884452 6.387235
0.045377 0.326310 -0.212440 -21.158444 12.548554 -9.643764
0.333670 0.383200 -0.285070 -5.164010 -1.026925 5.829456
-0.144740 0.166610 0.017225 -11.696909 -10.856386 9.800542
0.082340 0.391450 -0.001957 14.144747 29.249266 0.271694
0.149340 0.283690 -0.557830 -5.996574 10.749958 -34.073579
0.692640 0.060881 -0.205090 2.563886 11.603343 -0.260293
0.001881 -0.114280 0.185460 2.182936 14.928137 0.029416
-1.822800 3.198000 2.002100 -20.959625 40.766280 25.992149
-0.109430 0.741250 0.507270 -0.608981 -15.286740 -12.393448
0.335420 -0.151920 0.336380 -11.232674 2.543499 -3.931458
0.301640 0.102780 0.501020 7.293475 20.779052 -19.566380
-0.131340 0.024430 0.023328 29.050303 17.278832 -14.790871
-0.024363 -0.070864 -0.033257 -6.772012 -16.611965 -7.323833
-0.130100 -0.184000 0.198160 14.512749 11.639684 -22.628103
0.045955 -0.139440 -0.090281 -23.865969 69.678370 11.974221
-0.099279 -0.087696 -0.013733 -8.517367 -18.529083 -3.326193
0.158780 -0.238550 0.046480 -7.137243 -8.662360 6.036501
0.197390 0.079736 0.287810 20.717558 4.358239 6.596871
0.518960 0.005743 -0.216070 28.505030 -0.127845 -15.801602
-0.161310 0.118600 -0.295060 -0.224973 -19.223458 19.417269
0.243300 -0.178410 0.220710 -2.756273 8.964219 -18.621820
0.139000 -0.258300 0.128690 -15.796133 16.922943 -6.049676
-0.148050 -0.118890 -0.070951 2.825844 7.767683 9.098372
-0.238720 0.190520 -0.193980 28.047458 2.195693 9.706456
-0.255420 0.303260 0.115020 13.140264 -16.180700 -23.732947
0.043559 -0.421570 -0.335320 -2.900009 -5.538542 6.966004
-0.007250 -0.117150 -0.116030 -13.230228 3.248848 1.535697
0.168880 -0.046969 -0.159200 -7.197026 -4.831368 -2.571850
0.346470 0.214780 0.062649 11.009841 -36.148169 15.418128
0.009926 0.397510 0.121190 4.468867 -7.372688 -5.127325
0.263880 0.247640 0.042228 8.735024 13.524565 -11.218348
0.170800 0.006801 -0.128950 7.385108 -5.995936 -16.399827
-0.112580 -0.026497 -0.063089 -34.859212 23.590233 0.623813
-0.102090 0.001447 0.011268 8.739252 24.456568 6.647752
-0.049113 -0.342250 0.692450 -8.037824 -16.872077 39.939689
0.187250 0.148880 -0.182980 -3.494300 -8.754748 3.750562
-0.395780 0.055032 -0.118520 21.538726 -15.110078 12.140185
1.197800 -0.013327 0.270250 5.564467 2.535336 3.513700
-0.551190 1.083200 -0.373060 3.069321 -4.294557 5.183172
-0.465830 0.007305 -0.532510 -4.044575 1.593971 -10.685353
0.042943 -0.060058 0.202000 13.776390 -18.854653 -20.582218
-0.365840 0.308220 -0.021551 -4.880320 21.249702 -13.054580
-0.875060 0.833770 0.826080 14.717571 -4.422968 -7.451169
-0.281640 0.243840 -0.141850 11.861450 -3.563441 1.081810
-0.079137 0.158350 0.094686 0.890652 -11.336220 5.218522
0.069004 0.027774 0.149770 -3.188154 3.717906 34.481392
-0.352670 0.298330 0.145410 -0.672825 -5.906816 3.711055
0.360520 -0.040414 -0.351670 10.685258 -0.793620 -20.777342
0.021599 -0.146780 0.095199 -6.869217 -13.034769 -3.594102
0.041223 0.116480 0.011270 -12.586197 -10.527953 -2.232283
0.112350 0.015616 0.146540 7.921533 6.123855 15.728126
-0.046993 0.047089 0.181020 3.568402 12.239511 3.673913
0.970010 1.332800 1.798000 17.397261 27.888927 29.993158
0.074346 0.113790 -0.069998 0.480302 -10.518561 -9.564910
-0.271070 -0.503850 0.144820 20.991410 21.223570 -2.332165
0.057151 -0.162340 0.123920 17.898412 -13.080598 19.795051
-0.032253 0.155090 0.077646 15.922656 3.629978 -10.888533
0.296900 0.007126 0.118900 -7.720617 13.844556 -18.925373
0.427720 0.052471 -0.122410 -11.710068 10.310506 7.171804
0.130810 0.117610 0.081807 24.487315 19.624817 -23.253425
0.069486 0.148770 0.189750 -12.478808 -9.204181 -7.972895
0.317910 -0.021763 -0.011415 -0.997326 -1.272172 7.344957
-0.174140 -0.028955 0.384560 -5.032430 -12.540634 -9.311462
-0.057103 -0.008232 0.198080 7.036850 -8.317403 -3.502639
0.247390 -0.104370 -0.003920 -31.650357 -11.561413 -7.007458
0.231150 -0.116400 -0.393830 5.964154 -1.578202 7.066234
0.161250 0.006100 0.098390 5.979716 15.894097 -27.020901
-0.141810 -0.210070 0.085369 -5.055609 7.242953 -4.789464
0.787340 0.106580 -0.219880 -5.426919 10.597672 6.188207
0.324370 -0.302990 0.040842 3.315384 -9.503735 -10.398743
-0.101340 -0.157370 -0.117660 13.211706 4.657035 4.192081
-0.056075 -0.060413 0.010075 -3.033405 -7.406637 -9.151328
0.076152 -0.030875 0.090344 -0.046128 4.568939 -2.680408
0.066061 -0.020966 -0.032135 14.205503 5.956804 26.571423
0.152850 -0.067535 -0.143940 -5.665107 -10.186989 1.272114
0.142200 0.096012 -0.071332 -5.858624 11.186848 -39.092814
0.085018 -0.055979 0.084975 11.321261 -12.697665 15.098643
0.111560 -0.067563 0.133120 7.266138 1.648790 -3.182105
0.025810 0.016442 0.051479 -6.449192 0.482233 -20.163388
-0.009646 -0.009088 0.314320 8.775166 -4.453949 32.995045
-0.027865 -0.206670 0.016558 17.106021 -7.219791 2.528541
0.269370 -0.616630 -0.438110 -14.270797 12.095903 13.191641
-0.452400 -0.493610 0.760290 -0.059025 -3.349662 7.602747
0.424320 -0.580920 0.057799 -7.526470 -3.121023 -4.843619
-0.168350 0.057222 0.436050 19.295530 6.277829 -11.824133
-0.001610 0.018392 -0.222530 4.895565 -1.768480 -24.895344
0.108320 0.255310 -0.089809 6.768359 32.897521 -30.272607
-0.091610 -0.124570 -0.207370 2.730539 -9.019765 8.478784
-0.794400 1.275000 0.115660 4.346596 -6.369464 4.467057
-0.225960 -0.515500 0.045336 -19.141436 -17.126084 0.694907
-0.152940 0.122460 0.131720 3.868211 -4.028527 9.613027
-0.325160 0.072258 0.497930 2.081432 -2.168762 0.486805
0.130420 -0.195950 -0.127740 7.093453 -5.968349 26.216455
-0.170020 -0.198190 -0.057487 11.346405 2.995314 38.535392
0.016693 -0.192840 0.039034 -10.700433 9.903700 2.480687
0.064941 0.189150 0.130640 3.801248 -11.354651 -19.159458
0.133340 0.042777 0.039731 1.528015 10.903332 20.974711
-0.174390 -0.211080 -0.074928 -11.479824 -4.593034 -4.644794
-0.133480 0.205220 0.010347 -47.239594 51.825196 21.144986
-0.069463 0.186510 0.120960 -19.037158 -22.721415 2.768884
0.323380 -0.530430 -0.105620 25.265032 -0.789563 -17.982615
0.024971 -0.105230 0.065776 4.502021 -23.356972 26.814647
-0.005879 0.083406 -0.023649 -2.845138 1.614914 2.570747
-0.213280 0.133600 -0.115930 -26.118902 7.552401 -5.123966
0.045329 -0.108120 0.236380 13.427507 3.318148 -18.436519
0.252040 0.006118 -0.388420 -11.174566 -2.334125 2.897788
0.324000 -0.131070 0.307520 8.673387 11.248679 1.927414
-0.186460 0.322730 0.033514 4.220469 -6.309303 -6.444480
-0.211860 -0.059776 0.244470 17.156979 0.140045 -2.205968
0.025904 0.377980 0.304970 -7.332247 -2.897243 -1.535024
0.203240 0.226170 -0.026013 -5.814024 -20.353223 -11.928820
-0.225100 0.249670 -0.054793 7.195936 -25.756236 8.028518
-0.151900 0.437120 -0.609070 9.495386 12.263642 -7.211802
-0.485080 -0.014570 0.125910 -14.277918 -5.491369 -0.544793
-0.201540 -0.261320 0.012223 5.176966 29.333561 18.196604
-0.188600 0.155600 0.045652 -9.888060 -1.106593 6.467484
0.212360 -0.190160 -0.129210 7.400074 9.384838 2.575453
0.035163 -0.089783 0.022976 8.660011 -18.079699 -6.733092
-0.023926 0.086964 0.029806 -5.887078 -19.658010 9.053670
0.081013 -0.011046 0.025643 17.750316 -14.365426 11.914395
-0.132370 -0.137600 0.162640 1.392649 -13.856463 -22.705888
-0.147430 0.139100 -0.259060 -6.087656 1.954706 -35.754989
0.065127 -0.060386 -0.015701 2.700207 -5.706600 2.304994
-0.544380 -0.412520 -0.356960 7.774077 4.897369 14.892236
0.539740 -0.344150 0.401170 6.768744 -2.600131 17.706175
-0.042147 0.381350 0.273860 -12.892033 -6.791107 -10.399082
-0.109800 -0.014521 0.065913 -13.583610 -10.991707 -1.589825
-0.156650 0.047835 0.162820 9.553369 15.142878 -14.605339
0.074999 -0.227290 0.066521 7.557811 20.640468 -5.624894
0.103360 -0.113690 -0.102720 3.552349 15.775158 -11.376272
-2.735100 -0.210320 -0.852010 -5.619594 -1.562494 -6.251149
1.589200 0.997470 0.889920 -16.551674 -10.403772 -6.830740
-0.047448 0.220920 0.357290 -4.275277 21.306048 24.497746
-0.109080 0.284160 0.247070 31.731635 -4.808811 -13.274847
-0.028824 0.049703 0.047358 -24.496176 32.276985 38.389293
-0.091460 -0.030917 -0.003820 8.902324 0.584625 -5.633525
0.032665 -0.205850 -0.129090 -2.836237 -6.151726 -11.542774
-0.071016 -0.111660 0.052418 -16.174825 -2.217763 10.802783
-0.070231 -0.079297 -0.172610 -16.955067 -8.179822 2.551462
0.078602 0.017473 0.039329 12.622863 1.336613 5.905145
0.114690 0.145150 0.033437 -11.926697 -2.536457 3.026378
0.211180 -0.141650 0.135510 -13.626389 7.271882 -14.596268
-0.021970 0.064978 0.035456 -6.423083 -8.970006 11.244537
0.026411 -0.208380 0.149370 -2.204566 15.719372 -0.043263
0.251700 0.855880 0.036930 23.670312 45.512355 1.813979
0.050787 0.050207 0.088216 3.888990 7.042321 18.486472
0.419480 -0.247840 0.401200 -9.232304 -0.747969 4.872100
0.088824 0.101750 0.044641 8.715452 -9.957949 1.640488
-0.746960 0.033957 -0.253160 -10.421777 7.418094 -22.240929
-0.026816 0.051633 0.119460 -3.112946 -12.759346 5.411533
0.053092 0.067691 0.115000 -6.505938 -4.263624 -2.930523
-0.275860 0.180930 0.030862 -2.514851 -14.340109 -21.280457
0.302220 0.421430 -0.196870 -5.550407 5.422416 -2.808036
0.497060 0.325040 0.551340 4.814820 -0.461223 9.504425
-0.362460 0.047480 -0.147390 -18.895757 14.847281 -19.345649
0.025819 0.316390 -0.242790 1.472972 10.405511 -2.767455
-0.120830 0.196730 -0.219710 7.337683 -0.121890 -1.672384
0.032748 -0.117960 0.056262 -2.417554 -4.206174 -6.558153
0.170450 -0.236620 0.008917 7.655827 -11.354880 -7.927344
-0.848350 -0.063726 -0.762140 6.664857 7.574769 12.923643
0.256420 0.024874 0.142370 -16.707695 -13.918921 -15.661008
-0.041039 0.301550 0.131930 17.777039 -4.887693 -0.827626
0.458880 -0.147230 -0.090369 -14.371410 2.365220 13.431064
-0.062743 -0.000309 0.321460 3.537114 -23.585238 27.697888
-0.103540 0.140400 -0.098769 5.821598 22.880866 15.818750
0.003335 -0.151330 -0.103980 9.334306 15.892317 -13.427429
-0.253810 -0.037281 0.199860 37.062557 20.003798 3.500766
-0.253010 0.303190 -0.078572 -3.367505 -6.810122 13.375065
0.541340 -0.091165 0.064117 13.404692 -7.237846 12.527316
0.061536 0.887840 0.282980 7.252184 6.702422 -7.500438
-0.132320 0.367680 -0.305550 -7.319192 29.124682 -21.951831
0.235550 0.092683 -0.151160 -24.773345 -29.782047 5.535820
0.251640 0.112900 -0.314530 -4.302090 -11.908268 18.510935
-0.002811 -0.184860 0.082025 -9.751422 -18.632812 5.596892
-0.129300 0.169110 0.086860 -7.453630 1.039282 -3.160757
-0.015585 0.263970 -0.151130 7.841704 -2.861815 4.317366
-0.147330 0.526140 0.019404 -9.387863 5.728459 0.019445
0.025808 0.148350 -0.179770 -6.432187 -7.105863 22.501781
0.108790 0.133730 0.178690 7.342309 8.509522 -6.259191
0.042490 -0.379350 -0.085301 -11.071829 3.936400 2.432277
-0.977480 0.299760 0.053528 -16.340221 16.553168 -4.662487
-0.388240 0.023364 -0.012297 7.034579 3.639415 -4.033351
1.154900 0.020405 0.122610 -16.160575 -5.263327 6.587669
0.146570 0.065034 -0.186250 -13.687984 -0.304190 -2.785349
0.251090 -0.150660 0.216920 -16.227605 7.052501 -9.617085
-0.205980 0.030686 0.034799 -9.195656 -1.577536 -9.841908
-0.034800 -0.350040 -0.694780 14.964771 21.720496 18.802285
0.156190 -0.287210 -0.156520 -15.247709 9.130005 -17.984077
0.004654 0.354940 0.076595 2.809036 -6.549541 3.133870
-0.034044 0.184010 0.203110 5.134144 -8.994584 -4.994756
0.053876 -0.055010 -0.073335 29.656264 -10.276687 -1.921649
0.138640 -0.070593 -0.185770 12.617509 -20.253276 -8.175931
-0.017996 -0.036345 0.043246 13.313525 -19.189129 7.994105
0.927660 -0.481760 -0.755470 -4.625890 7.943465 -4.108080
-0.230470 -0.185830 -0.276270 -18.056525 -13.334874 2.603215
0.665120 -0.200240 0.179050 -17.674687 -2.241702 -14.610353
0.230170 0.118170 0.128820 -5.600373 -6.519353 2.537303
0.199720 -0.049227 0.064024 0.931035 4.151090 -0.215785
-0.195820 -0.044947 0.079798 -5.137419 3.520548 14.141748
0.133000 -1.447400 -1.022100 -5.718168 -7.294748 -7.403978
0.137800 0.169190 0.132050 -8.687859 -13.756138 -18.182358
0.366090 0.221860 -0.282740 -11.470457 -4.965911 4.206825
0.075363 -0.227870 0.172800 -12.595303 -2.380319 3.308704
-0.171140 0.099937 0.078311 -7.352531 10.131244 -12.636680
0.213500 0.059839 0.062998 1.099938 10.417769 5.583954
0.293170 -0.873140 -0.320550 -2.080875 -2.611864 0.281263
0.178080 0.310160 0.116000 10.169362 31.431825 -12.261982
0.047370 0.076304 0.028323 -3.070037 9.011274 -1.107441
-0.593040 -0.732760 -0.373160 -1.537979 -13.598935 -3.174343
0.746750 -0.376130 -0.453020 19.585464 -11.722209 -12.723256
0.002342 0.154980 -0.105680 -3.594466 67.698783 7.391620
0.472290 -0.254300 0.049916 38.147024 -27.604790 6.426800
-0.230260 0.666150 0.312470 1.308174 -32.246568 -11.031310
-0.140870 0.306470 -0.295360 -9.029774 15.032567 2.938130
-0.213830 0.103430 0.018575 -27.793273 10.038412 -45.001511
0.120500 -0.362190 0.203550 1.827668 -8.662451 13.148007
0.253620 0.165390 -0.166980 -15.478164 25.532949 -13.742213
0.368880 -0.021797 0.258780 -5.686624 1.606784 -0.129690
-0.461620 0.852670 0.707130 13.485073 -31.344149 -28.228700
0.106220 -0.112990 0.118370 9.672130 -16.565751 3.098593
-0.297570 0.250880 -0.100830 -16.773184 -0.597651 -3.317512
-0.044453 -0.031896 0.076582 -26.129080 -1.714754 8.329279
-0.061360 0.231970 -0.158180 31.119031 -25.922582 7.271537
-0.192830 -0.566060 -0.247280 22.858665 47.617325 31.294955
-0.296030 0.468740 0.004856 -2.508573 4.283697 17.276044
-0.188830 0.024882 0.404700 4.184969 2.459656 -7.871419
0.348590 0.354110 0.578110 -12.883066 14.133544 -7.685507
-0.149050 -0.108910 -0.221240 -16.269295 -3.415302 -3.366341
0.016172 0.319280 0.114990 13.118807 23.761439 -19.753799
0.001489 0.094079 -0.069553 -8.018563 26.947493 -19.623588
-0.123180 -0.016277 -0.021501 -14.196310 -16.096030 -1.321149
0.318520 -0.651750 -0.138270 5.810707 -3.848095 -3.414472
-0.181030 0.423240 -0.611590 -11.449466 11.570606 -5.997790
0.074379 0.008172 0.043050 -12.002656 21.949583 -8.710578
-0.129900 0.268650 -0.231020 14.430312 -17.898216 15.061444
0.175650 -0.204800 -0.085096 -1.362165 -6.166876 10.188999
-0.317520 -0.026327 0.175450 -6.252479 12.257820 20.191993
-0.587940 -0.727740 -0.205760 -8.746803 2.062828 -0.640455
-0.126920 0.052994 0.042641 30.933033 24.614634 16.662623
0.038996 -0.056537 -0.056863 -8.585949 -17.319660 -5.199737
0.150420 -0.061230 0.252800 0.402345 -9.584530 4.835997
0.047736 0.027773 -0.104110 -1.473956 2.878824 15.574982
-0.112480 0.144440 -0.024046 -28.265290 26.254927 11.165107
0.026237 -0.173250 0.171600 -0.351482 -6.967493 18.379829
0.042114 0.209230 -0.195710 7.971443 -4.724132 -17.787471
0.110360 -0.061637 -0.217540 2.213560 9.146615 3.506877
-0.215070 -0.032582 -0.052600 4.435176 -1.006035 0.916532
1.339900 0.755400 1.275300 -7.759693 -2.858403 -1.407627
-0.161220 0.047713 -0.315970 -9.727686 3.746535 -10.578811
0.025309 -0.055191 -0.056749 7.041318 -16.937012 -3.959176
0.136140 -0.146800 0.076131 -4.903148 1.983835 12.846985
-0.000338 0.509420 -0.455020 -4.696809 -8.692722 -1.679610
0.185350 -0.071742 -0.034627 -1.220818 0.933364 -6.326525
-0.132300 -0.657360 0.110700 -26.327153 -30.363329 17.150940
-0.085701 -0.341010 0.328650 -11.580468 -18.792422 11.858715
0.028207 -0.142740 0.111920 1.467160 0.047725 11.125285
0.145990 0.165200 -0.956100 2.557281 2.461016 -11.395865
0.148760 0.008723 -0.024974 -21.403260 -11.809036 11.812421
-0.108350 -0.108280 0.034343 -3.947512 -0.341964 -2.149968
-0.569620 -0.106980 -0.192690 15.615725 -4.704246 7.805945
-0.219520 0.526010 -0.220770 -4.722916 6.570214 2.919712
0.144440 -0.227650 -0.084078 15.068124 -7.932577 3.244836
0.052543 0.035015 -0.118420 -1.777938 14.223557 -23.996690
-0.219220 0.021900 -0.114000 -12.613012 -24.247251 -11.049315
-0.232380 -0.241590 0.241350 -27.379414 -6.020778 9.998608
0.245180 -0.008691 -0.533240 -3.820768 -1.641617 -2.177905
0.016196 0.557110 -0.234760 0.088700 -1.762254 1.839396
0.220420 -0.252890 -0.282740 7.147886 -13.603237 6.623932
0.160320 -0.070293 -0.261910 -4.021667 7.041520 1.086687
0.231830 -0.085727 0.146490 2.443298 3.174958 12.774568
0.011511 -0.076913 0.165000 -17.690995 7.689651 6.366517
-0.856550 0.767770 -0.151480 -20.984588 18.393510 -2.598811
0.133580 -0.171080 -0.069475 3.676240 1.340422 10.571239
-0.474540 -0.365510 -0.593730 8.548165 -2.747540 -1.913005
-0.253760 0.137950 0.052918 -1.810508 -2.959121 -5.182451
-0.130620 0.798620 0.106870 10.150103 -43.409248 -4.748502
0.071495 -0.066319 0.096548 -11.292900 1.209809 0.232345
0.023599 0.147840 0.205740 -17.576570 -10.662052 -9.154960
-0.261330 -0.336420 -0.181340 3.492713 -12.224469 5.185398
0.233750 0.643910 0.504780 -3.846645 -1.471436 -7.238680
-0.128180 -0.015633 -0.023755 4.714547 4.682667 -7.748015
-0.075790 -0.031305 0.198790 -1.072243 1.166963 -10.670401
0.085474 0.080475 0.037870 -5.049387 -5.283555 -7.808496
-0.127640 -0.044218 0.002915 4.709508 -2.951146 3.479147
0.309350 -0.146080 -0.097969 21.261724 -6.473107 -7.667393
-0.158370 -0.350350 0.298260 -4.480352 -1.258047 0.417024
0.198680 0.217860 0.215930 -17.558958 1.133237 -6.228744
0.323770 -0.237640 0.125890 -1.050395 7.096955 2.260499
0.010506 0.256750 0.322110 -2.237502 0.994774 1.408960
-0.220210 0.173810 -0.004185 -8.646128 9.116524 -6.066808
-0.061264 -0.077843 0.035481 4.767991 1.508569 -9.974924
0.105960 0.278900 -0.289240 -9.698719 11.703671 -0.049513
-1.711900 -2.133200 -1.043800 7.520404 14.437915 3.859756
0.064443 0.243920 0.291200 -13.198590 0.949669 1.433047
-0.125560 0.188260 -0.044395 -3.813392 -2.360015 11.875318
0.006958 -0.029571 0.130910 -10.580714 5.103468 -6.464217
-0.229990 -0.362350 -0.108560 -4.438301 -10.685236 -3.431743
-0.100800 0.018469 -0.012377 -9.195297 -15.739007 9.657173
0.100510 0.095088 0.108940 41.938010 8.279916 -3.606793
-0.256710 -0.094434 0.056567 -1.661907 -1.010309 0.720456
0.029354 0.202120 0.171140 -0.815654 15.211287 -4.429238
0.114550 -0.035296 0.135580 1.493333 2.230678 27.040498
0.229770 -0.025172 0.307340 -9.299131 2.610792 -1.990056
-0.362760 0.583780 1.365500 5.523739 -22.647002 -28.644877
0.097928 0.398490 0.344420 3.894162 -4.259606 9.920734
-0.216500 -0.100780 -0.165090 17.229378 15.574415 5.840362
0.053874 0.114820 -0.126150 -6.245716 -1.744262 -12.508086
-0.380060 0.343060 -0.590030 4.520728 7.959078 2.056845
0.199190 -0.328130 0.055308 16.278407 25.577992 5.836705
-0.045053 0.042450 0.030053 -6.132652 -6.897144 11.440270
0.308190 0.132450 -0.134670 -3.986589 6.133941 0.179129
-0.223100 0.081012 -0.029942 2.767132 -1.927599 8.016696
-0.100980 0.071929 -0.105210 -10.959820 4.786770 2.844531
-0.084045 -0.185090 -0.009598 -5.238498 30.711226 16.210911
0.110610 -0.115080 0.029300 4.589408 6.717557 4.960781
-0.029502 -0.066757 0.017818 -0.229105 -13.441059 -6.582862
-0.039276 0.188440 0.167520 -3.211246 -0.718243 9.250747
0.789000 -0.140980 0.074367 -40.317365 -3.737260 -5.749821
-0.765360 -0.417640 -0.176840 -50.515451 -43.390688 -10.329818
-0.026530 0.098016 -0.007786 -1.812219 5.892694 -18.889459
-0.344420 0.321750 0.380700 -5.099192 13.857266 12.143790
0.018750 0.226240 0.131280 16.949480 -14.271404 11.989413
-0.156490 -0.108780 -0.100320 5.289818 4.051022 -22.549793
-0.260360 -0.166800 0.230490 -19.293161 4.594679 15.236610
0.061013 0.405530 -0.216630 -6.030282 -19.742057 7.673462
0.106310 -0.126420 -0.058128 1.771544 -11.607067 5.674638
0.063468 -0.003765 0.097470 9.813215 3.088996 -1.060834
-0.168030 -0.095767 -0.313880 5.884772 8.218855 -1.446500
0.062250 -0.027248 0.001224 -15.510252 10.442061 -2.980559
-1.045000 -0.231660 0.355680 1.342481 4.863164 0.850749
0.103670 -0.202690 -0.469430 14.735107 -2.047151 -25.081601
0.274110 0.088102 0.723450 3.581840 -10.743746 -0.082590
-0.379300 0.077889 0.144540 7.326732 -11.278610 -0.477642
-0.507870 -0.294370 0.035612 -41.684518 -20.913238 11.941593
-0.138780 -0.024294 -0.606020 3.455473 1.046902 9.685189
-0.120700 -0.022337 -0.124320 -13.948062 -4.200242 -54.898843
-0.453640 -0.311270 0.159900 8.018740 -1.211539 3.138270
0.048251 0.143940 0.150340 5.086902 0.156396 -9.339889
0.172050 0.018769 0.372140 -18.163567 4.741459 -4.847719
-0.022730 0.288280 -0.044235 10.697758 -32.132233 15.947613
0.624450 0.383870 0.078634 7.485025 25.922668 -6.860236
-0.049367 -0.002879 -0.004740 12.380218 19.442834 9.676839
-0.263460 -0.387490 -0.310410 -3.262360 4.738690 1.819051
0.244660 0.145710 0.028118 4.089897 22.351357 -6.759933
0.027374 0.604070 1.330100 2.010762 -12.409275 -17.125246
-0.055213 -0.028850 0.272500 6.386266 -7.871440 19.466031
-0.019526 -0.450030 0.300440 0.163736 -36.084526 6.005003
-0.102960 -0.015904 -0.319260 -0.316234 2.688724 17.296059
0.019012 0.165660 -0.177210 -3.712747 -6.216474 1.935209
0.126560 0.041781 -0.024755 9.166769 -2.348052 -7.860195
0.170360 -0.084916 -0.471150 -9.039694 -2.781044 -3.098856
0.007103 -0.028506 -0.078221 -5.845036 9.112442 3.644698
-0.158290 0.358900 0.313310 -8.096205 -5.980502 -17.391949
-0.070467 0.250190 0.282900 -3.958501 4.203457 3.643105
-0.178880 0.025868 0.331330 -10.377186 -13.211213 10.140727
-0.050393 -0.192290 0.123700 6.433158 2.394950 -3.871685
0.331200 0.028281 -0.224180 26.454134 -2.943221 -19.654795
-0.305500 -0.355030 -0.083059 13.299145 2.483782 4.152026
0.142580 0.130100 -0.080630 -1.660557 0.184952 15.858463
-0.140850 0.464480 0.329610 -13.063731 2.259495 -6.286402
0.098173 0.117440 0.145430 14.109484 7.160186 33.146764
-0.050864 0.157050 0.048582 -29.690309 -9.191419 4.514434
-0.030711 0.817110 0.214060 6.601505 3.537924 -11.067184
-0.333170 -0.146070 -0.299050 -0.053352 11.070168 13.451654
-0.031901 -0.018648 0.014924 -13.383351 4.571424 4.122744
-0.139700 -0.008950 0.023940 0.001928 0.339811 -10.697142
0.272230 -0.344690 -0.080269 -8.578420 -0.752544 -8.400839
-0.228100 0.346100 -0.043188 -6.729921 -4.715443 -11.865801
-0.046369 0.081848 0.228160 2.131003 -9.369811 -9.226979
-0.014695 -0.220780 -0.304100 -0.169683 1.580995 0.235735
-0.113580 -0.053114 -0.052786 -7.719370 9.977449 -1.219161
-0.281990 -0.047856 -0.192040 14.602622 -4.506842 0.960242
0.099137 0.098284 0.045889 -1.713914 7.652993 -17.128871
-0.000747 -0.127650 -0.175150 -5.982738 17.334280 10.236122
-0.163270 -0.084868 -0.062454 1.780005 16.925116 7.836886
0.049244 0.179040 0.124450 -26.028196 -12.043667 0.500725
0.056269 -0.065443 0.323250 2.195322 -0.602735 4.191491
0.181710 0.035397 0.098412 -7.682311 0.851796 -13.021776
-0.045961 -0.042524 0.162140 10.681411 2.248159 -6.116448
0.037403 0.122520 -0.057387 -4.429280 14.819585 -28.376084
-0.291750 0.060287 0.023856 13.622636 6.912197 2.618475
0.010718 0.180790 0.199680 -13.132946 30.854683 -18.543727
-0.152740 0.059692 -0.012268 0.566722 -10.391663 -0.290361
-0.182380 0.223780 -0.052924 7.814901 -16.838080 -9.722234
0.152530 0.253860 0.043279 -10.300931 6.679034 5.609452
-3.361100 2.764900 2.325600 17.611980 -12.281140 -11.082588
0.246330 0.062849 0.103470 11.346527 1.998124 1.958105
0.243570 -0.174670 0.198670 -12.131423 8.039685 -6.100019
-0.358940 0.033526 0.059445 5.700574 5.593580 -2.995477
0.089647 -0.131300 -0.013942 17.473265 -6.809946 1.064329
-0.190880 0.193380 -0.000443 8.178325 8.459127 -8.268820
0.036218 0.663360 -0.038531 0.951964 17.457394 -0.051558
0.279930 0.043838 0.109320 16.654125 -8.148204 1.048217
-0.072634 -0.204160 0.035413 9.546993 21.240027 -13.280506
-0.093106 0.192410 0.181210 11.203133 -6.977685 -15.498686
0.212630 -0.192850 -0.231410 7.670441 -19.287927 -11.773696
0.134030 -0.236120 0.220230 2.157443 9.199524 -14.960894
0.210180 0.164840 -0.021950 6.478952 -2.599094 -8.700414
0.285410 0.322680 -0.251270 -6.704696 -0.226671 -5.095584
-0.472120 -0.008088 -0.480610 5.447892 -1.988800 6.140792
0.137430 -0.267770 1.476200 -3.480345 -6.451707 -6.311245
-0.019732 -0.068143 -0.095191 0.960762 -4.069726 -10.697840
-0.023856 -0.095123 0.009633 8.678278 18.434235 4.540593
-0.067934 0.590920 -0.006708 -8.031552 10.404396 3.577831
0.086204 0.109080 -0.223200 -24.180678 2.052553 -12.219006
-0.221570 0.035563 0.145840 -5.809406 10.498417 -12.926055
0.013089 -0.300930 0.455870 16.864692 -19.575621 1.833675
-0.011551 -0.178160 -0.704990 -0.636415 11.597137 62.794749
-0.120680 0.000038 0.151130 -11.529680 -3.877468 13.640769
-0.060308 -0.116450 -0.159730 2.821024 -25.922844 25.400483
-0.024421 0.060562 0.118390 -7.568492 9.761207 5.772819
0.003172 -0.141670 -0.222900 -4.781762 26.440404 -9.322631
0.143050 0.536460 1.329200 12.502961 20.437232 44.899122
0.255570 0.007326 0.092510 9.328909 -37.792735 17.542217
-0.183850 0.195020 -0.069817 -4.237981 17.772883 -19.511508
-0.093788 -0.156970 -0.100080 7.857719 31.490157 -6.611332
-0.168920 -0.070689 0.147110 -10.142332 15.664004 -0.665878
-0.369380 0.381600 0.102860 23.610074 16.516889 2.315831
-0.103740 -0.066686 -0.008601 42.889228 32.564479 34.476019
0.291470 0.231660 -0.364540 2.643899 10.186530 -15.780259
-0.625280 -0.904810 0.000982 2.207085 20.068418 -11.970222
0.245560 0.346810 -0.542830 1.682101 -9.262146 -7.803673
-0.078480 0.365460 0.240690 -20.196525 -29.409554 6.301323
-0.150180 -0.025483 -0.011739 29.929886 9.771085 8.553542
0.022079 0.008796 -0.079925 7.083532 14.247064 6.838039
-0.101830 -0.007255 0.117400 9.443411 -3.848159 -6.194202
0.136950 -0.301970 -0.285970 0.130782 1.534255 28.962458
-0.099902 0.413750 -0.806360 -7.004957 30.178869 -42.898869
-0.014975 -0.085447 -0.070774 3.782693 0.853911 5.046263
-0.126700 0.002919 -0.015984 -23.028852 2.697379 4.957647
0.010729 0.558120 0.390730 -1.130742 2.412614 3.208185
0.451960 -0.075479 0.512620 19.100920 1.677451 12.559556
0.212030 -0.028384 -0.605410 8.759824 8.009048 -3.159849
0.023488 0.190090 -0.104010 11.643737 13.118541 6.171850
0.177550 -0.071676 0.086557 1.057766 -0.785372 -1.966485
0.044251 0.059343 0.014037 -8.560345 -6.219194 -3.050245
-1.954900 -1.023500 -0.397730 -12.658010 0.919776 0.743726
0.056312 0.019168 -0.165170 -27.731624 33.671210 5.856004
0.153200 0.111450 0.503680 0.693569 3.794867 -13.247778
-0.111000 0.005233 -0.357740 3.730214 14.573920 -0.476142
0.073417 0.098945 -0.121860 -5.284398 -9.043840 -2.351177
-0.023452 0.383190 -0.140330 7.966414 -25.920109 6.592557
0.127500 -0.049680 0.290540 1.563292 6.312699 8.150534
-0.386070 0.023943 -0.363910 -16.820124 -1.541751 -24.011440
0.232300 0.633420 0.046374 -1.296563 4.666148 -11.944747
-0.603950 -0.670220 1.383600 8.393702 12.421216 -32.170924
-0.103330 0.437090 0.614940 -6.827127 -0.133384 6.917619
-0.032657 0.082894 0.000745 3.595490 -8.596357 -2.850396
0.065188 0.083597 -0.157160 15.068447 -11.054298 -3.651877
-0.444400 -0.232470 0.400740 14.453311 -13.056825 5.813216
-0.160550 -0.232230 -0.351620 -7.105167 -11.030942 -14.036405
-0.040375 0.173380 -0.034329 -34.161122 68.983755 -24.729172
-0.100540 -0.382200 0.706030 -1.040331 -6.500925 12.810098
0.011143 0.269800 0.083784 -2.245670 -10.542894 -9.221647
0.158590 -0.013500 0.202680 5.932237 14.397068 8.856170
-0.064011 -0.172090 -0.017554 -4.487124 2.278025 -3.685885
0.042405 -0.109400 -0.110470 -3.842076 14.956838 -19.819160
0.371560 -0.074252 -0.123980 25.371771 10.714516 14.128947
-0.474160 -0.039451 -0.284770 23.900460 -2.483683 2.646776
-0.009258 -0.023181 0.015590 -1.958000 7.405402 1.757323
0.156870 -0.424610 0.117720 -3.890872 -6.703461 0.068140
0.209620 -0.920070 -0.779950 3.110483 -12.885236 -5.567177
-0.069072 -0.376500 -0.083554 -7.288341 -11.680040 2.911874
0.277170 0.036699 -0.182770 -9.045857 6.450480 -4.830689
-0.036970 0.104590 -0.169560 -29.207834 16.650506 -8.103168
-0.204410 -0.094400 -0.230000 2.326906 3.316516 -2.263368
0.141450 -0.026038 -0.174630 12.473005 2.645599 7.088345
0.008000 0.228950 0.221950 -25.404203 -20.375538 24.270192
0.023573 -0.208530 0.064828 -47.399772 24.649876 17.459621
0.207550 0.605770 -0.887660 -8.144905 -13.641647 30.039763
0.047440 0.113080 -0.122980 -6.476206 4.344552 -4.871933
0.081730 -0.054044 0.443390 -2.579042 -1.862817 3.076300
0.108030 -0.094872 0.257120 10.197045 -2.627759 -23.674229
1.660900 0.293530 0.608290 24.173694 2.861976 6.827991
0.117630 -0.058255 -0.165330 6.330688 0.578769 12.719368
0.366700 -0.609020 -0.280250 -13.783753 -35.106661 5.713497
0.109130 -0.745300 -0.692350 -4.700493 -14.792668 -11.798784
-0.311810 -0.073026 -0.086871 -0.339213 -32.555547 -2.448487
-0.357810 -0.174620 -0.198590 -41.113437 -20.117399 -1.605772
-0.112450 0.042642 -0.181280 -5.551264 4.051520 -0.092038
-0.003441 -0.035104 -0.010402 1.001836 5.257256 4.329041
0.230050 0.033808 -0.211750 -0.865328 -2.547629 10.400587
-0.080405 -0.088820 -0.010693 2.747011 9.538425 32.259729
-0.119370 -0.220210 -0.065131 -7.169323 -18.118831 10.519459
-0.011954 0.160600 0.328630 0.405056 -9.125712 -4.439939
-0.270580 -0.079859 0.096346 19.418956 -5.487077 -8.509438
0.172280 0.657270 -0.081358 0.541804 0.930556 9.390433
-0.076865 0.222310 0.032336 3.310634 3.020549 3.129340
0.168910 -0.031955 -0.078800 -31.583782 -7.921521 6.750085
-0.002858 0.005799 -0.133830 -5.567020 -0.829398 0.844560
0.007218 -0.015790 -0.075565 8.107107 17.391065 -0.833329
-0.250070 0.071682 0.021778 4.169676 2.982687 3.758102
0.149690 -0.334280 -0.099336 -49.472870 48.166199 6.977560
1.889300 -0.259360 0.777770 -50.554946 6.407343 -11.500229
-0.325910 0.373670 -0.565210 6.752927 -9.468674 8.975834
0.008692 -0.027065 0.117500 32.199626 -8.066929 41.807136
-0.207180 -0.153970 0.065460 -27.122023 1.222018 -1.035394
-0.056160 0.092366 -0.020701 -10.639506 -1.711146 -1.715110
0.039689 0.014353 0.133330 17.609721 -2.897068 -7.393857
1.267300 0.013580 -0.390100 44.329955 -1.960873 -14.273530
-0.037553 0.096277 -0.500270 0.345432 1.840795 16.436954
-0.151570 -0.168260 0.315600 9.718255 1.272479 -28.297666
-0.037947 -0.100780 -0.032535 -4.645845 -7.168420 -7.406430
-0.080982 0.138160 -0.220460 2.635621 -3.819577 -17.510316
-0.283340 -0.128120 -0.642290 -17.828206 10.670039 -15.649668
0.087453 0.175750 0.177250 -4.141502 -16.560976 30.577655
0.004766 -0.136380 0.597070 9.426257 6.403806 -17.356215
0.021688 0.479180 -0.193300 -2.057589 -7.142930 5.285304
0.073012 -0.049172 0.054942 -17.151640 1.727161 12.461121
-0.015041 0.034174 -0.159590 43.358269 35.330912 -85.123666
0.218120 0.049983 0.054234 -2.714621 -0.157924 -0.467013
0.177410 0.348470 -0.074585 -9.219966 -29.770135 -2.459625
0.236410 -0.041952 0.019230 22.375377 -7.736337 20.629316
-0.144970 -0.098262 -0.155880 15.108194 21.268981 -3.182636
-0.372040 -0.185200 -0.013200 -7.766245 8.871826 -6.519640
0.394800 -0.046125 0.185320 30.945690 -12.927036 20.048169
0.059697 0.122880 -0.052615 -3.395929 17.760130 -1.456678
-0.056002 -0.165440 0.111630 -4.165961 4.376229 -13.770394
-0.143620 -0.658310 -0.048834 -12.126923 -55.974617 3.342367
0.354650 -0.173950 -0.286430 11.513451 -0.022921 0.203612
-0.180840 0.061776 -0.187280 7.359268 -1.611940 5.280974
-0.527490 -0.061976 0.093914 4.443077 0.978780 0.709560
-0.282380 -0.043050 0.133280 -4.181716 -12.183681 -9.517056
-0.422370 0.318860 0.269240 -9.931008 3.399366 6.342543
-0.409100 -0.340640 -0.142310 -16.180781 -12.524865 -21.779151
-0.009512 -0.278810 -0.460110 1.823434 1.837580 -10.230497
0.254440 -0.016579 -0.006686 6.774861 19.512795 -13.478856
-0.052050 0.612360 0.337870 3.361813 -21.688629 -4.919976
-0.109830 0.107870 -0.219480 2.959065 0.569200 15.608062
0.620390 0.669860 -0.734260 24.628035 26.353166 -41.434040
-0.069585 -0.045498 0.053795 20.872596 24.897175 -42.277783
0.197120 -0.033737 0.051821 5.351864 9.968862 -18.657332
-0.339870 0.165250 0.310650 7.131160 -1.072218 1.577100
0.193270 0.062705 0.158520 54.046668 -11.465934 12.426235
-0.164750 -0.061499 -0.386050 0.329206 15.703201 9.864624
0.123890 -0.325170 0.233780 9.058440 -0.603144 3.770212
0.072672 0.227820 0.203000 -3.101042 1.769931 18.378714
-0.034833 0.140580 0.241540 -50.847188 -3.489324 -5.925928
-0.819960 -0.616280 0.193340 18.816858 15.442124 -10.905797
0.177680 0.029657 -0.212330 -0.455836 7.836084 -2.612246
0.274960 0.031245 -0.061686 -6.262828 8.841144 9.539910
-0.240790 -0.152870 0.012940 9.889720 8.024361 -5.712406
-0.025595 0.089489 -0.012159 7.054084 -0.806284 -5.534250
0.309780 -0.160400 0.100900 12.942984 7.946812 32.234536
-0.334600 -0.387790 0.200500 9.844315 2.008445 3.585023
-0.051422 0.150200 -0.162260 7.728023 6.961418 0.050769
-0.138190 0.091922 0.202810 18.349095 -20.048768 2.065510
-0.071020 -0.254080 0.281480 0.781243 5.082089 1.648201
-0.113310 0.045386 0.091926 4.874675 9.988527 0.681304
-1.023300 0.274770 0.675840 13.049295 -2.889761 -11.196231
0.352040 0.320290 0.044919 5.168839 -12.202026 -8.499533
0.200000 -0.014787 0.009372 -2.742514 -10.348532 0.284859
-0.668910 -0.363010 -0.081653 7.824051 6.931707 3.368609
-0.059686 0.043907 0.157510 0.304511 -21.995978 17.683696
-0.141310 -0.004278 0.106400 0.619393 2.404350 13.788560
-0.201430 0.310840 -0.706840 -6.761050 -9.349297 -2.001109
-0.236230 -0.348560 -0.294400 4.307807 -4.083111 2.575199
-0.008364 0.066692 0.040900 34.430765 49.601933 -5.631891
0.056789 0.270200 -0.247990 -8.925369 1.539951 7.839847
-0.094191 0.203560 -0.204220 21.871468 -1.607474 -14.879719
-0.380850 -0.010226 -0.021064 25.737853 -17.496283 -13.016199
-0.128430 -0.169400 0.098163 -9.015210 2.180499 3.444907
-0.896730 -0.712410 -0.859860 26.819471 21.518034 14.017219
0.129330 0.070393 -0.102040 0.048732 -7.526603 9.471947
0.112430 0.028090 -0.106520 0.788991 -13.995465 12.233461
0.219700 -0.085738 0.258580 18.039738 8.618008 20.014988
-0.537310 -0.176420 -0.490940 7.745357 -4.576538 4.540967
-0.442650 0.167690 -0.015924 26.210450 -10.363120 13.798858
0.335050 0.248250 -0.333270 -11.110972 -0.404512 13.067276
-0.016601 0.017997 -0.111740 12.741884 1.342076 -7.807134
0.046091 -0.092016 -0.313110 -2.563581 -31.908613 -10.097338
0.177690 -0.045627 -0.103430 5.576523 -0.735606 8.816529
-0.066593 -0.029177 -0.084189 -1.991831 -7.651284 -0.728685
0.222400 0.154510 0.623880 3.061461 -0.970947 2.576247
0.121680 0.026227 0.000339 -14.137936 -16.656381 5.688643
0.079362 0.287490 -0.032322 0.329557 20.187465 6.437547
0.322540 0.212200 0.143000 3.344434 -26.384893 -7.732444
-0.163370 0.082063 -0.024788 4.780762 15.560054 7.609660
0.087119 0.232570 0.175570 -1.364734 14.188497 -2.598421
5.433800 4.208500 -6.968100 0.662417 -0.560935 1.931084
-0.088392 -0.121050 0.177490 5.687479 -11.431195 -15.143585
-0.108860 -0.047949 0.013069 16.531926 9.597264 -16.064640
-0.196440 0.092517 -0.069026 -6.091381 6.292640 12.169787
0.000818 -0.041916 0.235750 -4.366576 -7.204728 -0.290792
0.065552 0.060895 -0.057295 -26.595716 9.122677 -5.085740
-0.044931 -0.194480 -0.298000 8.642340 -1.066796 14.102792
-0.025208 -0.038739 -0.024372 -5.831989 -0.052394 3.610817
0.661190 0.213990 0.074318 -0.907022 -2.337948 -0.889308
0.243130 0.047138 -0.103130 7.176180 -19.099053 -2.164824
-1.217000 1.288700 0.174480 10.612434 -16.654165 1.542220
0.311430 -0.207620 0.023968 -36.584809 12.696222 5.230861
-0.338970 0.049253 0.027415 15.928547 10.471228 -2.595216
1.138000 -0.213360 0.766340 5.129083 4.716104 -8.372550
-0.248190 0.106380 -0.389590 -6.101843 4.053365 -0.873231
0.063300 0.217380 0.177800 -8.768618 -13.802025 -12.883507
-0.241660 -0.197580 0.040203 -23.379064 6.783348 -3.097693
0.095408 -0.333570 0.101810 0.111027 -6.543488 -1.310609
0.228770 -0.079947 -0.412380 14.499788 -10.281644 -2.759080
-0.035292 1.235700 -0.107100 -1.122785 30.802039 -13.579735
0.119230 -0.037148 0.048901 -13.271812 3.129943 -5.876030
0.223320 0.005062 -0.170060 9.834311 -1.920537 -1.604142
0.337720 -0.103560 -0.206200 -13.916063 0.847765 -4.614464
0.535720 -0.695940 -0.056725 -6.570076 -0.572490 1.268918
0.161530 -0.166550 -0.298940 -4.408113 -7.630125 22.547280
0.185710 0.039800 0.060595 6.800938 3.501931 -6.900156
-0.390490 0.236710 -0.104560 -3.560106 3.226692 -4.356091
-1.878100 -0.038035 -0.309940 -22.548303 -8.155958 -6.991703
0.296630 -0.222630 -0.418700 -5.087761 25.311514 -5.130608
0.160230 0.013629 -0.148190 -15.946346 -7.688548 5.701911
-1.128000 -1.821100 0.141750 11.617366 27.327205 -4.320890
0.127370 0.250410 -0.066000 -4.181904 -16.265832 20.670144
0.133690 -0.076819 -0.060846 -20.397452 22.313587 1.997051
1.371100 -0.156970 1.269900 -12.618649 -1.189663 -14.305164
-0.136090 -0.093178 -0.223020 3.470935 11.509591 7.070703
0.127840 -0.593620 0.520270 -7.211536 2.288809 -1.840810
-0.080381 0.213000 0.054539 8.034515 -3.416873 -4.629929
-0.306630 0.014855 -0.011573 -4.291781 12.819458 4.829147
-0.796240 1.003000 -0.382670 0.229770 9.533873 1.343049
0.342860 -0.078151 -0.175040 22.237117 -12.173965 20.726401
-0.108300 0.094661 -0.229380 3.322536 1.980436 -8.194545
-0.068497 -0.054885 -0.043247 -11.770356 -12.185844 -2.082895
-0.634080 -1.023000 -1.118700 0.486938 -1.547200 -2.789757
-0.058083 0.243490 -0.068986 18.263190 -2.705701 1.783259
-0.106250 -0.128820 -0.234820 7.650459 -5.804707 -12.754021
0.073278 -0.211580 -0.076400 -2.515818 -1.891538 1.023517
-0.111840 -0.143700 0.346110 -8.887470 -10.628675 4.367564
-0.418090 -0.085582 -0.249170 21.902468 8.299372 20.085761
0.076441 -0.021721 0.069546 -6.361078 0.991118 -8.933808
-0.280570 -0.196660 -0.220340 18.865985 10.598164 23.646577
0.220040 0.184150 -0.445350 3.823114 -8.411549 6.211630
0.040517 -0.194920 -0.048739 -16.223769 -4.576995 -1.227400
-0.097948 -0.018618 -0.023066 32.201170 -10.230469 5.770130
-0.768730 -0.178980 0.371200 13.310594 6.866486 -4.959660
-0.092465 0.103850 0.358920 12.281590 -11.520317 -16.914815
0.164650 -0.098589 0.102140 11.101622 -11.874807 -7.694935
0.604770 0.017524 -0.339650 15.585432 6.032697 -1.991840
-0.283720 0.032655 0.494200 -25.518448 6.363095 23.016904
0.124420 0.240040 -0.198600 -18.962250 -13.328032 22.137211
-0.165460 -0.302780 0.023502 21.437820 24.367642 -2.475972
0.017875 0.192290 0.161600 6.069583 -9.612719 -14.398726
0.164940 0.293280 -0.263070 -4.179528 -2.838818 -6.269528
0.053360 -0.019016 0.477940 1.229406 9.331082 -9.621696
-0.224840 -0.286190 -0.455540 9.810297 8.244145 13.370354
0.242260 0.184060 0.000954 -13.468338 -1.963676 -5.168152
-0.069503 -0.035859 -0.019483 -3.130185 -3.022660 -3.163799
-0.452320 0.287410 -0.251440 7.557875 3.693879 5.577249
0.091872 -0.077385 0.073284 -19.098242 10.446433 -43.259750
-0.215440 0.148390 0.128310 10.711188 5.367406 -4.339878
0.013422 -0.015374 0.007969 1.493993 -29.206769 -1.605994
-0.387180 0.223870 0.142860 5.450118 2.758935 7.495355
-0.061949 -0.327250 -0.110700 -21.912969 -9.900740 2.021888
-0.370960 0.008859 0.020333 13.024403 0.403346 10.869432
0.043141 -0.198240 0.116060 -33.927749 29.157548 -24.260569
0.259990 -0.173170 0.329020 31.240607 -10.739468 59.419364
-0.411870 0.250440 0.066943 -15.267407 15.867939 2.288417
0.015991 -0.072613 0.179870 -1.863920 8.984865 7.691243
0.064284 -0.062100 -0.081392 -13.031989 -8.437426 -7.599088
-0.337190 -0.162510 0.175830 12.837576 7.088913 7.247831
-0.332930 -0.732370 -0.835600 -9.635011 -0.206345 -7.966013
0.039792 -0.006571 0.291190 -0.579665 2.386341 -13.374440
0.009797 0.303530 -0.132980 -12.552408 18.301110 1.761911
-0.157960 0.322890 -0.524580 2.766272 -2.101269 9.101540
0.286090 -0.011172 0.117610 -1.994044 -9.728978 4.085894
0.045488 -0.017033 0.009967 -9.253228 2.171224 9.490036
0.066112 -0.141660 0.045406 -3.245707 -22.034160 -22.280815
0.084053 -0.236710 -0.629360 -13.368913 25.038137 38.249087
-0.159120 -0.192910 0.478600 -1.911740 12.537628 -8.285797
-0.070320 -0.169780 0.048969 -25.805730 12.472320 9.335783
0.579450 -0.352690 -0.045605 11.811030 -12.692343 -2.289585
0.061691 0.106170 -0.064383 -14.049024 -3.974407 -0.595057
-1.270500 -0.042225 0.398700 42.977676 15.751021 -13.292271
0.097456 0.196190 0.234580 -18.047814 -6.821216 -5.412863
-0.020549 0.040572 0.388320 2.442542 -7.645412 6.948331
-0.019890 -0.003261 0.026511 0.849044 -1.782387 -4.686512
0.081885 -0.014165 -0.169080 3.520670 -4.309537 17.477692
0.143610 0.026901 -0.086749 -8.261956 4.230860 4.409884
0.027563 -0.090978 -0.896590 -2.164695 6.082496 -32.118370
0.121210 -0.200940 -0.349970 -0.202783 -2.453539 -10.061861
0.121710 -0.103250 0.244640 -1.973474 16.372764 -0.174301
0.132870 -0.110870 0.062115 9.178408 -9.010993 5.162804
-0.219090 0.085189 0.090787 -3.616362 7.563800 1.701794
0.290270 0.013781 0.164020 -33.153894 -0.793529 8.328785
-0.143590 -0.120890 -0.061179 -35.369750 -20.509402 17.048644
0.248810 0.965480 -1.251800 1.534323 15.653270 -30.101045
-0.353670 0.866700 0.625970 -4.413035 21.836141 15.362379
-0.053044 -0.360290 -0.082924 -10.687053 -14.303272 -16.154027
-0.403380 0.031113 -0.103830 -17.325194 8.246473 -3.900841
-0.178860 0.157530 -0.058686 8.097016 -3.906482 1.082159
-0.546150 -0.190100 0.288280 -37.088865 -7.793575 26.461807
0.164350 0.322930 -0.160140 1.935960 9.600338 -10.552985
0.196990 0.040472 -0.152770 -9.102302 0.427103 7.121699
-0.097399 0.109350 -0.121430 1.942907 -5.876030 1.106819
-0.142670 0.045065 -0.135440 8.090979 -5.324875 10.112825
0.182650 -0.001689 0.138860 -2.388407 -14.530167 15.920178
0.223330 0.007824 0.007360 -1.519431 -8.225601 8.653135
-0.016596 0.148400 -0.002418 4.091869 13.754674 -19.715638
-0.707690 -0.033778 -1.086700 12.090331 -7.610231 6.112402
0.038893 -0.100950 0.025514 -9.493407 5.254495 -4.129359
0.747850 -0.325010 0.360880 1.654687 -3.597613 5.424696
0.052413 -0.391590 -0.562970 -6.936440 11.981685 -7.159172
-0.049088 -0.148960 0.274180 -13.993985 3.145338 6.006071
-0.134130 0.110930 -0.053184 -7.473299 -24.114244 3.392955
-0.176400 -0.158110 -0.507570 2.314451 6.148038 8.942190
0.033078 -0.032263 -0.057078 -7.250843 -4.544794 -5.804484
-0.012998 -0.158210 0.015115 1.020675 1.330016 -18.004357
-0.054544 -0.138700 0.232210 6.003388 20.835413 -21.465906
-0.293130 0.136960 0.036055 -11.278314 17.816531 -4.718907
0.398090 0.160910 -0.139940 6.963403 -10.127361 13.499169
-0.051206 -0.114440 0.253110 -4.518244 0.727043 -2.500563
0.096967 -0.248610 0.155860 6.363773 1.591824 -7.924972
-0.005826 0.083425 0.109660 -2.276578 1.160485 25.626239
-0.580150 0.158460 -0.147830 5.515753 2.302025 22.173019
0.596260 0.211840 0.268090 -11.997846 -10.522314 -14.154092
0.262760 -0.018336 0.289690 -31.649583 14.681650 -16.569740
0.211310 0.040167 -0.104190 -41.408997 19.911460 27.068369
0.220310 -0.202420 -0.543010 24.700958 0.436972 -19.643848
0.050927 -0.016906 -0.084806 4.893401 -5.271404 9.063521
0.092946 0.241140 0.168720 6.322162 -17.571278 -8.110324
0.212630 0.270130 -0.074248 -4.410131 -12.207686 -1.761754
-0.070449 0.050379 0.211260 2.421922 -9.032263 1.520013
-0.711920 1.056500 0.201880 -18.725905 39.142972 3.240848
0.208780 1.930200 -0.114240 -4.133327 0.970840 -1.024183
1.080000 -0.369140 2.478200 5.227095 0.048150 1.405283
1.031100 3.022900 -0.423250 -5.020541 -17.278725 3.588174
-0.056567 0.193970 0.149020 -16.489765 19.680596 -30.705333
-0.027181 -0.089051 0.200560 -0.632677 3.050112 -0.426543
-0.126480 -0.061652 0.071545 -26.106741 -17.601933 5.826161
0.081361 0.171260 0.075414 -7.514864 -3.726960 0.154421
-0.246260 0.006619 0.194020 9.265742 0.620276 -6.555752
0.337880 0.234790 0.305920 -17.637273 -23.063153 -15.596582
0.122240 0.093774 -0.250000 0.473356 0.014004 6.350548
0.178780 -0.385240 0.549770 4.148595 -9.792378 -26.924315
0.204200 0.236170 -0.172230 -0.746442 -20.446448 20.901875
-0.136210 -0.044007 -0.059133 -14.958325 2.330814 20.947163
-0.165460 0.204150 0.375010 -11.889460 17.239157 41.054765
0.075452 0.095500 -0.053957 11.943034 -3.548445 -11.290266
-0.204250 -0.096854 -0.303220 20.995313 7.810351 7.332500
-0.625010 -0.041307 0.474900 -21.527788 2.410346 9.202760
-0.114040 0.194870 -0.128720 -14.471672 -7.319629 -0.349912
0.326660 0.176530 -0.062200 -12.033696 -1.915622 -5.944836
-0.274250 0.475900 -0.065027 13.026029 -23.173588 3.281533
0.652500 0.225810 -0.035030 12.494245 3.715889 -3.073902
0.701010 -0.362250 -0.071143 1.279875 6.622663 11.369755
0.385430 0.213620 0.884120 -1.304257 -6.823266 -6.164334
0.892180 -0.001988 -0.789660 3.993637 -6.692523 -6.015489
0.041828 0.169330 -0.165730 -3.712509 20.026734 11.301569
0.084479 -0.045545 -0.017805 -7.232138 2.015413 4.135996
0.392790 0.140140 0.302850 5.656411 0.511647 13.109432
-0.127020 -0.035327 -1.072200 7.307770 1.801989 16.294060
0.153200 -0.050823 -0.044993 -30.253001 10.303847 -3.393544
0.084343 0.034692 0.119890 -10.985807 3.837976 -6.300011
0.129210 0.406190 0.282950 -15.711259 -17.512373 -23.756296
-0.275170 -1.412200 -0.419550 -8.672256 0.714505 7.269420
0.155170 0.030836 0.003183 -5.337893 13.276690 1.048097
-0.079562 0.031708 -0.018503 -4.812476 -14.833646 6.371075
-0.183340 0.188500 -0.194270 -0.746972 -5.943986 -4.993944
-0.143690 -0.425230 -0.013226 4.376331 8.918342 -3.465586
-0.055066 -0.081678 0.030966 -0.155741 7.868367 -3.618466
1.057500 0.096978 0.042638 -17.317458 -16.319435 0.452878
0.159330 0.102840 0.201740 -14.136487 -3.262885 -1.503998
0.042323 -0.138410 -0.191570 -2.921174 -10.148082 -19.103729
-0.045797 -0.166820 0.103620 4.348462 2.247686 -18.920866
-0.194820 -0.103890 -0.093638 6.356688 7.726993 7.508438
0.025505 -0.071934 0.126140 -13.495472 2.523643 2.830222
0.207350 -0.108070 -0.070599 -1.766444 -6.217781 -2.032064
-0.015382 -0.048971 0.193060 15.139335 10.313226 -3.353425
-0.908840 -6.240100 6.846100 3.803652 28.125876 -29.491952
0.294780 -0.113820 0.018005 2.511450 -16.597914 -3.314737
-0.139980 0.409280 -0.166330 -4.337465 7.443023 -5.722772
0.305900 -0.595680 -0.339670 17.375839 24.940280 17.966692
-0.230680 0.221440 0.126430 6.866933 0.855589 2.298500
0.108620 0.268140 0.049019 -9.475447 -17.513684 -14.373574
0.120630 -0.153090 0.041506 -4.845893 -7.588345 -2.409612
-0.030788 -0.073717 -0.125850 -7.737130 2.866750 8.568226
-0.047677 -0.248480 -0.099164 -4.423021 -15.617360 -24.029021
0.163500 -0.411520 -0.147370 8.019750 -7.588477 6.253394
-0.181420 0.150000 0.144560 -7.755316 19.168056 31.669398
-0.013838 0.132450 0.316570 9.122953 -14.030186 -0.736946
0.055412 -0.209450 0.014216 3.096761 2.789246 4.854299
-0.005062 0.086827 0.021111 0.464611 19.719994 76.516348
0.270420 0.278560 -0.025016 -3.183316 -14.465147 -2.900658
-0.121010 -0.029354 0.061903 11.791036 35.956816 -5.441889
-0.013150 -0.182330 0.084002 2.692626 19.786121 4.411861
-0.128120 0.196250 -0.249140 6.408579 -16.719967 19.413062
-0.012367 -0.042797 0.125150 5.050135 0.501929 8.697662
0.132990 0.124350 -0.634850 -17.758712 -7.263656 -20.785213
-0.007047 -0.129680 0.004745 -50.314927 -31.636831 -31.802939
-0.032242 0.475870 0.037490 2.401169 0.983800 -3.625360
