-0.114240 0.202450 0.325750 7.648719 -11.351134 14.314853
0.105700 0.243990 -0.208580 -1.878035 -14.502678 -7.230413
0.053747 0.186330 0.130970 15.002247 31.568559 21.400585
0.122190 0.048365 0.054651 -12.482043 -12.804825 25.523140
-0.078480 0.365460 0.240690 -15.900727 -29.944281 6.960102
-0.031059 0.150680 0.099280 21.367425 8.065275 -3.878064
0.701010 -0.362250 -0.071143 -2.501623 6.269259 9.228758
-0.054583 -0.380790 0.849290 3.016771 9.242035 -8.169771
-0.654890 0.001798 0.692550 -3.310316 3.826340 -6.086350
3.102300 -0.107960 -0.711340 70.120286 -1.351040 -6.668611
-0.083897 -0.384910 -0.222520 -0.621926 5.150151 6.199195
-0.130780 -0.094859 0.017841 11.237011 17.177760 0.468538
-0.169940 -0.034805 -0.091438 -0.537362 6.693504 -12.089235
0.385020 0.294050 0.451000 -2.914798 9.902035 -27.249979
-0.476030 0.564900 -0.468290 -15.929246 9.175221 -12.445129
0.258490 2.471600 3.167000 -4.180362 -1.997053 3.408912
-0.652910 -0.177350 0.143420 7.059701 0.607913 -0.698832
0.183350 0.365560 0.423980 4.150641 3.927802 14.479391
-0.010155 0.012402 -0.064016 5.935966 -12.383778 -4.402738
-0.341600 -0.936620 0.880330 6.615859 6.535904 -1.765005
-2.418500 1.040600 -0.120900 -6.408654 0.983051 -2.494386
-0.049716 -0.075269 -0.058609 -4.957027 -0.756273 -3.279360
0.032068 -0.219920 -0.294190 12.406521 5.596764 30.999543
0.166960 -0.051658 0.187770 -17.556156 -7.208228 -33.885538
0.025406 -0.232900 0.154900 3.290009 13.908681 -18.463655
0.211820 0.090962 -0.065204 -18.384657 6.263320 10.917182
-0.414940 -0.230720 0.639740 -30.537844 -26.670860 19.929325
0.144590 -0.510810 -0.900680 3.075121 -7.288316 -19.425694
0.532930 0.226540 -0.321530 -1.233672 -6.700289 7.032493
0.016383 -0.256490 -0.197090 -12.009475 18.695551 23.700549
-0.242430 -0.129140 -0.054794 -6.567481 3.452799 -9.300148
-0.134810 0.018607 -0.425290 1.063474 21.179419 11.380218
0.327270 0.001347 -0.114320 4.136577 6.919291 -3.459168
0.032179 0.176770 -0.353500 -2.441553 5.424907 10.356441
-0.159770 -0.085062 -0.373630 11.729727 2.940547 13.072315
0.676680 -0.410850 0.213960 -10.155024 5.197519 -5.114511
-0.171190 0.082605 -0.269480 16.323603 -0.899734 14.468896
0.152510 -0.077038 -0.158310 -1.189045 -42.514933 -16.685791
-0.264220 -0.049243 -0.161490 -6.299114 2.086461 -1.585543
0.063037 -0.078477 0.094446 9.660903 9.427383 -1.211728
0.224990 0.072218 0.291490 1.253356 17.024177 20.262367
-0.114500 0.059509 0.209680 -15.016258 4.498437 5.964135
0.303610 0.172080 0.355110 -11.729718 5.323526 -12.348651
0.356200 -0.109220 -0.452710 27.067363 -10.777859 -8.922229
0.098499 0.078048 0.121530 -5.116848 15.831661 10.105403
0.201160 -0.494810 0.106970 5.122916 -4.425961 -0.567034
-0.022187 0.068268 -0.581660 0.750044 -6.073189 1.765363
-0.040021 -0.675170 0.301540 3.474266 6.514990 1.732761
0.253380 -0.079611 0.156970 25.798603 -13.114867 9.085867
-0.084058 0.133760 0.156060 -0.777097 -6.388116 8.939501
-0.058544 -0.151660 0.171400 -2.133252 6.494094 3.356394
0.118780 -0.106930 -0.188490 46.415892 -2.763349 7.409362
0.060033 -0.082702 0.023769 0.686164 -1.785845 -8.873347
-0.196440 0.092517 -0.069026 -4.649986 11.609619 11.574658
0.125920 0.084176 -0.104330 -15.632252 6.081416 -14.841176
-0.352160 0.029639 -0.168060 3.434609 -34.483568 35.791741
0.600370 -0.006211 0.186730 -2.015622 -0.715668 -1.478808
-0.179450 0.386800 -0.128300 2.653498 -25.430139 -14.429194
-0.071088 0.061579 -0.039056 -1.269303 -2.283187 2.672184
-0.221090 0.032236 -0.386160 -12.094991 21.001763 11.832270
0.251640 0.112900 -0.314530 -7.395693 -12.290996 21.772827
-0.473470 0.354070 -0.023711 -3.850135 7.793198 -6.519158
0.013834 0.101590 0.036895 1.569937 -0.263550 8.626175
-0.108300 0.094661 -0.229380 4.649688 0.148597 -10.802955
0.047820 0.252180 0.159150 6.079568 8.262088 -14.540392
-0.145360 0.297270 -0.101710 0.159259 -17.368415 -8.528015
0.082034 0.065564 -0.225990 21.314967 -3.464701 9.354910
-0.072634 -0.204160 0.035413 10.990367 23.046953 -9.762448
0.273520 -0.095363 -0.163430 1.105467 -23.278865 -1.881844
-0.177570 -0.515970 0.499450 -9.615746 0.334643 -7.300260
-0.119120 -0.243360 -0.059523 -4.529390 6.922851 -1.367087
0.010560 -0.085246 0.493410 -2.765134 -4.536952 -2.043854
-0.140790 -0.531070 0.429020 8.334636 -2.808239 0.075594
0.051328 0.050375 0.030556 19.620682 -10.578786 21.064423
0.109000 -0.016047 -0.185640 -2.084325 3.147235 -17.894680
-0.032740 0.160520 -0.120810 5.351718 1.434543 8.237552
-0.114620 -0.098765 -0.256130 -9.739549 1.271465 -5.567352
-0.051592 0.027944 0.082670 59.718478 -22.081677 -61.747448
0.091501 -0.141610 0.124220 -13.518031 -8.281413 -0.253979
0.066584 0.030521 -0.130960 -1.593590 26.418542 -12.959085
0.111730 0.164680 0.294660 -3.054016 14.072826 14.963405
2.194400 1.607700 0.796370 9.720121 6.281809 -7.358046
0.186090 0.220000 0.063841 21.490278 9.686711 0.451811
0.178520 -0.132420 -0.037192 17.278518 -1.378180 4.939226
-0.078206 -0.206490 0.076087 -0.132986 4.518579 -9.662517
-0.748220 -0.468620 0.323150 -8.704458 -6.715838 4.656298
-0.436120 -0.400160 0.093137 -11.600755 -11.288427 -7.836723
1.235100 -0.450810 -1.317700 15.751551 -5.100424 -18.780924
-0.024904 0.127250 -0.133080 -22.724652 1.913038 0.444284
-0.260920 0.009749 0.017523 -12.784831 1.580822 -2.015157
-0.399080 0.028971 -0.187280 -4.133863 -3.829092 -9.739456
0.174330 -0.332020 0.149750 -21.792955 1.017687 0.776155
0.102310 0.077650 0.288260 -13.793873 15.440741 16.776105
-0.056567 0.193970 0.149020 -14.091566 18.254197 -29.559810
-0.115520 -0.011881 0.103120 8.547169 -3.569797 -3.837239
0.024085 -0.244110 -0.227370 -18.698014 -8.559315 -16.181249
0.139330 0.445570 0.032566 -4.021433 -4.986683 0.442518
0.155470 -0.113150 -0.162850 12.340855 17.214380 8.019099
0.077037 0.065865 0.011767 -30.333245 -1.044968 26.278607
0.141870 -0.265070 0.368660 -1.808557 -7.541563 -2.533341
-0.118660 0.009947 -0.120680 9.679246 -11.187185 13.893642
-0.442000 -0.293350 -0.053618 -2.835800 5.657172 1.269468
-0.186010 -0.662070 0.135260 17.140980 43.740690 -14.219809
-0.019732 -0.068143 -0.095191 5.180581 -4.055360 -7.637164
-0.251020 -0.163770 0.699080 16.789039 1.368997 -16.219399
-0.023231 -0.145400 0.165540 -16.029019 -10.073606 14.798655
-0.167540 -0.127280 -0.020949 -6.071785 -27.639235 -0.087088
-0.091460 -0.030917 -0.003820 3.391087 2.542390 -8.085748
-0.047885 -0.263560 -0.054960 1.550053 -4.166547 11.212557
0.082611 0.085812 0.024106 -6.505276 4.047354 -17.352529
0.086713 0.337310 0.473470 0.703959 -5.951483 11.639754
-0.232380 -0.241590 0.241350 -22.061492 -6.948395 6.711742
-0.511800 -0.171540 -0.389610 -5.158885 -0.354590 -13.873112
-0.283340 -0.128120 -0.642290 -15.857088 10.401369 -20.084108
0.378610 0.064015 0.621350 14.538521 7.056384 28.952935
-0.237690 0.458210 -0.651950 5.663357 -21.713447 20.866321
-0.390490 0.236710 -0.104560 -5.868459 2.355332 -7.261330
0.032249 -0.209000 -0.041790 11.785285 -1.499989 -2.867823
0.315800 -0.170380 -0.067011 -6.271430 -1.809553 -4.491655
-0.477750 0.479000 0.842160 7.717947 -12.439202 0.254623
-0.285800 0.000252 -0.119650 -1.690652 -15.791074 -3.952121
-0.198270 -0.333570 0.004096 -7.290829 10.404164 17.947995
-0.189350 0.007135 -0.214210 -3.661346 -14.737894 -8.764006
-0.709070 2.953500 -0.641910 4.483399 0.849148 0.438769
-0.024649 -0.258020 0.237100 -0.140260 13.368614 12.247996
-0.364780 0.108100 -0.065149 17.867656 -9.278528 0.784845
0.013002 -0.014965 0.051901 -0.617132 -14.411952 0.310777
-0.036512 0.518640 0.114790 -3.809980 0.444332 -13.876264
-0.268370 0.085623 -0.079197 0.961605 10.228907 -8.140490
0.062059 -0.384510 -0.051501 -4.818513 3.638787 -13.451320
-0.032290 -0.097886 -0.180970 -12.471335 -9.662359 -13.411937
-0.093002 0.185070 0.026128 -19.017018 3.448971 -15.146631
0.000005 0.016230 0.060163 -0.843116 7.073679 -9.726273
0.047258 0.044826 -0.034599 14.473308 6.856713 14.774897
0.213790 0.104800 -0.179390 1.176976 8.029545 -3.742013
0.426100 0.435910 -0.529080 -14.694654 -13.250491 6.352691
-0.531110 -3.031000 0.717010 8.264937 52.429257 -12.096326
0.200000 -0.014787 0.009372 -8.406706 -5.658912 0.733466
0.108790 0.133730 0.178690 6.368883 8.025407 -5.447298
0.390430 0.166150 0.008593 9.379660 -11.917162 32.635979
-0.259510 -0.224030 -0.113840 7.664201 16.845913 7.565180
-0.185550 0.256110 -0.081043 -3.704964 16.615482 2.108101
-0.039090 0.013997 0.020233 -5.633299 9.811807 1.932629
-0.076148 -0.296030 -0.389880 7.529554 15.976852 5.448293
0.156800 0.487050 0.527040 17.224903 41.071320 60.908575
0.036574 -0.018782 -0.072567 -4.981244 -12.245746 -17.163204
-0.148460 0.161230 -0.117740 -21.927863 12.612740 4.801919
-0.498740 -0.546370 0.273480 -10.547732 -13.608554 7.517864
-0.099050 0.177380 0.126900 -34.665927 34.959401 -8.715782
-0.182290 0.425370 0.144720 5.528588 -1.666195 -7.074517
0.340330 -0.725370 -0.071859 -2.447344 9.767215 -0.435766
-0.100800 0.018469 -0.012377 -6.286693 -19.453112 10.848216
-0.209160 0.027536 -0.197420 16.020827 9.320833 8.998967
0.270760 -0.125670 0.036573 30.296852 18.637136 29.888275
-0.071016 -0.111660 0.052418 -12.976349 -1.390345 12.601944
-0.095909 -0.037784 -0.066443 7.454893 12.970992 -6.239360
0.004867 0.153620 0.018915 -7.367804 -4.234500 -16.877938
0.041567 -0.012867 0.042337 -5.180827 23.264103 -10.693527
0.032052 -0.022501 0.053943 -9.936430 -0.991728 1.967508
-0.102620 0.078941 -0.258040 -5.550715 -19.230029 -9.818565
-0.422370 0.318860 0.269240 -8.697969 4.970164 4.640350
0.087372 0.019097 -0.019754 -11.338359 11.837904 17.794757
-0.194820 -0.103890 -0.093638 7.396744 5.770610 7.834399
0.074155 -0.118150 0.012308 -0.827197 -2.131226 12.095510
-0.145010 -0.451100 -0.089700 -8.041248 -18.762803 -11.145875
-0.043006 -0.018947 0.242940 -6.737685 -7.824170 38.814565
-0.245790 -0.049166 0.313900 -17.216201 4.530735 -2.348085
-0.065544 -0.002973 -0.024253 -6.957789 -0.447207 -16.372178
-0.180840 0.155830 -0.094365 -2.256777 22.611298 -1.148005
-0.254370 0.142820 0.214430 9.477235 -5.239975 -11.033680
-0.504400 0.764000 0.456960 -15.460895 18.612841 20.245617
-0.575440 1.848400 2.353700 -7.394445 14.461945 21.094267
-0.336120 -0.150490 -0.116870 -25.850805 -20.131464 -6.676032
0.116720 0.140150 0.092117 -33.862933 -18.915149 -45.075717
-0.700940 -0.311280 -0.131510 6.842310 5.980951 -0.774535
0.000818 -0.041916 0.235750 -0.279730 -8.474493 -5.176655
0.032004 -0.206230 0.141620 7.499170 27.895350 -10.307864
-0.115770 0.104140 0.289440 -0.420250 -9.641822 -1.696247
-0.153810 -0.146440 -0.315910 -19.403545 -24.155517 -5.668455
-0.103250 0.015760 -0.202890 -16.063241 15.477649 -3.381833
-0.319780 0.080465 0.309160 17.029812 -12.203889 -15.989025
0.051870 0.187290 0.133620 6.400110 47.715204 -15.607745
-0.073943 -0.024635 -0.047696 -5.676914 10.398549 15.742980
0.073180 -0.902260 -0.900170 -7.347632 -2.814749 7.340128
0.525910 -0.005343 0.049846 9.180197 -2.958401 4.663209
0.189030 -0.017200 -0.193680 -3.614766 20.951410 21.454716
0.408130 -0.446710 0.433810 -8.256362 11.735196 -9.820163
0.154140 -0.093125 -0.024119 0.566138 -2.819315 16.727204
-0.147400 0.079096 0.333500 2.661925 -7.091728 2.850841
0.077102 0.381230 0.205120 2.237691 -8.056086 -3.396504
0.146330 -0.026172 0.286110 8.397069 0.140066 29.771507
0.053373 -0.025904 -0.032300 10.450759 -0.724695 2.185167
-0.034576 -0.051398 0.110240 -9.506084 -0.157955 8.882500
0.089452 -0.235290 0.010623 -8.464771 0.951185 -27.235098
-0.092603 -0.255840 0.198720 16.144047 19.089268 -14.252618
-0.427620 0.426960 -0.100180 24.163212 -3.022049 -16.334810
-0.022408 0.120170 0.023827 -38.221486 0.390622 8.434546
0.013975 0.151330 -0.098412 -28.706838 -10.963437 10.031037
-0.081536 -0.032511 0.008520 -7.799824 6.790678 -4.110589
0.192170 -0.075684 -0.490630 6.621816 5.511167 1.998306
0.025355 0.237260 -0.654210 8.201603 -16.234783 23.157655
1.426100 -0.493040 0.711710 -15.631192 4.134531 -6.458710
0.195620 -0.277600 -0.250170 12.310213 -11.993496 -7.167372
0.075325 0.828160 0.270530 1.834506 18.712585 14.858481
-0.015658 -0.124360 0.453770 4.224634 5.499691 5.161178
0.028132 -0.379160 -0.278710 2.000814 15.484457 17.644204
-0.028397 -0.146650 -0.115840 0.868893 7.603609 13.140401
-0.000370 0.106000 -0.216690 8.146448 0.600225 -9.826462
-0.355760 -0.199690 -0.135200 7.363890 -7.737450 1.604551
0.103240 -0.257980 -0.303770 4.942184 15.991350 5.523567
0.262930 0.354640 -0.136310 12.265161 7.812562 -13.919726
-0.130340 -0.311560 -0.013870 24.784373 11.429626 1.920119
-0.037556 0.157750 0.096706 -6.008709 10.564074 8.601314
0.402190 0.320520 -0.392020 6.168229 3.059421 -8.457177
0.003383 0.104170 0.274970 2.518238 -8.001935 8.866706
-0.017432 -0.168760 0.106040 -15.367475 5.650396 -10.835233
-0.098118 0.052289 0.233000 8.212710 4.526164 -1.582667
0.015712 0.057928 -0.051443 -12.070402 9.822845 1.727500
0.178080 0.310160 0.116000 11.736710 30.299441 -19.873505
0.252440 -0.175470 -0.093180 -9.630737 -0.118474 -4.527521
-0.267710 -0.478380 0.093932 -22.207370 -21.957775 3.277629
0.100070 0.263300 0.024453 -10.424448 2.307908 -8.655214
-0.005826 0.083425 0.109660 -6.265953 0.212993 25.320921
0.053540 0.075569 0.036224 0.804095 4.989995 -5.085901
0.087637 -0.067413 -0.129810 0.455668 0.947727 9.033730
0.075876 0.326640 0.021108 -6.626251 27.158431 12.050863
0.233460 -0.143250 -0.158120 -1.794755 -14.721538 4.756159
0.806300 0.124980 0.013731 19.350313 10.661826 -5.420388
0.068205 0.106880 -0.136840 -0.100998 -0.427768 -9.132598
0.079832 0.066613 0.182890 2.800462 -10.561025 -5.855576
0.246330 0.062849 0.103470 11.967244 -4.209599 2.093048
-0.033847 0.067143 -0.046210 -17.847560 -9.807675 -5.451368
0.006520 0.118060 -0.181180 -0.967882 -6.096910 11.663853
0.541340 -0.091165 0.064117 13.887106 -10.282521 9.120348
-1.058000 -0.266400 0.081292 -24.122777 -6.073425 2.976549
-0.519140 -0.257130 0.280150 -9.149623 -3.809637 0.576833
-0.013692 0.027694 -0.055337 -24.788626 -12.022098 3.148269
-0.251030 0.242980 0.359010 9.815191 -3.171491 -2.264125
0.297870 0.400610 0.099431 9.598459 0.334127 3.845625
0.547620 -0.849260 0.008414 23.371385 -48.910621 -10.531503
0.514580 0.042288 -0.279690 6.338405 4.475357 -1.186777
-0.090475 -0.133470 -0.155340 1.845073 -1.911422 5.526975
-1.515100 -0.410810 2.148900 0.578363 -6.185200 -0.809848
-0.750030 -0.624150 0.121890 -21.642048 -27.382169 -4.777430
0.001103 0.304470 0.112700 4.293232 -1.820923 2.381696
0.007476 0.109780 0.333140 10.803192 -9.484981 14.723409
0.052449 -0.201220 -0.008864 6.595977 -6.405795 0.091377
0.021281 -0.093754 -0.027247 -23.235045 29.064957 -11.446359
0.378900 -0.290710 0.025171 -10.815554 12.663306 -19.497217
-0.261650 0.031325 -0.384740 -1.361625 -1.824672 -4.690753
-0.080982 0.138160 -0.220460 5.019088 -4.386463 -20.660585
0.281580 -0.047301 0.068500 3.808174 -1.446694 -4.255666
-0.025729 -0.391410 -0.044218 5.699217 -11.905711 1.269838
0.333680 0.318600 0.141690 -6.140827 -26.199347 -23.470884
0.306500 -0.166120 -0.337780 21.027200 -13.065022 -24.137726
-0.121200 -0.233610 -0.060966 -14.328584 -30.986791 -1.412345
-0.063324 0.140140 -0.194650 -5.239863 -5.834666 -0.271992
-0.174660 0.018104 0.160280 -5.777754 2.303156 10.643966
0.173430 -0.523580 0.268670 4.071294 -6.082166 12.017868
-0.050393 -0.867640 -0.128650 0.306301 9.123195 11.437907
0.510200 0.026601 0.525860 -8.462720 -1.124620 -11.147046
-0.034114 0.271000 0.274000 -6.665471 12.051184 -16.017506
-0.169830 -0.410140 -0.226010 -12.458125 -14.569834 -16.348142
-0.138760 0.332450 0.075926 -18.040069 15.412292 -0.461103
0.563690 -0.140050 -0.499430 8.607197 -2.699456 1.402938
-0.207370 0.292860 0.538220 2.660447 -5.528607 3.078983
0.081730 -0.054044 0.443390 -0.671101 -0.572693 3.305371
-0.378130 -0.333180 -0.232150 1.095592 -5.367848 -5.828645
0.081249 -0.063526 0.271900 0.480707 9.319395 -11.575653
0.065137 -0.089009 -0.158250 -3.361076 -10.997861 -13.995444
-0.145280 0.369970 -1.091900 -5.028760 3.115064 -0.945082
0.042123 -0.126900 0.073129 0.721866 -20.748508 -5.533391
-0.095455 0.004694 0.056654 -11.084476 10.487704 4.491128
-0.069302 -0.078601 -0.016215 0.576326 3.925910 4.928314
0.564690 -0.176410 0.456050 19.743076 9.511196 8.760719
0.103360 -0.113690 -0.102720 0.381451 21.765664 -13.320599
-0.176830 0.024678 -0.034969 -3.542233 -16.219235 -6.236983
-0.211090 -0.081043 0.200500 17.600474 -14.277146 9.908885
0.186050 0.166490 0.118130 -7.764906 4.621591 -6.125163
-0.159530 -0.208140 0.019511 24.825600 7.567099 -7.504841
0.133000 -1.447400 -1.022100 -2.503224 -9.504428 -10.988786
0.411930 -0.156180 -0.481760 37.855944 -0.401338 -24.335279
-0.598560 0.369610 -0.886810 -13.957615 2.606897 0.505364
0.570830 0.229570 0.353780 8.575091 -7.719276 0.408179
-0.154430 0.060071 -0.001311 -9.849037 12.567704 -2.317923
0.017502 0.256570 -0.149480 -13.135194 0.488834 0.298108
0.148300 -0.080548 -0.155680 9.264733 11.436606 -10.490560
-0.384410 -0.324030 0.399580 1.692832 -27.468871 17.253721
0.112560 0.049253 -0.034423 -19.659326 -6.811764 -7.466320
-0.195440 -0.342370 0.080716 -8.725064 -5.578924 6.586649
0.648610 -0.647050 0.058974 -9.148215 6.667359 -5.623712
-0.040108 -0.065931 -0.209240 3.079168 6.489124 12.890429
-0.005250 0.135930 0.045678 15.678298 -4.467008 2.498275
-0.041782 -0.036315 -0.335620 5.433661 -5.654856 18.272042
0.174710 -0.019326 0.103610 8.322404 -3.391454 0.891902
-0.317670 -0.151090 -0.029105 -32.819129 -0.916883 9.677381
0.123210 -0.576430 0.418820 16.565207 -29.736556 10.033485
-0.084480 0.016306 0.303630 -13.453167 7.404796 -32.210077
0.373640 0.192490 0.267060 4.345426 4.739293 7.699803
-0.259630 -0.047589 -0.351170 -10.738998 9.686027 -16.935492
-0.081322 0.101120 -0.098460 -10.658765 -11.299494 4.682416
0.366440 0.450700 -0.245620 11.042096 6.295321 6.998552
0.663570 0.985860 0.895130 18.355133 16.727765 19.740948
0.109830 -0.090142 -0.233480 -5.497216 -16.220586 -3.768022
0.062643 1.020200 0.666480 -11.551952 -25.546042 -3.784302
0.134320 -0.286460 0.100830 2.283053 2.115760 0.236925
-0.015373 0.056614 0.084814 0.353918 23.279907 -4.734965
-0.080598 0.110810 0.019683 0.257272 8.565671 2.266036
-0.075427 0.151200 0.163880 -12.802566 -8.244290 9.972871
0.082179 0.169560 0.199610 -3.244132 -3.184283 21.849351
-0.686600 0.228500 -0.872760 4.882463 -0.856734 7.844915
0.041792 -0.100630 -0.006644 12.531251 -6.540848 -14.343943
0.066382 -0.120630 -0.008319 -1.586999 -6.216064 12.891714
1.135300 -0.149780 -0.029067 6.294841 1.036076 -13.551353
-0.366850 -0.361920 -0.276160 1.371019 -2.577731 -10.909770
-0.001511 0.154400 -0.027211 10.450570 2.960111 7.798449
0.045098 -0.292480 -0.167930 5.615370 13.090925 4.867878
0.061988 -0.054364 -0.151370 -20.067528 7.639447 13.395113
0.046945 -0.199860 -0.199550 -13.722618 -12.287070 -9.565781
-0.149120 -0.062218 0.113060 -17.486711 12.112493 -15.254435
-0.001045 -0.004876 -0.173320 11.816216 -8.180180 8.655703
-0.099631 -0.261880 -0.099758 0.102913 -0.287310 -11.639860
-0.352670 0.298330 0.145410 -1.633061 -0.995275 5.598884
0.015890 -0.077847 -0.153970 -6.401211 1.062665 -2.442182
-0.836730 0.233310 -0.702400 -6.727952 5.014453 -5.287561
-0.005531 0.072292 -0.031349 11.689820 -0.102538 1.666766
0.497610 -0.015832 0.050964 -22.900377 4.612861 -11.512566
0.172950 0.062049 -0.226200 16.991208 -0.515001 17.134388
0.102160 0.108300 0.064972 -4.510789 7.729196 22.588950
0.175680 0.078251 -0.213600 3.867073 4.960316 -19.485152
0.049956 -0.308450 -0.349100 -13.067631 4.388720 -0.713813
0.669490 -0.210450 -0.234220 1.770267 9.854226 5.209874
0.207320 -0.044623 0.059033 -1.346342 -7.516746 -32.537855
-0.100140 0.074191 0.192700 13.231321 2.066289 -3.393442
-0.003533 -0.091543 0.331850 23.468921 -26.896724 47.576886
0.017840 0.376700 0.349540 -19.216563 17.149862 -4.765491
0.518450 0.062712 0.455830 -50.234609 4.914998 -54.804587
-0.304420 -0.086838 -0.050897 -0.431005 -1.855523 12.204495
0.161910 0.234950 -0.171840 8.752700 3.394026 -10.757419
-0.023861 -0.245690 -0.414650 1.814217 1.222757 2.955203
0.095366 -0.036124 -0.095305 -24.495522 16.921305 5.775954
-0.182890 -0.110560 -0.185830 14.380023 14.094549 3.634369
0.118520 -0.023144 0.343740 28.967262 -13.140409 38.677117
-1.398400 0.629980 0.334420 -9.405576 2.579767 -3.918995
-0.064286 -0.148440 -0.124630 -3.582200 3.801997 -1.689834
-0.746440 0.171000 0.347480 6.767029 -1.322091 -6.712661
0.718930 -0.487550 0.055308 -10.620744 6.001659 3.300479
0.143570 0.195260 0.132960 16.269706 7.634189 18.326391
-0.432740 0.144080 -0.203630 1.543273 7.592672 -7.562964
-0.082493 -0.010228 0.171940 17.946423 12.477553 -3.631520
-0.009512 -0.278810 -0.460110 -0.779675 -1.186751 -7.441676
-0.004849 0.047192 -0.207970 -2.191059 -9.546747 -3.175757
0.212360 -0.190160 -0.129210 6.010639 7.163430 2.934036
0.018605 -0.193120 0.326770 13.804442 -12.030342 5.380700
-0.059034 0.135500 0.213490 -8.534463 -5.969319 -21.681813
-0.067007 0.312050 -0.268260 16.085017 -23.064178 18.151129
0.291940 -0.381550 0.359920 -5.334513 -10.515775 -13.769686
1.617000 0.736460 -1.421500 13.537284 6.509863 -6.122801
0.065254 -0.168500 -0.398990 1.947726 -4.730798 2.482372
2.285700 0.242530 1.554200 -36.587343 -3.103751 -29.016201
-0.412610 -0.192560 -0.051619 -0.310416 3.511595 9.857018
0.056991 -0.117440 0.128480 -3.998549 -10.270380 -17.214883
0.171140 -0.084197 0.087993 -21.269879 11.265772 3.723760
0.037193 0.230640 -0.262330 25.985550 13.184647 -21.496453
0.253620 0.165390 -0.166980 -15.199245 22.650836 -12.629717
-0.019720 0.053745 -0.184440 7.111526 6.719795 -3.079781
0.077886 0.023186 -0.088525 18.077247 10.938581 20.039758
0.082487 -0.008212 -0.337350 3.593656 6.332212 0.351847
-0.080917 0.125160 -0.016824 29.316637 5.292458 8.445059
-0.035292 1.235700 -0.107100 0.960948 31.008739 -9.463182
-0.290300 0.320390 0.077202 0.928802 6.314034 -14.439426
-0.217090 0.136720 0.083159 -13.524183 7.171276 21.007148
-0.169290 0.166290 -0.052605 -4.921613 -5.905973 13.977197
0.049820 0.273500 0.204430 -21.356868 6.146508 -0.934382
-0.047344 -0.039818 0.029224 -16.085621 -21.563273 22.143221
-0.049865 -0.025971 0.104270 -2.325781 7.885899 16.893828
0.009615 0.141890 -0.321600 -1.953496 1.527103 0.244661
0.003028 -0.146690 -0.244160 -2.163529 25.790907 -5.072884
0.400770 -0.020044 0.134150 -55.664389 -1.090517 -14.868774
-0.248190 0.106380 -0.389590 -9.250731 7.973776 -2.022268
0.171270 0.049517 -0.062966 -2.563148 23.467929 -13.415107
0.050473 0.232370 0.049158 3.744058 23.391905 10.264767
-0.053876 0.176480 -0.071567 6.322351 3.868361 -2.274639
-0.098650 -0.356440 -0.126580 8.452028 -27.673706 -2.173017
-0.048853 0.137320 -0.376620 -2.929241 -7.086481 1.418720
-0.328590 -0.290990 -0.149870 -13.513632 -3.791877 -13.765979
-0.094968 0.408230 -0.247680 -9.001346 7.720248 -7.002703
-0.145530 0.026229 0.131530 -2.865735 -7.952538 14.648679
0.535720 -0.695940 -0.056725 -5.653919 3.144503 5.372773
0.300720 -0.088975 0.219430 -18.473629 -1.727432 -0.987922
-0.003138 -0.081002 0.132060 -7.690196 8.688785 -5.295700
0.065188 0.083597 -0.157160 11.471051 -11.599736 -3.438890
0.211800 0.020605 -0.047232 -0.088421 19.526948 14.742921
0.153200 -0.050823 -0.044993 -26.732456 4.597249 -6.503503
0.081305 0.008817 -0.238200 4.355020 -8.906443 -4.712492
-0.134510 -0.449010 -0.256820 2.539029 -8.701484 1.871039
-0.020842 -0.054587 0.008824 20.171597 11.503144 14.912006
0.044980 0.102390 0.385190 4.873751 7.825622 6.548778
0.247940 -0.062191 0.117000 -3.288859 12.742502 -4.724676
0.275140 -0.045471 -0.146810 -9.707913 -24.295341 -1.793065
-0.165090 0.023486 0.216300 -4.471806 2.747852 10.235225
0.139930 0.427830 -0.049546 -20.595567 0.969837 3.434739
-0.045961 -0.042524 0.162140 7.214677 -0.836481 -5.610558
-0.178120 -0.124230 -0.045178 2.243276 -0.959287 23.775902
-0.002178 -0.161830 -0.172210 6.517627 24.815125 16.407106
-0.107340 -0.023100 -0.272540 -1.905291 6.882734 -0.664660
-0.000499 -0.149040 -0.075017 11.675316 0.167186 -4.940874
-0.289840 -0.003692 -0.062933 -27.598175 4.342117 -9.195989
-0.300160 -0.347930 0.854900 2.575324 -15.260178 6.670438
-0.259990 -0.034604 -0.004407 -3.865882 -8.309279 19.055007
0.093330 -0.142160 0.189100 13.132603 0.319128 13.288503
-0.051206 -0.114440 0.253110 -3.324243 1.183792 -1.101070
0.114310 0.165010 0.309930 3.264013 15.576346 -13.491378
-0.052852 -0.319600 0.116330 -5.570476 -29.431019 14.863851
0.329200 0.083025 0.257700 1.671977 6.073605 -0.642867
-0.119560 -0.054025 0.045967 -11.769736 -10.895733 7.379170
0.595510 -0.095955 0.313940 2.468478 -2.558318 -5.311044
-0.208870 0.075505 0.075706 2.999808 -5.871796 -22.609407
-0.146880 -0.248430 -0.090804 -25.170035 -26.939924 -7.480692
-0.450620 0.648040 0.501840 -0.589527 0.319276 -1.382931
-1.245000 -0.517700 -1.369500 -8.187836 -3.918849 -3.249991
0.011179 0.027035 -0.165300 5.141259 -10.567389 -6.480857
-0.088872 0.257200 0.043842 -10.842912 11.245607 4.756909
0.219970 0.035839 -0.286170 7.896853 3.879111 11.422023
-0.033609 -0.207580 0.277500 13.441048 11.617100 -57.980854
1.600200 0.513820 0.568840 -25.156752 -7.468118 -0.268571
0.170860 -0.058046 -0.447240 3.990325 -11.015958 -12.330390
0.020098 0.128240 -0.128120 8.383073 -1.983628 -24.079058
-0.101950 0.446600 -0.097178 7.094527 -13.590160 3.625699
0.656830 1.079700 0.384030 2.037237 9.278781 9.007363
-0.187400 0.047963 -0.142350 -11.942721 8.597606 10.483687
1.418500 0.231380 -1.427000 -2.465440 -1.502199 3.016752
0.484790 -0.007773 -0.027045 21.801422 4.267809 0.520879
0.151830 0.244180 -0.058746 -10.150383 -31.071592 -3.138275
-0.095891 0.167230 0.119280 11.815584 6.807779 14.154442
-0.078532 0.079312 -0.144860 13.127884 25.156554 -7.288714
-0.122110 0.057329 0.158900 -18.326505 13.355586 0.212849
-0.418810 0.529700 0.496500 -28.825333 35.277164 29.872247
0.091184 -0.254650 0.708690 -2.120985 -5.349608 5.084776
0.193500 -0.026203 -0.123860 -9.948478 6.705219 1.287958
0.149850 -0.092033 -0.118040 -10.809463 19.924532 -22.613295
0.298780 -0.161550 0.047950 -7.682039 5.028120 13.145955
0.136010 -0.056741 0.131890 -10.548644 21.335086 -2.750081
0.118470 -0.256550 0.045691 6.841924 14.500698 5.920800
1.048000 0.093671 0.119770 19.599312 -2.357728 6.216178
0.332680 -0.212960 -0.135870 -21.939753 1.775736 -3.560361
0.171210 0.529530 0.169930 -14.165865 -44.108762 -25.084738
0.097104 -0.056955 0.163970 -8.052168 -9.086997 8.784585
-0.296030 0.468740 0.004856 -0.092732 2.222690 15.572761
0.142600 0.452940 -0.635730 -8.135481 2.341215 -2.158216
0.180130 -0.025371 0.096338 19.116510 -3.251482 2.789404
0.367670 -0.026422 0.062760 -17.298282 -12.889106 29.727537
0.006873 -0.024050 -0.025851 18.232146 -17.824384 35.293407
0.232300 0.633420 0.046374 -3.528803 6.739157 -12.060403
-0.255420 0.303260 0.115020 12.013649 -14.087064 -24.077410
-0.120450 -0.391750 0.009378 -0.658723 -15.377054 -21.812370
0.011974 0.062429 -0.013704 13.127011 -20.737817 -1.295222
0.382330 -0.550530 0.692380 1.966551 -9.055689 -6.394384
0.010844 0.021413 -0.106220 2.671122 6.019646 6.004981
0.510830 -0.271900 0.819020 -4.706679 8.875355 -23.942760
0.507680 0.255910 0.656430 1.944454 11.526186 19.983006
-0.073939 -0.068935 0.104340 -2.685644 12.721148 5.178387
-0.054831 -0.434440 0.369440 -6.158527 37.141880 -22.090562
0.224980 1.550200 0.979380 -4.930164 -56.027031 -37.017416
-0.233230 0.382060 -0.344650 -7.300179 0.977574 -6.772810
-0.315800 -0.287910 -0.109660 13.522156 3.392241 -5.614853
-0.069622 -0.167080 -0.117060 2.666709 6.871184 6.259073
0.422670 0.094145 -0.228490 -15.241139 -3.689216 3.022836
0.023966 0.242740 -0.016200 15.193972 2.263685 -0.328560
-0.023961 0.017130 -0.021588 0.417541 16.067049 0.280397
0.557790 -0.934000 0.371510 28.517532 -28.040714 15.799773
-0.464020 -0.281530 -0.321090 1.580435 7.869828 19.511226
0.211530 -0.112660 -0.145080 -21.403821 -15.178450 1.149603
0.161250 0.006100 0.098390 0.519238 14.598885 -28.104774
0.008692 -0.027065 0.117500 32.516362 -7.957815 41.937325
0.132090 0.246070 0.177180 -1.424089 -6.647991 -14.019993
0.104590 0.075422 0.089470 -3.322175 -7.031340 1.020836
0.139150 -0.043687 0.125730 9.728686 -25.358392 -3.551370
-0.231870 0.128270 0.129140 9.408847 -14.924853 2.290986
0.111830 -0.104770 0.026109 -5.747526 4.060545 11.556035
-0.058826 0.220880 -0.102150 -8.050713 5.609079 -9.404233
-0.718210 0.016169 1.137800 3.272290 4.014708 6.295021
1.761500 0.427580 -0.373110 -64.829712 -15.266105 13.444274
-0.129230 0.275820 0.041738 36.590368 4.511229 9.321042
0.033639 0.248350 -0.199760 11.591628 13.958909 -33.201320
0.077713 -0.504620 0.144290 -3.860260 19.065924 10.578964
-0.077861 -0.072986 0.045628 6.413066 -0.262526 -2.731498
0.208500 -0.048835 0.126910 -27.382504 -24.141085 -17.800875
-0.087758 0.481190 0.012639 0.708841 21.913472 -13.293796
-0.144890 0.255830 0.039090 -25.408404 22.008482 11.324417
-0.070806 0.060123 -0.353160 -9.331380 -22.485987 3.979643
-0.624080 0.260530 0.146730 57.744496 -27.658820 4.924788
0.100080 0.030249 -0.010783 5.198107 -19.760039 16.176696
0.529240 0.629980 -0.246400 16.671440 6.774414 -6.477394
-0.023045 0.396120 -0.003762 -8.360302 9.028180 -0.544947
0.441600 -0.313130 0.322990 -4.784880 11.042534 -0.773359
0.003738 0.035403 0.021980 -7.564173 7.562333 8.354574
0.126040 -0.174600 0.122780 6.050342 -5.080401 7.436387
-0.153570 0.141650 -0.081311 0.235661 -3.674825 3.297902
-0.091387 -0.206530 0.087457 -3.110220 1.225618 -6.445512
-0.238420 0.217740 -0.254260 14.493684 -21.315337 20.968173
0.342550 0.168810 0.056702 -8.175505 -11.430295 -7.001118
-0.202140 -0.295160 0.199890 22.193160 6.948786 -29.052981
-0.051738 -0.050085 -0.092382 1.292824 5.923100 47.048118
0.133010 0.047220 -0.107560 0.889436 36.742164 13.029949
-0.258970 0.383070 0.058644 12.218774 7.089919 1.909398
-0.218760 -0.025718 -0.607680 -10.424936 19.560429 -17.630596
0.045067 0.177940 -0.106820 1.523186 -1.356300 1.598129
0.152250 0.358830 0.304160 5.021365 6.613258 -6.266097
-0.258230 0.138930 -0.419160 -4.311338 -4.489497 -20.894027
0.030397 -0.177870 0.120030 4.262334 -5.703428 7.298566
-0.170610 -0.486560 0.182680 -13.551071 -14.385269 -0.825141
0.114450 0.435530 -0.357810 -7.288236 12.791326 -23.168531
-0.064507 0.007456 -0.167100 4.937437 7.616184 8.715680
0.032496 0.062799 0.198470 -9.113947 -14.107289 -6.389738
-0.034482 0.075213 -0.052389 15.386688 -13.102775 -2.602565
-0.363220 -0.189560 0.606740 -9.828791 -1.142477 9.974845
0.662130 -0.337030 0.158180 27.343239 -12.342751 1.132935
-0.231530 -0.356920 0.094318 -4.201411 11.296439 4.379686
-0.287990 -0.156800 -0.032298 18.881953 11.486816 12.375622
0.104610 0.069451 0.075494 -24.552293 -19.951468 -3.914086
-0.942420 0.751220 0.632960 2.018739 6.991863 -3.356535
0.762120 0.121020 0.044493 11.227957 4.354917 -19.197079
-0.188910 0.157510 0.031301 -7.854192 -22.264913 7.194735
0.073996 -0.112910 0.042485 -2.678548 13.590338 15.461675
0.073740 0.018646 -0.124870 -0.651930 5.890353 -22.918417
0.405700 0.067944 0.247220 3.405470 1.349598 -3.078905
0.006249 0.221840 -0.279750 -12.181737 0.213576 -20.223246
-0.099279 -0.087696 -0.013733 -13.389141 -16.984937 -4.005215
-0.271860 0.601650 -0.416660 -0.294585 2.371847 -3.469860
-0.086002 -0.296830 0.104390 10.686266 2.992256 9.106657
-0.095036 0.246960 0.500530 -8.891258 13.285972 -7.897036
-0.217310 -0.041732 0.479610 9.055736 -1.735469 -4.980389
-0.030380 0.150960 0.117830 1.876219 10.363456 -0.023733
0.319190 0.237060 0.139110 -19.580699 -45.907921 -16.589995
0.152480 -0.082292 -0.211450 3.610293 4.096159 -2.333527
0.125280 -0.032983 -0.048613 18.033298 -22.340858 -12.411346
-0.502070 1.692200 0.699610 6.965401 -27.265207 -10.510867
-0.089838 -0.026830 0.079467 -30.758094 7.888287 25.012874
-0.044164 -0.132970 0.207000 3.074194 -24.858335 13.906043
-0.409100 -0.340640 -0.142310 -17.798501 -13.782593 -18.260783
-0.161880 -0.037678 0.038383 -3.500094 17.705487 9.776628
0.419480 -0.247840 0.401200 -8.856609 0.113255 6.370849
-0.093674 -0.050686 -0.115670 8.935975 -1.200748 -4.229995
-0.091806 -0.201640 -0.166890 -10.044742 0.544777 -3.003996
0.007218 -0.015790 -0.075565 8.471566 19.668117 -0.066234
-5.958100 2.412400 5.973300 -2.424707 -0.505864 3.454212
-0.398700 -0.552950 0.830550 15.063638 9.718163 -21.166626
0.062638 0.025077 0.005494 -14.289955 -17.739338 3.665264
-0.171480 0.151820 -0.071537 -18.254308 22.085844 -5.535140
-0.180130 -0.085898 0.291980 -1.610376 7.166978 -6.234218
-0.163730 -0.028631 -0.014918 -10.841608 -7.341547 2.028358
0.148040 -0.388900 0.089270 13.763881 4.001799 -20.616913
-0.632980 0.658940 0.321510 -23.669395 11.685760 6.784145
-0.295440 0.007494 -0.405500 3.687544 -16.821628 -2.885018
-0.061712 0.069422 0.028961 0.928142 13.519145 14.701309
-0.111350 -0.259320 -0.138190 -25.458301 -34.669235 19.563733
-0.102530 0.059016 0.106920 -12.858148 25.503034 11.756781
-0.073766 -0.527380 0.141780 1.421796 -13.614578 -0.721741
-1.035500 0.231840 0.066385 79.642180 -18.856110 -22.110960
-0.065515 -0.073617 0.043304 -0.219654 16.291048 1.832901
0.927660 -0.481760 -0.755470 -4.967205 8.547164 -4.627348
-0.331940 0.292660 -0.176740 2.182720 -5.259049 23.280224
-0.105430 0.110570 -0.149250 6.876083 -1.953991 -23.531289
0.152240 -0.172840 -0.263730 -10.161573 -4.521318 4.221148
0.118560 -0.091270 0.005265 -20.175510 7.606133 1.518052
-0.072614 -0.034723 0.008492 -13.278403 -1.609766 -8.385134
0.737760 -0.209360 0.430430 -0.363398 6.954772 2.137386
0.183770 0.099318 -0.204190 10.643212 -20.145941 3.572830
0.011143 0.269800 0.083784 -0.498906 -11.546052 -8.424398
0.413820 1.592100 0.194970 -7.207839 -15.246099 -0.758296
0.136500 0.102610 0.101670 1.702093 -1.014092 -9.260413
-0.177200 0.065799 -0.108300 -8.915381 -6.244424 -2.744442
-0.046494 -0.143270 0.210070 0.768368 6.852320 1.152715
-0.035878 0.057354 0.028694 -13.643633 2.992444 -13.777647
0.169980 -0.015425 -0.060870 18.783297 -8.650168 3.587254
-0.143590 -0.120890 -0.061179 -29.703207 -19.133314 14.473123
-0.081794 -0.660260 0.097409 -16.822395 12.827528 -17.197756
-0.039279 -0.162440 -0.069811 10.810523 10.107730 -11.148822
0.458880 -0.147230 -0.090369 -12.209929 2.698446 10.733141
-0.768730 -0.178980 0.371200 11.451040 3.675025 -5.443770
-0.920390 0.665020 -0.475180 24.458331 -25.402359 17.316245
0.054947 -0.150770 0.259020 -1.066098 2.679077 -10.918123
-0.035222 -0.115070 0.127810 -11.842982 9.532028 0.901600
0.408500 0.034824 -0.762220 9.319656 -1.239530 -21.821708
-0.042807 0.091334 0.016041 0.298607 -3.895429 -1.440456
0.004030 -0.007581 0.166790 14.189076 -2.422478 7.732062
-0.117170 -0.036050 -0.079712 -15.721122 -20.487082 -0.111929
0.098259 0.092220 -0.269010 -2.139999 0.433443 8.727170
-0.002155 0.058015 0.440340 -5.483657 2.344172 -32.255720
0.129330 0.070393 -0.102040 -0.726417 -9.693507 8.200612
-0.283730 0.809130 0.574630 -6.537819 9.182071 3.933919
-0.081823 0.570580 -0.355350 2.908360 -7.167797 19.252991
0.250040 -0.024403 0.203030 21.074058 -1.782194 11.696680
-0.370180 0.254020 -0.003494 -8.375819 -3.152235 -0.761166
-0.157010 -0.140230 0.051159 10.377014 14.889884 -25.206135
0.330680 0.103330 -0.075239 -10.470562 10.135012 -16.419452
0.016775 -0.046183 -0.009284 6.175450 4.849045 3.056688
-0.227750 0.547210 -0.441660 15.940808 19.881827 5.341273
-0.096420 -0.634450 -0.393380 -7.598583 7.679262 -7.677142
0.061592 -0.070612 -0.147680 -10.850936 4.365467 3.369800
-0.015040 0.055577 -0.203410 -14.900072 -13.250700 7.281454
0.066788 0.104120 -0.161220 18.047066 -9.565125 -18.529798
-0.653410 0.582430 0.148650 42.113675 -23.641225 -18.732931
0.327790 -0.138790 0.031165 13.309010 7.438273 -0.574324
-0.411430 0.117010 0.125180 10.457567 -2.804781 13.263666
-0.391010 0.118010 0.204090 2.129332 -3.908517 -7.978891
0.584290 -0.634720 -0.174420 15.651550 -5.019384 -3.364280
-0.144520 0.161610 0.041511 4.297395 4.632526 -9.858129
-0.085816 0.111370 0.102400 22.976437 -4.212671 -17.431755
0.197950 0.358190 -0.157790 9.257805 17.228688 -19.733851
-1.075600 0.061296 -0.526000 -35.086808 -0.152632 -15.988118
-0.056246 -0.312210 0.114720 -3.740827 -53.142594 39.199149
-0.022738 -0.221220 0.128130 -5.683349 6.834792 -6.907800
-0.133660 0.079244 -0.064294 0.791101 11.969320 -13.685891
1.574500 0.091595 -1.186800 -11.259646 3.427471 11.185710
-0.057169 -0.153520 0.087329 -6.741709 -9.275965 -24.594887
-0.011058 -0.428990 0.140090 -12.580254 -6.771200 20.623461
0.110370 0.068957 0.118300 1.065975 2.840587 -13.370633
0.468720 0.126000 -0.241600 9.351230 -1.053723 -4.382300
0.064408 -0.026782 0.172090 -11.367181 0.436183 2.471251
0.215460 -0.053660 -0.114040 25.006360 -1.707380 27.366716
0.440280 -0.743160 -0.810870 3.668841 -6.580450 -14.283478
-0.067694 0.034300 0.084086 12.811776 -7.909793 -0.762441
0.085036 -0.037487 -0.242550 17.367682 -4.718809 41.207775
-0.047973 0.550290 0.224630 7.164729 -41.397631 -13.057594
0.059304 -0.096908 0.022194 -11.921484 14.955819 23.681039
-0.115940 0.044762 -0.072313 15.241252 7.927709 -2.424468
0.036391 -0.045919 -0.073298 -1.231577 -0.769320 -6.042739
0.058382 -0.018335 0.137760 6.040913 -21.712298 10.254351
0.121250 -0.679970 -0.476080 -5.791063 -14.555226 -4.183334
0.018831 0.044735 -0.063659 -10.881742 14.727352 15.513486
-0.107770 -0.020711 -0.065044 -7.536896 6.087798 -6.687015
-0.171620 0.402940 0.056565 2.422829 -7.527445 -5.656634
-0.232430 -0.239820 0.281970 2.138773 -1.041178 -7.609060
0.038286 -0.154880 0.180810 -1.376763 -2.336439 17.246096
-0.093538 -0.002860 -0.052053 9.644999 0.635571 2.963604
-0.175630 0.443790 0.401170 31.317323 -28.911509 -27.839012
0.665120 -0.200240 0.179050 -20.563836 1.459540 -12.713432
0.136540 0.168400 0.080581 6.692554 -18.402159 1.473681
-0.103800 -0.011851 -0.016823 -3.913242 10.135260 -10.689550
-0.533500 -0.316300 -0.029780 -3.860235 4.885262 -3.616173
0.535560 -0.231240 -0.078564 15.537727 -15.101076 -21.865307
-0.157630 0.188910 0.212870 -29.348381 12.565711 7.215737
-0.381640 0.603750 -0.226030 31.209031 -33.021632 16.854495
-0.040325 0.023465 0.063781 -9.398881 0.973961 19.100123
-0.190400 -0.334340 -0.763740 -1.095542 -11.082104 -4.245096
-0.250050 0.110420 0.020571 0.582510 -11.301980 6.009642
-0.028046 -0.049077 0.004169 1.158650 0.309338 -16.692094
0.184440 0.161640 -0.180150 -1.993557 1.362226 9.092432
0.006045 -0.272320 0.215270 -2.115816 13.110680 1.800664
0.056917 0.181940 0.041518 1.113398 -3.551809 22.432606
-0.019992 -0.038697 -0.022158 -14.096029 -35.456876 -4.011048
-0.164200 -0.051486 0.045416 -0.107023 -6.811990 22.041857
0.066408 -0.281540 0.073190 -22.217366 39.444908 -3.210615
0.075131 0.012253 -0.332170 1.936034 15.160527 -25.311272
0.165020 0.111930 0.092070 4.300353 -8.668619 23.373992
0.107010 -0.012769 0.046261 -10.359059 -2.303785 9.443274
0.066987 -0.001990 -0.058310 -2.821672 12.598077 0.548442
0.164650 -0.098589 0.102140 6.524311 -10.404174 -8.173143
-0.279070 0.073290 0.128570 22.196759 7.102269 -14.293330
0.011423 -0.161260 -0.065900 -3.927726 -30.534881 -1.705125
0.227900 -0.126860 -0.288320 7.407873 23.160380 -9.807405
0.081791 0.008806 -0.116760 40.428312 9.363390 -11.405246
-0.433150 1.120600 -1.671300 -3.363938 11.002843 -22.115371
-0.549130 -0.932160 0.503360 5.885989 2.325589 0.036408
0.229340 -0.419720 0.079041 21.949186 -19.172429 -1.116671
-0.371370 0.001145 0.107710 -0.498991 4.857164 -2.361638
0.031632 -0.026522 0.056049 -7.860505 7.449327 9.116467
-0.023820 -0.007460 -0.053738 1.193134 6.973948 4.797792
-0.083971 0.501560 -0.110470 4.647081 15.919425 -13.790722
-0.248100 0.134890 -0.260980 -18.033608 -5.086226 -19.405357
-0.242860 -0.040402 0.248960 -13.376706 -3.876241 6.077495
-0.039402 0.044060 -0.464780 12.014016 2.963309 -32.603956
0.008918 0.161770 -0.053934 -12.479260 11.490682 -2.392955
-0.328310 -0.023994 -0.454380 10.452882 -12.572559 12.028410
0.110870 0.360660 0.481210 10.065989 13.950766 11.185403
-0.128670 -0.046428 0.055410 -25.514645 -8.549957 15.485106
-0.085504 0.082052 -0.008232 -2.761555 -4.125790 10.285602
0.073417 0.098945 -0.121860 -4.765633 -7.675972 -4.011699
-0.334630 0.032341 0.181900 2.335865 -29.050804 -8.070550
0.088825 0.030537 -0.308580 -4.523887 1.035445 2.475787
0.034618 0.010085 -0.149460 7.872455 -3.313187 5.851511
0.203490 -0.226060 -0.015562 -1.685652 -8.434052 -1.708598
0.008178 0.603690 -0.122550 2.079864 9.523199 9.106070
0.029434 -0.201090 0.268820 22.160131 1.971892 -12.685211
0.111430 -0.005719 -0.023404 14.395655 -6.940104 -0.679208
-0.123560 -0.175640 0.078236 -0.035085 -14.028895 -10.976129
-0.379670 -0.689740 0.098216 14.508827 10.863398 -10.515852
-0.135970 -0.088694 0.052487 -10.631585 27.479775 1.253711
-0.096307 0.117820 0.306040 5.411306 9.891954 -12.514659
0.297590 -0.369650 0.042607 -16.533019 8.281253 4.060686
-0.060766 0.195280 0.091865 18.250377 -27.926892 -7.021661
0.222480 -0.087641 -0.170650 -9.177764 2.571176 16.748114
-0.139560 -0.417590 0.254050 -6.503514 -14.683715 11.168455
-0.035871 -0.155270 0.152280 5.532190 -0.952946 -0.615535
-0.162530 -0.013979 -0.255680 -1.266797 2.636236 12.283453
0.244250 0.025467 0.117550 -8.636191 30.132022 4.491533
0.624780 -0.511620 0.709530 32.167672 -2.263486 13.920523
-0.331640 0.266570 -0.287600 56.706578 -49.358471 45.209975
-0.022087 0.227930 -0.039664 -10.052714 -23.795529 3.505928
0.078516 -0.052980 0.105260 9.100769 10.846085 4.897181
0.230760 -0.241440 0.661280 -3.965736 3.123543 -15.582585
0.419940 -0.170110 -0.076142 -9.271721 0.694342 -1.682989
-0.709490 -0.037083 0.615580 -14.198186 -3.528380 14.504691
-0.120350 -0.050274 0.025038 -9.031551 -3.944051 13.753370
-0.165350 -0.082072 0.078701 7.984475 -11.708374 15.019315
0.209730 0.065502 0.199960 -5.604562 5.936056 -39.552566
0.385430 0.213620 0.884120 -6.158826 -4.906737 -10.954557
0.742800 0.173270 0.735200 -18.234651 -6.490865 -28.497208
-0.138960 0.116080 -0.139990 -15.259822 3.387909 2.687558
-0.152550 -3.539100 -0.231990 6.358346 25.686797 3.138058
-0.051066 -0.115580 -0.100430 5.544839 6.454438 -8.557402
-0.273940 0.198120 0.581750 -16.318164 8.534989 22.424549
-0.180900 -0.655420 -0.247920 -2.444260 -5.244487 -3.806196
-0.185860 0.236020 -0.092847 14.974638 15.255616 3.310292
-0.393840 0.058679 -0.159380 14.289933 5.226105 13.042498
0.135030 -0.033123 0.044894 -8.680279 3.198136 9.552746
-0.116750 -0.126700 0.110570 20.908825 -11.781866 -10.039008
-0.374370 -0.241820 -0.062599 -8.348357 -11.066715 2.862567
-0.045116 -0.225410 -0.132280 15.481516 -32.588081 11.883124
-0.010153 0.033214 0.091073 4.787684 -0.925244 -1.206104
-0.346840 0.270030 -0.399570 38.207901 -30.930854 42.812021
0.094340 0.443620 0.356250 9.238532 -10.845402 -13.161706
-0.609060 -0.141400 -0.559390 -14.815927 4.817444 3.617009
-0.048000 -0.270620 -0.291390 -19.496528 -28.561048 24.651042
-0.068747 -0.105860 0.079103 6.244351 10.826819 -4.163220
0.599910 -0.488790 -0.691730 4.724392 -2.392064 2.757863
0.024503 -0.163320 -0.106690 2.986924 -16.081997 12.708169
-0.167520 -0.539270 0.330340 -7.985403 -18.738472 5.850376
0.204200 0.236170 -0.172230 -3.329231 -20.316673 22.384356
-0.338560 -0.137070 -0.005868 -3.955450 23.328224 9.043314
0.042251 0.088273 -0.088522 -3.550235 -22.144581 11.166933
-0.023275 0.043092 -0.249360 -1.957048 -12.332849 -6.215191
0.277350 0.069865 0.016175 -20.629402 -7.450187 1.166410
-0.187410 -0.097629 -0.064879 19.239471 9.755786 3.886278
-0.174220 0.006092 -0.005297 -11.435217 -2.081613 -9.988788
0.306610 -0.019320 0.213890 8.108283 10.994303 9.565840
0.296010 -0.608690 -0.107060 16.798134 -4.737913 3.848109
0.044251 0.059343 0.014037 -12.758298 -5.109025 -1.123763
-0.236230 0.056462 -0.284150 -19.034194 -6.699314 -23.617490
-0.092344 0.232330 0.108230 -10.724649 -0.148303 14.508666
0.320620 -0.490440 0.080253 4.090920 1.804581 13.168375
-0.066862 -0.064300 -0.286860 -13.152060 -13.073513 -16.033903
0.096410 -0.412260 0.317950 3.002494 -22.324644 33.329949
-0.347820 0.086862 0.072113 11.600107 -2.686468 -4.549448
-0.162280 0.272930 -0.080401 17.998289 -17.139824 -7.891300
-0.239260 -0.118440 0.081755 48.097835 -22.053980 12.091247
0.129510 -0.151320 0.036227 3.286665 32.253345 -9.474278
-0.036631 0.085678 0.586510 -2.530315 8.893774 22.650044
-0.200610 0.035351 -0.139390 1.250824 -2.290202 4.694022
-0.052839 -0.138190 -0.179140 8.751874 -11.521178 -4.159003
0.121810 0.011550 0.135040 -1.247979 4.550837 5.520793
0.004902 -0.162360 0.277240 -21.325992 16.967402 -0.726019
-0.124300 0.124040 -0.104060 5.371670 9.183178 7.767862
-0.162140 0.300440 0.204640 -8.656595 -3.597101 -3.107627
-0.375010 0.098453 0.081417 -17.936059 22.154758 -24.140476
-0.127440 0.231340 0.078362 -7.198240 -7.801553 -9.501174
0.570150 0.077093 -0.201810 -25.048918 -4.364859 -4.350757
-0.179510 -0.014387 0.416860 6.592615 -7.071668 -5.348863
-0.279360 -0.363950 0.477010 -0.008021 -18.459813 12.060822
0.202690 0.255930 0.299740 -3.225844 -10.962671 -15.879383
-0.247040 -0.593260 -0.143390 -7.839886 -1.895508 0.624174
0.029875 0.251070 -0.520670 0.907281 0.034729 10.689005
-0.421920 0.089612 0.061758 -9.523911 3.517824 -11.125121
-0.248150 0.158960 -0.008852 -2.754201 3.393452 1.587581
-0.280530 0.531420 0.388640 5.941330 -2.210195 -10.921691
0.242360 -0.158610 -0.295800 2.926473 4.619795 -7.062863
-0.086645 -0.222170 -0.118570 -16.330562 -9.207686 -3.368129
0.018389 -0.133770 -0.072769 9.329262 -12.076815 6.945443
0.060549 0.376730 -0.187530 0.714529 29.314152 -5.528098
0.270630 -0.116590 0.367920 2.270641 8.040490 -5.537178
1.024000 -1.567100 -0.461370 -6.601668 1.832899 3.841750
0.093785 0.015785 0.060602 16.751265 7.253837 8.293187
0.126450 0.230920 0.386290 -17.994622 -17.266683 -17.624702
0.054473 -0.895840 -1.009300 8.068520 -31.553688 -32.340200
0.232340 -0.143850 0.202410 8.310740 2.840785 1.214517
-0.241380 -0.148520 0.027219 10.227166 22.946774 3.123054
-0.362500 -0.273040 0.241500 12.061304 5.068324 -6.154028
-0.064048 0.049656 -0.099272 13.522488 -6.133921 13.704117
-0.215450 -0.173950 0.068623 14.893151 -0.826542 -9.098758
0.200610 0.135440 -0.257720 21.353106 -10.623588 -41.787511
0.256730 -0.523060 -0.282440 4.726221 -3.569686 -15.803637
0.001117 -0.158480 0.121070 -20.376618 -38.788112 6.696938
0.170820 0.118210 -0.054454 -3.347919 -1.668035 17.655248
0.246030 -0.323690 0.261470 -5.293801 14.916246 -14.214324
0.872810 -0.373340 -0.419220 -10.801543 12.027514 1.787184
-0.019555 0.326770 0.003554 8.831448 -1.630287 -10.192864
0.130970 -0.061673 0.123880 -11.265614 14.751176 -31.885041
-0.939960 0.735030 2.061500 -1.630287 3.306135 8.979176
0.137170 0.336710 0.222960 -1.971219 -5.721366 -6.306457
-0.012289 0.081185 -0.193170 -15.372503 8.177749 -8.274674
0.309350 -0.146080 -0.097969 27.573405 -4.564928 -7.009405
0.339050 -0.624130 0.266640 -24.238858 64.460985 -14.707528
-0.470610 0.227010 0.079247 4.109454 -0.428130 -25.668787
0.112940 -0.139580 -0.048953 6.946425 -6.616421 0.278124
0.255350 -0.018219 0.000082 14.887984 24.157454 19.035551
-0.111870 -0.110050 -0.063041 -10.773973 21.071174 -22.543882
-0.010445 0.036579 0.210170 11.085936 3.513795 10.751303
-0.234770 0.234360 0.232380 0.486193 10.206753 -3.137921
-0.223510 0.111900 -0.017191 13.380458 0.373703 18.780090
-0.042147 0.381350 0.273860 -7.789741 -7.566242 -12.128776
0.010135 -0.006239 0.100640 -1.630981 11.451439 0.899042
-0.110000 0.064264 -0.132040 4.084899 16.091534 -8.033354
-0.123790 0.025175 0.156760 2.597122 -10.851262 -42.396257
-0.030788 -0.073717 -0.125850 -9.064186 -0.460951 10.933362
-0.551190 1.083200 -0.373060 4.576589 -6.348514 1.994052
0.028659 -0.272220 -0.098170 9.705643 2.335224 -2.841723
0.487570 0.140130 0.216830 25.346512 8.012001 19.436007
-0.041365 0.363470 -0.165940 6.804469 36.344936 -28.201003
0.148560 -0.052216 -0.061809 -5.991382 4.031106 8.412861
0.068650 -0.220410 0.346530 -4.662520 3.261969 11.915286
-0.523020 -0.180080 1.115600 3.028152 5.499647 0.686575
-0.176590 0.075889 -0.063255 17.565470 -7.428913 4.642543
-0.022956 0.210830 -0.072876 2.502725 -7.949210 0.621530
-0.244700 0.135150 -0.248070 -32.526960 -0.724217 -31.106997
-0.299900 -0.134800 -0.148000 30.471049 -5.199128 19.528685
-0.169910 0.261900 0.157970 0.705294 -27.688042 -12.516860
-0.071941 -0.203240 0.048813 29.667550 18.000355 -2.979680
0.007777 0.193390 0.318480 -1.818877 -18.013883 -20.784871
-0.100090 0.361310 -0.355650 -5.690971 3.590746 15.130602
0.094895 -0.036978 -0.276740 2.369090 -2.367158 2.886996
0.935160 -0.881490 -0.388560 -1.147627 1.998632 -6.061220
-0.088657 0.052979 0.071666 -11.633894 2.268040 -11.949229
0.017394 0.106230 0.143150 -8.349770 24.202062 10.608586
-0.407060 0.145800 1.224800 2.499695 -3.857816 7.043021
-0.739850 0.642290 0.253400 -35.424354 30.679329 4.231331
-0.267220 -0.226530 -0.223620 19.544844 23.736444 33.809396
0.041258 -0.091138 -0.139640 0.158536 4.831002 9.527325
-0.269420 0.223740 -0.093528 -2.288584 1.476278 4.685972
-0.226420 -0.000526 0.051453 14.918498 1.128146 11.936174
-0.163200 0.094463 0.099210 4.338594 8.431552 -13.987565
0.353210 0.212000 -0.271210 12.285291 -5.859629 -36.229991
0.348060 -0.780120 0.514420 -16.976593 32.370647 -21.327248
0.073335 0.090715 0.150430 2.221614 9.252010 -7.786210
-0.176810 -0.241130 -0.265620 -2.252709 -10.879601 -8.494430
0.196760 -0.150530 -1.248300 -1.854854 8.828991 19.703880
-0.156560 -0.097564 -0.080712 8.136599 9.383513 6.415346
0.218140 -0.066724 0.069457 2.779142 6.873116 9.690988
0.343730 -1.551200 -0.788730 -8.167238 10.965603 2.377141
1.464900 3.787900 1.950100 16.574785 36.497032 22.450652
-0.059192 -0.087619 -0.170900 -21.707343 -3.688915 -8.317611
0.036906 0.147910 0.090059 6.692045 12.300407 18.056562
-0.103510 0.074024 0.341230 1.358235 -2.102240 -16.185001
-0.202900 -0.589800 0.788230 -6.803828 -24.122347 32.418171
0.004494 0.221600 0.172770 -9.949533 -1.581016 -38.588582
-0.029503 0.047314 0.173010 -2.010413 7.477220 -0.414333
-0.148770 0.211180 -0.004583 -0.253338 3.078271 -2.481662
-0.315110 -0.186970 -0.196350 -10.406573 -2.675536 -3.549316
0.040485 -0.034029 0.138590 -15.610707 -2.856987 -6.748265
0.039758 0.163900 -0.042527 0.874916 16.838459 7.910466
-0.166460 -0.000095 0.211690 2.788473 -26.241183 -32.806972
-0.028855 0.096388 -0.157130 -6.645646 9.416888 -4.036789
0.020974 -0.008743 -0.060748 0.023136 9.673257 10.581733
0.120250 0.050780 -0.157310 -7.593148 -5.953672 16.617151
-0.193970 -0.081763 -0.086631 8.250464 1.128858 1.878964
0.090632 -0.080712 0.166030 -17.347762 13.158831 22.024879
0.132870 -0.110870 0.062115 8.144396 -5.307925 5.351691
0.192120 -0.275090 0.098137 -13.865143 -5.756618 20.152393
-0.214990 -0.221700 0.146310 5.458346 19.758137 -2.261000
-0.017113 0.161900 0.065257 11.123698 34.340105 11.749604
0.516410 1.530000 0.145160 14.330382 7.309137 1.970959
0.281020 -0.604300 -0.301150 11.643377 -17.619881 -15.863982
-0.199400 -0.197560 0.683990 0.015903 -0.653745 -1.371859
0.283850 -0.114180 0.250430 6.728449 -22.847416 12.638092
0.081114 0.002720 0.040040 6.208829 1.630594 -8.010255
0.047816 0.066216 0.088462 5.152017 10.898468 7.284230
0.107060 -0.015119 -0.131480 9.121155 14.021671 -10.842426
-0.476080 -2.057000 -1.370800 -6.457553 -13.752695 -15.586368
-1.425400 0.202190 -0.791000 6.855483 3.224404 1.336497
-0.376820 -1.120300 0.053716 16.495807 41.305719 -12.849102
-0.016700 -0.021695 -0.112730 19.354727 -3.732830 -10.414693
-0.109310 -0.051711 -0.095107 1.803824 -2.194764 19.843259
-0.408360 0.382380 -0.484150 -18.223129 8.180648 -25.722900
0.363530 -0.144260 0.078050 -8.625155 7.687046 15.957407
0.032370 -0.118330 -0.091850 7.385779 3.247022 -3.555839
-0.134930 0.169500 -0.092843 -0.051020 -3.780586 16.027110
-0.090180 -0.261760 -0.304420 -3.127413 16.047154 7.711732
0.175770 -0.102790 0.145670 3.138650 8.094579 8.377366
0.039406 -0.812050 0.242030 -2.640208 0.153982 -4.881536
-0.301840 1.676200 0.584140 -9.525473 29.276591 5.927307
0.121410 -0.183020 -0.144840 -11.629275 13.709467 5.575657
-0.097310 -0.103010 -0.114150 15.411074 -1.196092 13.320962
0.277170 0.036699 -0.182770 -12.026491 4.554366 -2.394434
-0.037959 0.394640 0.431330 22.262756 43.308345 16.278116
0.282700 -0.070015 0.091701 -1.910280 11.014685 -1.480611
-0.115670 0.013267 0.083702 -6.006749 -15.090802 -7.470939
-0.165750 0.250950 -0.280360 -19.935132 -2.578884 2.053412
0.130810 0.117610 0.081807 24.480685 20.574793 -24.531056
-0.064178 -0.522560 0.550020 -15.654438 -1.112189 0.213966
-0.053824 -0.119440 0.169340 -8.382191 -15.418846 -19.627815
0.353700 0.050420 -0.131420 9.079273 -10.577618 -0.738791
0.134260 0.234580 -0.009303 -2.964587 -8.063991 -2.207523
-0.307530 -0.708820 0.161560 -7.961820 -6.831695 6.496929
-0.093357 0.347170 0.053599 -13.454928 2.924797 5.081785
-0.039118 -0.003828 -0.136490 -10.808080 19.097897 -14.413730
0.418590 -0.271160 0.061461 -7.015607 4.382347 -1.298335
-0.115570 -0.241990 0.054370 7.430820 4.140933 -11.342542
-0.415210 0.134110 -0.398610 44.469785 0.481030 44.974472
-0.011972 0.100650 0.251250 4.412023 5.651041 4.580593
0.026730 -0.664330 0.116670 -5.652565 8.860759 0.349099
0.214300 -0.173030 0.199370 9.683911 -17.408759 0.340143
-0.121190 -0.062587 -0.030298 -0.977628 -12.844628 -14.961749
0.051681 0.072659 0.088913 6.922630 9.640925 1.181046
-0.956220 -1.270300 0.161510 -45.332853 -62.204235 9.248181
-0.042632 0.198310 0.065543 -7.248594 -9.585398 4.861235
0.193460 -0.212930 0.159800 -1.120220 -0.922946 -10.305080
-0.264320 -0.059160 0.740380 4.873545 -0.114738 -24.902231
0.199570 -0.653610 2.166200 -3.687687 -1.431217 1.163503
-0.680680 -0.339500 -0.837620 -17.938853 0.284250 -6.509842
-0.115960 -0.082988 0.004617 -12.192245 2.472809 -9.415497
0.839430 -0.744430 0.329690 -41.398085 44.592915 -21.390361
0.016161 -0.076392 0.104690 1.696613 -12.567977 2.265460
-0.378630 0.068919 -0.081966 -4.372611 18.282594 8.200546
0.012925 0.052455 -0.005288 -2.098189 -10.963010 -10.661110
5.222200 -0.304990 0.479010 -7.077669 -0.669134 -1.359189
-0.160660 -0.464170 -0.091229 5.665788 7.733122 3.301694
-0.856320 0.177180 0.142850 18.818179 -0.924698 8.029034
0.011804 0.501490 0.075295 2.137667 -1.593466 -1.666358
0.047988 0.162170 -0.212650 23.072238 6.868340 38.405994
-0.086930 -0.260460 0.450920 27.537114 27.285702 -52.705481
-0.090081 -0.075292 -0.058137 -4.376242 -9.229855 3.444969
-0.317860 -0.001160 -0.249820 4.202252 1.752965 9.992705
-0.270760 -0.269730 0.089908 -6.825045 2.528044 2.494494
0.227540 -0.070661 0.437800 -2.873973 -5.288562 -33.026059
-0.059979 -0.189510 -0.568160 4.008727 6.683099 4.145742
0.039921 0.101220 0.140060 -1.556798 15.470696 -6.236502
-0.154890 0.173300 0.630850 -3.716878 5.351052 12.448750
-0.130610 1.150800 0.048005 3.379897 -19.754230 9.888658
-0.004358 0.138110 -0.101350 17.647774 -0.157002 -0.801538
-0.346890 0.119280 0.047796 4.083442 -1.022561 -2.044096
0.322040 -0.587150 -0.001104 -3.156880 -6.688214 8.976146
0.338300 0.161660 -0.075593 9.908306 13.926532 10.532965
0.109100 2.035000 0.485190 -5.858994 5.708884 3.209135
-0.421830 -0.102480 0.099374 21.660854 7.324540 -8.441164
0.045370 -0.162730 0.155360 -9.663513 8.021501 -6.171366
0.003783 0.352790 -0.054543 1.744049 -19.658937 2.040237
0.155220 0.182750 -0.326050 2.212269 3.048243 2.000922
0.000247 -0.257120 0.170110 7.112321 -33.011691 24.569600
0.409310 0.220210 0.113780 2.418341 -7.840383 -0.349825
-0.048599 0.005676 0.163870 7.937140 -1.377391 -2.146380
-0.289670 -0.199910 -0.095209 7.494542 7.014245 19.129962
-0.352380 -1.400100 -0.373740 3.084707 -7.702450 0.085698
1.013000 1.150500 0.175370 63.109349 70.632899 2.586481
-0.088732 1.278700 2.854900 7.797567 7.843416 7.089616
-0.004348 0.194450 0.067498 0.139178 11.022713 -9.029698
0.024336 0.002875 -0.194650 -3.929796 2.257869 3.566310
-0.080556 0.074365 0.043885 6.048764 0.676497 0.514492
0.257520 -0.012488 -0.152000 37.025629 -6.013663 -10.312591
-0.211000 0.206510 -0.044441 0.364754 0.999372 -5.667943
0.127120 0.110960 -0.052794 2.244435 -3.024848 7.931321
-0.160130 -0.097395 0.047313 3.984615 -12.982965 10.215672
-0.017536 -0.056940 0.032960 2.862591 5.686564 12.520550
0.026917 0.093971 -0.170660 2.571142 3.275659 -7.307328
0.123250 -0.058608 0.081946 -1.771237 -2.305485 1.015145
-0.295700 0.179130 0.112180 12.034565 -7.453172 -19.471317
0.053469 0.053865 0.123000 13.555287 -0.747550 6.019536
-0.503470 0.123550 -0.180920 -17.770056 -2.535739 -20.039066
-0.061169 0.059294 0.018216 -5.953501 -1.637533 -30.922403
0.125780 0.508700 -0.070572 -0.284095 -17.669996 1.747095
0.423250 -0.813900 -0.232550 5.080814 -12.526286 0.042519
0.093230 0.128060 0.156540 16.364722 3.688523 3.321089
0.758610 0.844970 -0.403800 2.236501 -5.746172 0.033866
0.149940 0.206930 0.702470 1.439104 0.821924 -1.949055
0.139170 0.392340 0.131930 3.202813 7.345688 6.074362
0.036921 -0.028037 0.014050 -12.584719 9.207691 8.039883
0.323050 -0.064361 -0.058549 -9.987027 36.968896 14.001821
-0.070320 -0.169780 0.048969 -27.898832 9.796943 8.552546
-0.017466 0.027400 -0.095954 -19.099390 -2.496695 -17.797927
0.124900 0.405800 0.836090 -5.193446 -17.964093 -20.138571
-0.013820 -0.022157 -0.113230 12.817532 25.534083 1.377739
0.046323 0.038963 0.069637 -17.747927 9.156850 -14.794860
-0.359610 -0.213580 0.065016 -18.597468 -4.714307 -5.954969
0.675430 -0.369980 0.178880 8.110005 -16.694578 -6.892674
-0.751270 0.332560 0.181860 -0.508952 -8.264253 4.138878
-0.122360 -0.046615 0.103250 -9.293410 0.733793 11.024396
0.197390 0.079736 0.287810 21.656646 2.676592 7.535612
-0.076230 -0.029187 -0.119410 6.261174 13.884749 19.410380
0.827660 1.426000 0.523990 -29.815837 -56.405504 -20.457723
0.291900 -0.601790 0.609710 13.678398 5.295683 -14.529472
0.211900 0.528040 -0.102850 8.208433 21.629351 -8.414674
0.471350 -0.188930 0.049174 -20.718005 11.477058 -9.514199
-0.159220 0.286810 0.039682 0.158690 20.337083 1.840888
-0.451080 0.156620 0.184430 0.488865 8.069048 -0.450011
-0.039578 0.192730 -0.126870 6.688722 1.168145 -2.619035
-0.208450 0.360450 0.796120 9.406922 -2.637202 0.541095
-0.249790 0.315500 -0.229710 4.690293 -10.002281 18.140052
-0.693370 -0.220910 -0.556270 14.963362 -0.907332 11.108250
-0.242220 -0.157230 -0.057351 10.263941 -5.907806 20.053629
0.220090 -0.266590 0.364700 -11.194236 3.857005 -1.103726
0.316490 0.333580 0.296510 13.437759 -3.255627 12.275508
0.318070 0.016817 0.044628 -18.316751 -8.648130 -13.774215
0.193230 0.240170 -0.110010 3.838871 -6.274024 -3.743078
-0.220560 0.142230 0.090741 20.080839 3.963500 -33.064169
-0.305500 -0.355030 -0.083059 13.063873 1.981806 8.318883
-0.426980 -0.183580 0.188140 9.159173 -15.650505 0.682508
0.036700 -0.207450 -0.086184 -23.475544 0.139934 2.155090
0.586030 -1.561500 1.418900 -1.170412 17.390617 -21.077205
0.275740 0.079319 -0.287690 3.836998 -7.016381 -3.911495
-0.168310 -0.200890 0.146230 -43.216209 -13.222615 -2.707116
