0.172010 -0.010666 -0.032014 10.680893 -18.998666 17.805757
0.107320 0.069744 -0.129400 21.224379 -12.333870 -2.819246
0.023068 0.080273 -0.036686 18.570559 -18.090988 13.797145
-0.445270 -0.067117 0.106580 43.512726 13.437966 -35.627142
0.372360 -0.121670 -0.077957 -33.647927 -19.634527 -3.637605
-0.013539 0.957540 0.196510 -0.258601 25.497741 10.822937
0.121810 0.011550 0.135040 -1.477411 2.006344 9.266203
0.323380 -0.530430 -0.105620 21.173387 -0.521904 -15.569490
-0.032812 0.064022 -0.070113 -3.868553 2.664860 12.326459
0.066049 -0.299030 -0.272400 6.190445 -1.085347 -15.887444
-0.014975 0.107290 -0.281530 -9.423410 -4.593207 -0.843945
-0.097399 0.109350 -0.121430 5.400531 -5.620900 -2.540659
-0.676870 0.235040 0.299030 10.658484 -5.532032 7.016853
-0.219080 0.120910 -0.177410 8.109719 2.417276 -8.601806
-0.051043 0.362020 -0.219960 -4.501581 -9.653134 2.459296
-0.216310 0.014928 -0.680540 -19.826566 11.278357 -49.377610
-0.040222 0.111800 -0.123410 -13.219227 6.357410 -8.440499
0.235980 0.089441 -0.157420 -12.212826 2.475557 8.163342
0.063473 0.021681 -0.128440 19.716650 -7.012124 -19.934141
0.010727 -0.199000 0.350880 6.480624 -29.633569 30.807423
1.188200 -0.422290 0.184910 -62.611211 12.567909 -16.385714
-0.093431 0.061697 0.230190 1.136251 6.137101 -3.498558
-0.095858 -0.011782 -0.017863 -16.798086 -11.484264 10.441334
-0.099849 -0.133780 0.110670 6.135957 -8.310011 -1.624750
-0.398230 0.312270 -0.215130 21.529291 -4.273937 1.925351
-0.099936 -0.040413 -0.032837 1.914523 -4.788142 16.987507
-0.160360 -0.045061 0.148100 -2.734757 19.787688 15.903542
0.036906 0.147910 0.090059 5.655371 9.933459 20.947276
0.041543 -0.028938 0.440930 -13.930359 10.600483 -15.805890
-0.253050 0.573220 0.285570 -19.670198 43.806849 10.571851
0.016783 -0.103480 -0.192000 -4.012387 3.583071 -4.407508
-0.315370 0.023649 0.302650 -13.474732 -0.671805 13.042043
-0.216140 0.190610 -0.006432 -8.194708 13.385952 -9.191030
-0.014932 0.079968 -0.219330 2.205771 -3.048090 -26.515544
-0.014194 -0.098868 0.017733 4.708238 5.734982 28.828433
0.210120 0.217770 0.077708 -30.136585 -19.276043 -0.328413
0.155750 0.017780 0.043477 -1.888841 1.573031 -4.842077
-0.544390 0.207760 0.676580 9.017339 1.511941 -11.108339
0.068285 0.259650 0.094683 -1.408877 -20.126727 -2.005439
-0.059456 0.158940 0.068089 -3.646851 -4.786211 5.570324
-0.138760 0.332450 0.075926 -15.834260 14.985522 4.509558
-0.145360 0.297270 -0.101710 2.084005 -16.550314 -13.263872
-0.028165 0.066621 0.224890 -9.209059 -0.606760 45.405333
0.015115 0.173260 -0.411600 3.844044 7.675608 -0.206608
-0.131320 -0.342350 -0.095185 9.262499 4.046724 -17.522998
0.142940 -0.008577 0.142400 -0.690107 -5.631385 -1.637563
-0.262590 -0.198340 0.241520 6.357195 0.312620 3.263072
-0.058845 0.185010 -0.163190 -11.106673 -8.847714 12.812665
0.131300 0.279310 -0.012330 -7.868251 -9.219223 -2.044531
-0.054717 -0.097332 -0.098522 -5.623793 7.279472 -2.924443
-0.093667 0.001832 -0.102450 0.524948 29.293581 15.086041
0.306610 -0.019320 0.213890 6.522249 11.412073 8.683256
0.368430 -0.089641 -0.685830 26.756047 -8.754895 -58.958484
0.076981 0.054270 0.107340 15.321231 -0.480522 -8.257776
-0.461470 0.008052 0.503450 -34.643932 -5.528603 26.649393
-0.700370 -0.402980 0.443050 -13.018196 -10.062892 12.824535
0.008929 -0.109840 -0.074953 -22.580191 5.531707 -12.574982
0.081514 -0.245780 0.035075 11.328255 -0.955603 -6.791540
0.033594 -0.065693 -0.370870 -24.591836 -3.538802 25.722720
-0.048000 -0.270620 -0.291390 -17.695104 -23.241425 22.344600
0.081782 -0.103580 0.151340 -5.541914 29.695717 -17.260739
0.013992 -0.036665 -0.223200 -5.243701 8.979109 12.655385
-0.186210 0.108170 0.382390 -4.706230 15.504460 -16.979191
0.035178 0.205640 0.054858 -9.127490 -9.696650 0.830267
-0.091918 -0.123350 -0.058089 5.839381 -8.498016 13.121281
0.493450 0.779460 0.725600 6.093676 11.347255 1.023779
0.045098 -0.292480 -0.167930 3.845434 12.109595 3.831090
0.292920 -0.636480 0.228440 5.646260 -22.626605 14.422618
0.053880 -0.056248 0.326590 6.937734 -3.364881 -3.388398
-0.131490 0.033729 0.139640 15.948129 -15.490321 -1.763769
0.105080 -0.018224 -0.073226 -10.560640 -3.243851 1.451357
0.148300 -0.080548 -0.155680 7.743147 6.889013 -10.456639
-0.574560 0.624250 0.068015 -40.825070 44.232075 -0.267306
-0.083897 -0.384910 -0.222520 -0.305339 1.731585 5.923908
0.177920 3.567400 -0.103780 -4.090341 -37.465337 1.289143
0.173130 -0.168190 -0.357930 -7.694279 -3.640978 -3.621143
0.187020 0.048889 -0.299810 -9.770425 2.273998 11.204426
0.134860 0.028493 0.005714 3.673629 -4.987698 2.332912
-0.124300 0.124040 -0.104060 10.000263 11.366296 3.646164
-0.273220 0.040240 -0.277040 -12.553868 4.053697 -4.342660
0.032879 -0.149150 0.169050 4.430862 8.439434 -8.772815
0.322630 -0.204900 -0.342230 -7.961779 8.837659 26.736210
0.285600 0.002117 0.127790 9.238729 13.355830 -5.076944
-0.057166 -0.181050 0.059291 1.763200 0.205124 6.804859
0.241600 -1.080900 0.874350 3.223005 -4.195715 3.258843
0.168880 -0.046969 -0.159200 -6.398810 -6.453766 -4.798775
0.224190 0.493160 -0.126050 18.189143 21.920567 -4.775935
-0.199390 0.362250 -0.028663 12.722719 -18.714787 11.186380
0.049547 0.078602 0.063953 -4.085369 -14.035333 15.090612
-0.137130 0.338240 -0.135530 -3.663936 -17.305744 6.164181
-0.095721 0.117100 0.581320 1.806135 20.631955 30.406482
0.149650 0.071662 0.005304 11.636156 -5.581571 3.124552
-0.404740 0.217570 -0.257850 1.970313 -4.640531 3.269726
0.028406 0.103020 -0.031074 19.061134 -0.919354 8.951051
-0.380690 -0.189590 0.288690 -13.004502 11.329046 0.753189
0.068016 -0.163410 -0.360440 -2.333754 2.380393 16.146753
-0.175930 -0.029218 -0.141150 13.520768 -9.822578 -12.991004
0.058690 0.417180 0.093907 -0.001146 32.333965 -4.567039
0.342480 -0.124180 -0.169690 -19.693115 5.752531 5.541722
0.100900 0.194120 0.125430 1.842052 1.105341 3.144971
-0.347820 0.086862 0.072113 11.576725 -4.565417 -7.346667
-0.016354 0.323780 0.393810 7.042224 -15.517991 -12.800799
-0.358750 0.694510 -0.017549 1.985904 -7.685312 7.701648
0.122170 -0.031556 -0.050105 12.540175 -5.664134 -4.964780
-0.113230 -0.282750 -0.674320 -4.687410 5.879990 28.997263
0.337160 1.266700 0.234900 3.810936 24.116879 0.862221
-0.070553 0.127300 0.039059 -19.039624 -19.336260 -14.258078
-0.193260 0.046706 -0.053078 8.483503 19.967203 -22.463495
0.356790 -0.901850 -1.650900 -1.966320 7.735016 8.310317
-0.136890 -0.069438 0.027362 -14.526805 5.495337 -8.215827
-0.176890 0.082980 0.134390 11.959298 5.673183 -20.085511
-0.289640 -0.460830 -0.484270 -5.002337 12.590376 -9.897473
-0.434520 0.067665 0.244980 -21.656208 1.868189 8.991338
0.007103 -0.028506 -0.078221 -3.502383 6.301431 2.099796
-0.409910 -0.008652 0.536470 14.758670 -13.612078 -16.290101
0.036967 -0.118980 -0.063086 9.966039 6.775406 -1.926873
-0.151900 0.017818 -0.279980 13.991376 11.105252 -5.982853
-0.577180 0.449770 -0.358390 5.454148 -0.298380 -16.310963
0.044105 -0.093623 -0.011803 -9.706155 2.329059 -1.865672
-2.735100 -0.210320 -0.852010 -4.049788 -2.570406 -1.394053
-0.004430 -0.084662 -0.438600 -6.745092 5.337087 -0.612945
-0.062235 0.041437 -0.127160 -3.684434 16.782878 -22.853030
0.241580 -0.109970 0.169140 -10.881283 -10.135291 -8.819734
0.304400 0.414430 0.078876 17.842764 7.590521 -22.444848
0.285350 -0.336490 -1.522700 -6.772751 11.366435 31.451168
0.192680 0.175980 -0.247930 5.773976 -9.916148 -6.866288
-0.346890 0.119280 0.047796 2.642431 -2.503539 -3.173335
0.243470 -0.058857 -0.180130 -23.193380 13.464976 5.682230
-0.114620 -0.098765 -0.256130 -10.375732 2.785032 -5.090871
0.170800 0.006801 -0.128950 6.426141 -8.443105 -16.825263
0.463980 0.786940 -0.703550 17.724609 25.319375 -0.365013
0.040074 0.196910 -0.128040 0.872601 -12.441879 7.648375
-0.171480 0.151820 -0.071537 -17.652646 18.950373 -0.977961
0.060250 0.073750 -0.075429 -10.238060 -8.071338 -5.333450
-0.503470 0.123550 -0.180920 -19.671971 -3.553021 -20.607535
-0.213530 -0.042108 0.291460 9.846236 11.887059 -7.605120
0.104710 -0.075480 0.005289 12.689573 13.771743 6.846812
-0.134940 0.081899 0.164380 -15.420567 7.733992 2.071647
-0.097620 -0.011127 0.176050 10.705071 30.454970 7.121419
0.059282 0.150700 -0.033105 0.563034 -23.136187 -6.789544
0.360730 0.137000 0.794000 -18.148942 -0.938834 -23.839988
0.348590 0.354110 0.578110 -9.570885 12.614521 -9.840001
-0.216500 -0.100780 -0.165090 19.473734 20.434851 4.491295
0.297320 0.671750 -0.181690 6.786387 17.412354 -1.687113
-0.119420 -0.167100 0.099469 19.005463 12.038230 8.826830
-0.047967 0.260380 0.091819 4.875511 -0.840569 2.334410
-0.093106 0.192410 0.181210 13.162353 -10.666717 -15.360960
0.037193 0.230640 -0.262330 23.545658 15.190186 -27.294439
-0.652610 0.003431 -0.362130 0.410278 4.370790 21.877768
-0.238440 -0.164780 0.705080 -19.383338 -5.281664 14.800140
-0.180900 -0.655420 -0.247920 -1.142376 -10.048306 -0.064178
-0.093916 0.058974 -0.075132 -7.152316 2.300315 -5.387072
-0.129530 0.594800 -0.433770 3.047815 17.937746 -9.767777
-0.034272 0.053451 -0.022794 -14.242090 -4.850546 19.457422
0.353210 0.212000 -0.271210 6.869933 -4.768941 -38.352528
0.094764 0.051629 0.058431 6.113625 -12.314561 9.638329
-0.581460 -0.658980 -0.031773 -9.808749 -11.473940 4.306980
0.114650 -0.159620 -0.116010 4.904531 -4.795508 3.256590
-0.061044 -0.088737 -0.244910 12.336328 -1.442819 5.309111
-0.136780 0.163490 0.023913 -16.768839 4.794685 -22.732445
-0.582250 0.596820 -0.449850 -22.378349 38.863358 -26.038746
-0.788310 -0.002417 -0.116220 26.772773 5.663987 15.937272
0.125610 -0.128560 -0.090986 47.447489 -25.877992 -34.693667
-0.134710 -0.100980 -0.250430 -1.533324 17.836040 16.697698
-0.226870 0.555500 -0.214740 3.289368 -5.485191 -11.013444
0.193290 -0.007867 -0.030656 0.020811 -11.244865 8.430177
0.313990 -0.120820 -0.575620 7.582539 8.254822 15.162845
-0.096230 0.369490 0.065300 0.725772 -43.919773 -22.887163
-0.058703 -0.083189 -0.020331 18.682026 -13.379370 7.822862
-0.113140 -0.076517 -0.258190 9.922214 -15.597998 -11.092908
0.184480 0.408180 1.355200 -1.979291 0.437928 -13.814730
-0.295700 0.179130 0.112180 12.047766 -11.022080 -22.212946
-0.078065 -0.030982 -0.028827 14.476657 0.475697 2.145941
-0.144280 -0.199980 -0.496260 -4.315013 -5.095282 -9.729412
0.005918 0.051481 -0.265080 -9.497021 -9.959724 7.736537
-0.386070 0.023943 -0.363910 -20.536057 -3.525928 -21.060547
-0.061406 0.207120 -0.110410 -16.461048 -10.253793 -0.292536
0.193080 -0.439350 0.167720 7.632051 12.988995 -10.877340
0.055343 0.179020 0.095355 4.186578 14.130225 -14.629673
-0.072640 -0.094392 0.016541 5.227536 -8.984727 16.434954
-0.172580 -0.020435 -0.243780 -9.168829 -8.232747 -9.778773
0.025241 0.046318 0.132870 -0.584912 -10.630505 -1.695600
-0.048809 0.462050 -0.475050 -10.874287 1.808297 23.361877
-0.426980 -0.183580 0.188140 7.428436 -13.766298 1.142290
-0.018789 -0.037738 0.009440 12.484694 10.581314 7.252616
0.017179 -0.151770 0.223830 -0.033785 -22.271121 7.610501
-0.083680 0.049588 -0.016703 -20.122479 -46.955453 -41.160741
0.114480 0.554060 -0.795400 -0.340443 1.607958 -9.236060
-0.017939 -0.150040 0.151480 -12.316911 -12.496875 -5.879632
-0.071164 0.023991 0.015917 6.248946 -8.480307 3.354978
0.510830 -0.271900 0.819020 -1.575139 4.422022 -20.819031
-0.511420 0.153770 0.428090 30.125873 -12.897542 -30.449945
-0.185060 0.389360 -0.215530 -13.655999 2.748681 3.014030
0.036574 -0.018782 -0.072567 2.350299 -12.301581 -13.555687
-0.084058 0.133760 0.156060 -1.070694 -6.006170 12.927684
0.313410 -0.081062 -0.031806 10.330525 -15.537052 15.627272
0.045488 -0.017033 0.009967 -3.294243 5.943912 7.993700
0.377500 0.013252 -0.044414 -12.641822 4.425482 -3.403678
-2.418500 1.040600 -0.120900 -7.153045 4.113560 -2.413642
-0.069284 -0.269800 0.136140 1.583306 -18.837306 -5.176764
0.230920 0.364970 0.086232 7.723924 42.535051 3.818857
-0.126700 0.002919 -0.015984 -19.856332 3.075852 6.064939
0.385680 -0.159230 -0.066338 -2.354482 -4.122523 2.513931
0.171370 0.230210 0.102520 19.382503 4.140152 -6.025785
0.473360 -0.284120 0.330380 30.345256 -2.048195 8.383948
-0.232820 -0.308390 0.591260 -10.000923 2.050918 4.440731
0.159100 0.017334 0.268880 -30.867181 -5.345824 -11.581216
0.135130 -0.014662 0.170570 1.604700 -3.487814 -0.781015
0.914120 -0.132240 -1.241600 21.775807 -4.737498 -38.294629
-1.543200 -2.607600 -0.470630 -3.803698 5.043756 2.343498
-0.113640 0.048968 -0.244410 8.120692 3.004662 -35.639373
-0.059544 -0.213200 0.087473 14.894146 19.386079 -15.401204
-0.457070 -0.338920 0.140930 3.899795 -6.800987 7.583451
-0.240740 0.119790 -0.132550 0.939857 -1.152099 -10.886793
-0.096293 0.163430 -0.013296 -10.009767 3.118923 16.944042
-0.494760 -0.401100 0.062666 15.536209 3.842321 -17.515076
-0.173380 0.077762 -0.119310 -6.263105 29.302656 6.841229
-0.313010 0.433340 0.133230 -10.826735 22.435505 5.741174
-0.046494 -0.143270 0.210070 0.539372 7.130196 1.799651
0.161600 0.083582 0.213580 -1.322674 -0.712735 9.006892
0.250010 -0.106060 -0.002909 1.886732 -2.561362 8.221229
0.266380 0.220060 0.003375 0.386336 5.082858 3.435209
-0.001779 0.221060 0.105750 3.136548 16.209983 12.161877
0.227540 -0.070661 0.437800 -1.629036 -1.336140 -29.798775
-0.954720 0.963180 0.858990 46.393266 -42.746499 -33.970466
-0.214870 -0.034231 -0.078308 -3.543366 8.332515 -2.648790
-0.240750 0.211040 -0.126570 17.103662 5.968465 -12.119821
0.123860 0.147310 0.254520 7.614298 5.816274 -23.496027
-0.320150 0.872200 -0.278270 2.110197 -3.829231 1.805637
-0.176090 -0.119970 0.331640 -10.447714 -10.995735 6.115722
0.091608 -0.604040 0.175020 7.532576 -20.605850 19.838863
0.193140 -0.413700 1.334200 -3.458248 3.475049 10.311220
0.012611 -0.162100 0.006350 8.002759 -7.602732 15.315804
0.544280 0.050324 -0.147390 11.588105 3.258876 2.915430
-0.058676 0.081303 0.129350 -0.341732 -1.706545 -4.661696
-0.150910 0.126400 -0.015591 -12.663895 -2.193566 6.996134
0.109680 -0.127130 0.133850 -0.629352 14.171497 24.204409
0.762120 0.121020 0.044493 13.509150 3.465631 -17.915263
0.169180 -0.130120 0.098360 -12.797058 9.165397 0.403037
-0.175190 0.089960 -0.039606 -2.701116 -7.893119 -14.347068
-0.112670 -0.010200 0.165050 19.953764 -10.917880 -4.973721
0.023488 0.190090 -0.104010 5.927389 9.053533 10.962715
0.086328 -0.045099 0.049983 -6.114950 -6.241114 0.939647
-0.147270 -0.248830 0.295720 -1.787566 -16.602538 2.055559
0.635690 -0.085343 0.728300 4.682254 -8.683397 -5.254128
-0.109770 0.001633 0.087481 -10.062092 0.954652 10.104052
-0.184520 0.120730 -0.051591 -0.708301 13.255993 -8.651261
1.298800 0.844860 -0.301050 1.354707 -0.325559 4.754205
0.144380 0.188370 -0.068441 22.945363 23.127022 -7.759987
0.402610 0.708280 -0.252710 0.374028 32.994993 -7.748994
-0.382070 -0.191120 0.019106 5.642291 -7.961038 -8.290610
-0.603950 -0.670220 1.383600 6.909223 11.125403 -34.017465
0.163500 -0.411520 -0.147370 6.663188 -11.220479 1.616996
0.454530 -0.092865 0.156380 -11.349031 -1.497285 -8.085977
-0.035401 -0.163070 0.265920 5.645393 1.666152 -20.709038
-0.181470 -0.008920 0.151080 -5.470428 -2.837496 8.248245
-0.068906 0.129220 -0.094622 -2.575475 -20.490142 14.363092
-0.139160 0.029040 0.003788 -2.065235 -30.957515 -6.443946
0.157250 -0.336670 0.112100 -5.793506 -14.783093 4.932581
0.161110 0.019472 -0.142490 -4.866185 -6.380824 14.154872
-0.077280 0.101030 -0.013163 14.115939 8.381552 -6.529841
-2.736700 3.801900 -1.377000 -1.300818 -1.716762 -0.545380
-0.482250 -0.048532 0.070946 17.900484 -4.534689 2.937559
0.525910 -0.005343 0.049846 9.179781 -4.793910 3.325925
0.448040 -3.090100 1.520000 -2.786154 10.470200 -8.388158
-0.321920 -0.143360 0.317770 13.142535 -4.117933 -11.497455
-0.246900 -0.242090 -0.137610 -6.988704 -2.131761 -0.269095
0.004231 0.061099 -0.198250 -16.520058 8.681718 18.023112
-0.103530 -0.055861 -0.022025 27.250098 0.975926 -15.771057
-0.030665 -0.312150 -0.031969 1.138182 8.888036 2.781154
-0.714690 0.259590 0.168170 -4.589735 -11.106229 7.811570
0.275930 0.027275 -0.009657 -7.758882 5.909956 1.607855
-0.132980 0.012346 0.083390 8.942348 -4.789407 -4.805981
0.051808 0.120930 -0.061984 3.443901 -2.163224 3.065956
-0.008522 -0.241110 0.368370 11.897558 -10.446408 25.213797
0.068127 0.027954 0.426100 2.387349 -1.933635 8.479216
0.599910 -0.488790 -0.691730 5.096409 -2.567549 1.383297
0.038743 -0.285210 0.626200 3.498219 21.588163 -10.024653
-0.129460 -0.100400 -0.027361 -10.549774 6.774604 0.212232
-0.119370 -0.220210 -0.065131 -10.649721 -17.812114 12.854756
-0.042807 0.091334 0.016041 -1.004896 -0.920343 -0.945454
0.085036 -0.037487 -0.242550 21.483517 0.185442 37.232255
-0.022002 -0.420860 0.046425 -11.636866 -40.421927 -11.700438
-0.016883 -0.068925 -0.093549 2.867245 -3.347150 3.704425
-0.143990 -0.000059 0.019162 -5.211053 -0.954708 -2.150282
-0.041219 -0.130530 0.116970 -8.977483 -6.293650 5.586663
0.235690 0.188670 0.157210 -28.659054 4.119724 -1.514589
-0.502910 0.047383 0.566430 22.717137 -0.041930 -19.755178
-0.165460 -0.302780 0.023502 18.550117 33.347494 -7.516752
-0.038356 -0.035654 -0.137610 -33.484712 -17.936795 -15.146929
-0.263460 -0.387490 -0.310410 -3.459643 5.114070 3.957522
0.131180 -0.225730 0.132880 5.025868 11.871871 -6.366607
0.019468 0.065649 -0.016740 -0.636121 -8.917936 15.542758
0.282700 -0.070015 0.091701 -3.997545 11.196070 -6.076315
0.175770 -0.102790 0.145670 3.959138 6.168537 7.895458
0.132130 0.080372 0.096505 5.970957 11.982553 -14.196448
-0.022587 0.156380 -0.147850 0.707675 27.986716 -13.100223
0.374270 0.091235 -0.365900 1.958268 1.538445 2.582704
0.225420 0.232460 -0.030617 -16.710363 -40.780251 22.888085
0.124410 -0.156710 0.007450 -0.304375 -15.049215 -10.496863
-0.344120 -0.228930 0.068683 12.253647 7.266449 -0.330293
-0.226420 -0.000526 0.051453 18.511460 -3.653253 11.434197
0.355730 -0.798150 -1.101500 5.543438 -11.907827 -17.384428
-0.076865 0.222310 0.032336 -1.290839 -2.107841 -1.100418
0.155600 -0.086935 -0.098258 13.708176 11.669548 18.222867
-0.006541 0.033370 0.068078 -3.817584 -10.527327 -5.554129
-0.154360 0.179560 0.101770 -4.070410 -10.386132 -5.715444
0.064734 0.195840 0.128120 -7.623745 14.761564 5.188670
0.047212 0.267460 0.017421 -0.863157 14.527563 5.244842
-0.024920 -0.097963 0.111840 -7.527592 -3.048499 -7.507293
-0.063309 -0.084007 0.298980 -0.220828 5.170951 -9.782037
0.055569 0.002961 -0.088999 11.696821 3.460373 -0.099377
-0.096455 0.402230 -0.115070 6.467933 7.966310 -9.876349
0.281020 -0.604300 -0.301150 12.448752 -18.784752 -14.444997
0.035781 -0.045362 0.037441 -21.743838 -12.895657 8.175485
-0.072683 0.159980 -0.060244 -37.042104 -18.070709 6.521958
0.549500 0.024767 0.556740 -10.066304 -1.386505 -13.195745
0.004641 0.152960 -0.024377 -23.909045 -17.369870 -11.734078
-0.034482 0.075213 -0.052389 14.603303 -8.143692 -5.390410
0.882580 -0.368180 -0.534300 -0.099425 0.598997 -1.843759
-0.225070 0.759710 -0.641100 16.654331 -10.917309 -2.978975
0.084428 -0.290180 0.018352 16.563804 -23.191127 -4.045097
0.131420 0.059479 0.065947 15.635326 27.464757 21.422328
-0.045655 0.722810 0.082644 0.954191 16.663212 1.429349
-0.208800 0.029111 -0.270040 7.789256 4.306234 7.142200
-1.215000 -0.520120 0.631540 -6.351752 0.288597 1.965202
-0.578560 -0.290480 -0.207580 -16.981896 -0.204461 -2.902904
-0.302610 -0.105390 -0.046115 -5.775521 -3.756836 -24.229469
-0.011502 -0.055727 -0.035926 -1.958087 -0.151811 1.927229
-0.086144 0.055012 -0.086999 -12.034021 5.674250 -3.585067
-0.598560 0.369610 -0.886810 -13.758362 -0.340026 0.141965
-0.098161 0.041972 -0.191840 0.330317 -16.665327 -0.805672
-0.139980 0.409280 -0.166330 -0.578761 6.376248 -6.431108
-0.101490 0.157730 0.105850 -1.418915 10.887146 -6.369211
0.115970 -0.041952 -0.269870 8.637313 -4.076020 20.378126
-0.046505 0.005542 0.081636 1.600280 -15.102548 14.218897
0.137460 -0.148050 0.079622 3.131721 -10.265841 9.792672
-0.428970 0.222020 -0.011873 -22.845119 16.265197 -15.821775
0.046742 0.088274 -0.049090 2.607477 -4.163712 -19.539361
0.337720 -0.103560 -0.206200 -10.537050 -1.771135 -0.163242
-0.091540 0.024377 0.007572 -10.443020 -27.238555 1.627780
-0.523770 -0.024283 -0.196980 -27.288312 -14.228775 4.719810
0.393940 -0.367190 0.693530 2.552430 -5.048218 11.845357
0.288130 0.095357 0.209440 -22.541008 7.008981 -19.708074
0.011380 -0.017030 0.220780 25.663317 -6.209589 -2.503301
0.073335 0.090715 0.150430 3.221126 5.968280 -5.141500
0.265790 -0.205690 -0.110910 -34.019726 12.500999 36.201497
-0.369380 0.381600 0.102860 23.254637 19.147047 0.936386
-0.036755 0.199490 -0.166380 -2.271707 4.701882 -3.488572
-0.231840 0.095776 -0.161800 -5.699620 24.317394 1.836904
-0.226120 -0.072776 0.010314 14.170047 -5.754995 3.812960
0.186390 0.320470 0.391580 -4.137531 4.573975 -8.224641
0.003855 -0.350610 -0.756010 -0.982355 7.857893 -1.230664
-0.079933 0.161110 0.311020 -13.028516 4.664379 -6.537569
0.071834 0.205830 0.482650 -8.842618 -21.039523 -26.863144
-0.252330 0.024313 -0.993980 -6.175709 -0.321831 -3.288833
-0.199030 0.503480 -0.154440 18.145102 -13.887834 0.182819
-0.176400 0.070819 0.171190 -15.734537 0.552048 -10.732257
0.078911 -0.231750 -0.204690 18.060817 -14.163973 17.646303
0.197170 0.048441 -0.056558 22.607296 0.179979 1.499679
0.039427 -0.173700 0.142330 3.116374 -19.381199 27.328551
0.022947 0.000405 -0.047335 2.947085 11.835244 7.244560
-0.047906 0.022960 -0.197900 -5.862954 9.248348 -3.681748
0.226160 -0.120220 0.004459 0.347214 7.576141 16.072920
-0.005484 -0.068785 -0.092993 6.247506 -0.022480 -10.703428
0.222330 0.000318 0.213830 -13.881221 23.532126 -7.126127
-0.123220 0.318490 0.331820 12.410218 -3.447074 -8.484502
-0.178360 0.208320 0.085254 21.418675 -36.390578 -24.032109
-0.074912 -0.019164 -0.092500 -20.566693 3.190135 -22.605910
-0.071365 0.386090 0.124950 2.653416 7.066198 9.277494
-0.008507 -0.074193 0.271440 4.658731 -2.210597 -1.541619
0.033757 -0.028993 -0.274080 14.510657 -0.872217 -13.184509
0.103110 -0.065425 0.110520 -9.766527 -1.771025 1.798884
0.183280 1.002900 -0.986430 7.005215 52.894813 -50.137313
1.010800 0.362400 -2.043700 5.156823 9.876035 -10.958301
-0.024227 -0.017667 0.105710 -28.181326 -7.124945 -3.713223
0.051340 0.170700 -0.091429 -1.957698 8.184596 8.680615
0.003052 0.302140 -0.227830 -7.013307 -11.284657 1.389286
-0.600800 0.116030 0.043648 2.475164 5.870635 -7.594547
0.902790 0.344340 0.720870 8.339545 -1.152410 13.210172
0.327080 0.128280 -0.164200 10.954785 -2.408647 -17.651132
-1.075600 0.061296 -0.526000 -33.875169 -1.265153 -13.993608
-0.291550 0.289000 0.150860 -12.290223 13.311832 12.075620
-0.794870 -0.702500 0.550530 -26.954441 -28.469995 31.960267
-0.589590 -0.166070 -0.527700 1.732958 0.289372 2.638523
-0.452850 -0.161820 0.177080 -4.829738 -6.580931 -11.013529
-0.066964 -0.080926 -0.156900 7.721063 -3.255805 2.276849
0.003028 -0.146690 -0.244160 -2.276305 21.771273 -8.365296
0.097183 -0.087645 -0.221610 -1.832123 16.472439 11.164571
-0.034245 0.230620 -0.222700 -1.132342 -14.661868 2.546412
-0.108580 -0.164320 -0.011386 -11.397060 5.333669 7.056777
0.420580 -0.784440 -0.154330 3.117234 -2.494844 1.038659
0.333680 0.318600 0.141690 -7.276055 -24.754050 -21.687376
0.159320 0.006465 -0.167030 -0.159867 2.167331 6.892138
0.708870 -0.482980 -0.317670 -0.215182 -9.636686 -5.137811
0.103130 0.060004 0.259840 10.510013 -5.303639 12.052362
0.028757 0.318350 0.194440 -1.310117 10.994198 2.302345
0.062638 0.025077 0.005494 -16.791342 -18.845233 4.094514
0.153080 0.065992 -0.107120 3.027720 11.000568 11.841395
-0.251710 -0.390930 0.236290 2.227509 -11.447420 -0.161589
0.174190 -0.224050 0.133820 -1.973320 -8.859798 -5.332914
0.234600 0.760590 -1.424900 -4.716831 2.696933 -8.700468
0.024649 -0.045568 -0.036993 7.347371 -12.000744 -5.560122
0.013461 -0.137770 0.096426 -5.648889 15.060238 6.998515
0.187750 0.137700 -0.135820 -12.800272 0.515678 7.549120
0.409690 -0.348580 -0.910960 23.218798 -22.607121 -56.130360
0.134620 0.301750 0.123720 -21.102896 -68.707709 -8.560805
0.350520 -0.033738 0.149780 -25.677308 -4.145223 -8.751717
0.175680 0.078251 -0.213600 1.035359 5.845938 -15.029796
0.062934 -0.386120 0.018237 3.467074 -4.777744 -2.183269
0.217840 0.395310 0.505010 -4.354730 11.758852 5.274703
0.066081 -0.230940 0.000316 -7.959462 -23.872380 11.850507
-0.108300 0.094661 -0.229380 0.116812 3.525807 -5.681616
0.309270 -0.138880 -0.432990 16.794858 -18.790947 -2.333202
-0.187410 -0.097629 -0.064879 26.545072 12.841961 5.495069
0.446290 -0.120020 -0.372760 -6.069808 9.105226 9.455933
-0.341900 0.234700 -0.252050 5.876939 -14.660046 14.823867
-0.019020 -0.086822 0.047384 -5.726560 8.750703 3.944689
-0.033433 -0.289420 -0.123690 11.017267 -23.591647 -3.303369
-0.846830 -0.273700 0.816620 15.337858 -5.125834 -21.018718
0.181270 0.168260 -0.041789 -10.321346 1.136723 -5.610892
0.633020 -0.130510 -0.222170 -25.724814 -1.125265 15.481515
-0.181030 0.423240 -0.611590 -11.397246 11.326484 -5.703269
-0.026778 -0.166100 -0.220930 5.994399 10.744920 2.512984
-0.126090 -0.163530 0.031038 -2.638374 13.320093 1.729425
-0.432740 0.144080 -0.203630 -6.186116 8.118108 -3.755504
-0.133850 0.002401 0.429080 13.541501 2.234899 -36.890026
0.196520 0.261420 -0.070829 -1.214444 -12.403087 -17.117112
0.049374 -0.210170 -0.657610 -15.591661 4.235289 -4.753541
0.170360 -0.084916 -0.471150 -8.909697 -2.300239 0.278545
-0.047889 0.190300 -0.406450 2.847286 0.754725 1.668108
-0.038864 0.151690 -0.184000 -1.831754 6.959760 1.818904
-0.220560 0.142230 0.090741 15.481048 3.551535 -29.773590
0.125040 -0.116880 0.059812 14.189937 4.793949 -4.169533
0.154040 0.089156 0.343530 -12.990873 -22.997313 -9.231287
-0.131620 -0.239880 -0.361510 -6.135554 -6.679385 -25.416019
-0.496250 -0.620110 0.019019 1.508105 -18.118493 -6.819127
-0.357410 1.376200 0.294140 16.093606 -47.371945 -12.113200
-0.210230 0.106320 -0.413930 29.958928 2.357188 12.519880
-0.051422 0.150200 -0.162260 10.090890 6.438746 0.054830
0.201550 0.123780 0.101270 -18.723602 -9.198309 -7.572533
0.107690 0.103750 -0.116030 6.502493 17.747287 0.292324
-0.521880 0.289530 0.160720 18.516572 -3.113465 -0.156964
0.023700 -0.098176 0.116980 -1.185349 -19.598470 12.929008
0.464770 0.230600 0.053539 52.405018 23.952023 20.884754
0.466810 -0.212090 0.694080 13.584693 -3.904696 25.297509
0.019900 -0.262070 -0.523230 -1.305974 6.873152 -6.336077
0.042116 0.027274 -0.086084 6.335630 17.642572 -19.261893
0.601440 -0.185090 -0.864180 14.882063 -9.764306 -30.226936
-0.046369 0.081848 0.228160 4.177595 -8.233219 -8.802784
-0.497530 0.045027 -0.350960 -5.188491 -1.768864 -6.461896
-0.098106 0.248000 -0.435420 -6.158887 -2.010086 -11.717478
0.046214 -0.387820 -0.017826 -4.430695 -10.731995 -5.949662
-0.013593 0.110280 -0.249830 -7.779004 0.071174 1.159455
-0.440020 -0.151900 -0.281390 -6.595290 -5.969294 -16.880275
0.201760 -0.062237 0.073152 -11.351644 2.312081 -5.985713
0.235330 0.395010 0.090841 -3.063893 -1.591203 -2.813761
-0.565240 -0.392800 -0.035263 19.810164 9.953738 -21.112624
0.197760 -0.137480 0.207130 4.667925 -16.190773 -5.951603
1.371100 -0.156970 1.269900 -9.057469 -2.328687 -14.080916
-0.269360 -0.104980 0.212160 9.722811 3.817216 -3.871122
0.186550 -0.239060 0.421670 -33.217503 12.411211 -23.359469
-0.140620 -0.124800 0.089742 -4.587605 -12.878521 -11.863771
-0.006635 -0.023229 -0.264690 -3.069209 4.262872 7.320021
-0.130310 0.119660 0.154050 -4.026917 -3.333587 -1.609217
-0.341600 -0.936620 0.880330 5.114536 7.943176 -4.749397
0.169880 -0.127760 -0.060664 -2.692489 11.163397 -0.387288
-0.271160 -0.025213 -0.374540 -19.374481 7.988246 -13.246286
0.279150 0.240570 -0.020907 1.051034 9.102994 8.286793
0.133580 -0.410830 0.630600 13.464653 -5.286173 2.717775
0.537480 0.003344 -0.289580 11.054286 -18.896495 -15.917178
-0.159120 -0.192910 0.478600 3.082558 13.708741 -8.347465
-0.059108 0.031588 0.077925 -5.063612 5.112998 -23.694492
0.158380 0.161950 0.151400 3.810304 8.217770 8.211705
-0.029954 0.015993 -0.152360 2.357542 -2.121186 -8.869034
-0.069503 -0.035859 -0.019483 -2.008034 0.799767 -1.444620
0.020651 0.050378 -0.026907 -10.825939 -1.877589 -3.749601
2.918900 0.390990 0.264810 18.945106 4.962809 2.504447
-0.123610 -0.213180 0.113540 7.746057 7.956807 1.164024
-0.089838 -0.026830 0.079467 -29.463352 7.585700 20.594212
-0.007747 0.126310 0.087451 -7.745572 -3.358223 -2.081727
0.267670 0.251550 0.132500 1.072867 -10.054761 2.164471
0.154140 -0.093125 -0.024119 2.930072 -0.243996 13.402563
-0.083350 0.002989 0.464240 -0.864122 -3.607636 -0.449780
0.737810 -0.171570 -0.011015 -17.043646 2.180370 6.589464
-0.421350 0.064531 0.167210 -4.972866 8.185737 -12.237314
-0.264900 -0.039294 -0.186120 13.578785 2.813071 -7.457612
-0.360600 -0.012286 -0.487710 3.391468 0.794425 -9.249638
-0.046611 -0.571400 0.103060 1.725992 -16.898679 11.256732
0.344630 -0.268280 -0.002995 29.715082 -38.395951 -9.317607
-0.009463 0.050899 -0.054305 -3.862324 -6.196588 -0.367284
-0.094985 -0.087819 -0.029223 9.835598 -11.404039 -3.366891
-0.047340 0.222770 -0.145860 4.743561 3.336010 -0.324985
-0.415660 -0.105090 -0.192040 15.449482 7.613349 1.347189
0.343730 -1.551200 -0.788730 -9.094378 8.490540 6.828149
0.214150 0.406550 0.293350 -7.702031 -10.402250 -12.608727
-0.139560 -0.417590 0.254050 -3.842284 -14.004489 11.506706
-0.192230 -0.221990 -0.049899 -10.699412 -12.049506 -4.608351
-0.121120 0.128910 -0.224460 5.568694 -1.384759 -9.478239
0.002698 0.017748 -0.027769 -0.046939 -2.488951 -3.909641
-0.043636 0.243850 -0.030932 -3.392753 11.151627 -0.016363
-0.100270 -0.030198 0.003705 -10.961200 -3.095002 -1.710059
-0.102160 -0.083338 -0.111500 -9.826917 -10.210283 -32.898173
0.570150 0.077093 -0.201810 -24.359059 -7.086007 -9.221680
-0.139570 0.117720 0.028354 11.636896 2.462364 -9.465245
0.546290 -0.245040 0.214250 -11.711916 9.158422 -9.022894
0.068786 0.031470 0.056825 -16.661959 7.510819 7.171196
0.302780 -0.166830 0.399220 -6.358076 11.849731 3.830056
-0.019028 0.299470 -0.169580 10.887772 -5.525078 4.286903
-0.049354 -0.084701 -0.121120 2.047527 9.065831 3.586261
0.019636 -0.351730 0.015824 -0.561248 16.191957 -12.001192
0.836830 -0.653560 -0.415590 -26.822575 25.743280 17.163930
-0.114860 -0.237960 1.169000 -10.312899 -10.154938 17.915529
0.140720 -0.015338 0.381260 17.097843 3.509842 27.949138
0.118920 0.358420 0.166430 13.407428 1.962994 5.184030
0.076633 -0.023805 0.018502 9.870194 5.864671 -0.472974
-0.387660 -0.048406 -0.257190 -15.987730 14.650678 -3.271057
-0.233900 -0.127650 -0.526960 4.924050 9.762682 49.403635
0.070549 0.123830 0.000324 -3.740024 0.434112 -3.898572
-0.928310 -0.488460 0.482050 -15.537704 -2.779219 8.501014
-0.673180 0.255060 0.241570 -16.285596 1.058136 17.640360
0.204560 0.062791 0.101500 29.147479 -0.813170 14.821358
-0.071061 0.195440 -0.004114 -9.585071 -43.871024 12.171121
0.099420 0.021705 -0.160880 6.939548 4.932478 -5.088776
-0.060249 -0.008137 -0.354740 -2.241462 5.043451 -30.911099
-0.253630 -0.109060 -0.021796 -34.843771 -3.223418 5.492647
-0.004727 0.041269 -0.082216 -0.799265 -0.564113 14.009057
0.006844 0.122420 -0.073323 -11.036438 16.541295 -53.553256
-0.337840 0.142120 0.843260 9.602793 -12.761399 -57.683313
-0.162450 0.023035 -0.183810 11.104093 -2.370804 -16.126411
1.355800 1.063600 0.884870 12.573654 9.403548 14.498274
-0.036977 -0.212020 0.073593 9.333285 -9.447695 -1.398510
1.357700 0.138870 -0.351870 13.029738 3.066540 -5.515589
0.001075 -0.460490 0.006450 0.443884 -9.677226 5.815468
-0.066931 0.399430 -0.103340 -4.195155 -5.321319 4.921349
-0.316680 0.249710 -0.000381 2.790009 0.654354 -9.097263
-0.112750 -0.122670 -0.102130 10.758443 2.123688 1.668794
-0.039738 -0.046767 0.128750 2.839923 4.331117 -9.232374
0.060125 0.021841 -0.340550 4.940938 6.402338 -18.621504
-0.078726 0.044330 -0.202690 -2.043317 8.658471 -7.820946
0.261390 -0.216900 0.185450 -8.526650 -1.047423 -2.300553
0.044032 -0.202550 -0.113640 0.048503 3.117773 10.495870
-0.067567 -0.065104 0.218010 12.560425 -2.932177 14.637339
-0.051952 -0.173330 0.176240 -4.949151 14.739699 -11.756215
0.004654 0.354940 0.076595 4.849519 -5.962152 6.781502
-0.180740 0.222620 -0.134020 9.816713 -0.814075 -7.719909
0.228000 -0.408420 0.028348 -31.069317 22.125763 -7.236261
0.148760 0.008723 -0.024974 -21.366094 -11.360815 15.595282
0.066596 0.096435 0.057966 -0.390850 -4.015486 7.069857
-0.111210 -0.103760 0.118410 3.111337 8.556724 1.949180
0.249600 0.085336 -0.129840 4.679609 4.512203 5.878570
-0.163080 -0.122940 0.070898 -2.114325 -5.209760 -6.284784
-0.016447 0.024431 0.036275 -1.248689 -0.633719 -14.781295
0.555670 0.316500 0.933860 -7.116502 -3.113351 -11.845320
-0.064218 0.059515 -0.027249 8.211902 -2.395601 -25.957281
-0.081358 -0.035043 0.036453 -6.211792 -9.809747 -0.259398
1.740000 0.008970 -1.008700 -26.746049 -5.357983 5.239035
-0.116780 0.327330 0.168240 4.448170 24.555727 8.474743
-0.010710 -0.043915 -0.097632 1.680732 0.428570 -17.454592
0.419550 -0.045595 0.230950 10.455795 0.557726 7.120508
-0.264790 -0.596830 -0.485100 -6.105287 -19.579886 -14.710729
-0.095167 -0.056083 0.205910 11.698049 3.959259 -10.365701
0.057719 0.361620 0.218880 -13.889219 -8.845744 -32.178600
0.065192 -0.059171 0.099689 0.143114 14.731979 -0.009328
-0.088936 -0.145770 0.140000 -12.403295 -3.842003 4.143715
-0.006254 0.089525 -0.006972 20.122093 18.167850 -1.203718
-0.021735 0.120050 -0.056968 -7.615295 3.149737 3.278344
-0.252420 0.495260 -0.049683 -6.390200 -4.539174 14.382690
-0.045416 0.004975 -0.082542 3.776223 -10.046181 -13.610663
0.072264 1.100700 0.441680 -8.935001 11.539059 -2.470325
-0.545930 -0.100080 0.498640 18.645286 -21.149397 -18.839839
-0.089386 0.104940 -0.069099 -0.630112 5.208303 10.769730
-0.827660 2.190000 -3.303300 -6.969121 21.226799 -18.423106
-0.233820 0.315150 0.314550 -8.869177 25.726200 1.520718
-0.191940 -0.274330 -0.021206 11.029540 14.982588 5.462054
-0.136400 0.171950 0.127040 12.969072 -6.329176 -4.638801
0.067608 0.135530 -0.435930 -18.437703 -9.295625 -17.549251
0.041419 0.088638 -0.156670 -8.147976 1.926419 -6.912503
0.215960 -0.107320 -0.195630 2.292097 17.086221 -5.222570
0.649200 -2.060500 0.346470 2.765468 -12.312752 0.875188
0.209730 0.065502 0.199960 -5.208500 6.948818 -42.314287
0.275740 0.079319 -0.287690 3.981328 -3.548897 -3.562910
0.022344 -0.051406 0.086379 -2.268412 -6.971952 15.328190
-0.223250 -0.322380 0.098554 11.653990 14.806263 -14.620759
0.169810 0.017649 0.012372 -25.009545 -16.165788 16.224786
-0.033651 0.060046 0.126860 2.099138 -1.323114 11.295730
0.750410 0.001124 0.201810 12.653495 -8.024033 2.375745
0.036079 0.028645 -0.031760 20.098733 4.472253 -26.780447
-0.149620 -0.063552 -0.007754 4.769336 0.701539 8.881200
-0.108860 -0.047949 0.013069 15.984619 10.818432 -21.041241
-0.299270 0.155560 -0.086101 -11.746660 -3.620268 5.725304
-0.034800 -0.966000 0.199000 -0.504524 -16.630331 1.180756
-0.473980 -0.472020 -0.446290 19.551712 6.930898 14.494381
-0.034896 0.239020 -0.111890 -8.856581 -1.641986 -1.531616
-0.089161 0.020891 0.415490 5.345640 -7.791403 -2.975318
0.131100 0.022009 0.177460 0.088912 5.091390 -7.094129
0.326660 -0.242160 0.109360 8.197533 -17.322181 3.360564
-0.033243 -0.169790 0.044373 22.597481 7.782914 -4.781143
-0.101950 0.446600 -0.097178 9.450456 -14.229181 3.816473
0.062918 -0.227470 0.038688 -15.759562 10.817877 4.537126
0.043817 -0.012494 0.080041 -5.498418 -11.278891 -3.920667
0.059697 0.122880 -0.052615 -4.739250 15.096768 -5.354678
-0.418530 0.078997 -0.085308 11.870522 2.444874 0.772030
0.007685 0.199480 -0.045409 0.608012 -6.360269 21.678455
-0.635050 -0.196230 0.280600 10.271520 -7.336029 -2.824798
0.132200 0.274600 0.094546 -5.663404 39.389219 20.763319
0.058034 0.188550 0.015913 3.232462 -18.276772 15.075937
-0.193140 -0.040312 0.055979 2.624189 3.002192 10.979284
-1.770700 0.072774 -1.247200 -2.239891 -0.899578 -1.277598
-0.460030 -0.230360 -0.398350 -2.513442 6.714110 -7.304121
0.105710 0.363120 0.237520 15.241022 4.796410 19.929020
0.162630 0.118290 0.042955 11.712647 3.437656 -7.286134
0.042262 0.016967 -0.002817 3.165492 -2.340989 -8.557736
-0.075672 -0.011325 -0.018046 -2.954041 5.135591 -1.063374
0.094918 0.024800 0.026994 -11.681748 -4.185115 14.644247
0.594630 1.211000 0.553080 2.751533 12.331121 6.701884
-0.105420 -0.032571 0.194110 17.663646 10.463627 3.798831
-0.034911 0.189190 -0.191420 4.310483 -6.918765 4.407811
0.097725 0.288470 -0.124820 6.003004 -12.838796 9.154848
-0.223740 -0.176600 0.133380 -3.944346 10.489002 1.378983
0.309350 -0.146080 -0.097969 24.345240 -6.506915 -5.682279
0.147250 0.382200 -0.379210 6.806610 -19.161632 4.492519
0.020240 0.088141 -0.393560 -10.520636 6.174762 4.198304
-0.228360 -0.240920 0.353920 -23.456892 -26.852970 19.915625
0.441600 -0.313130 0.322990 -3.571591 8.086179 -1.280414
-0.029617 0.064662 -0.178590 -0.670604 1.286444 10.912067
-0.192520 -0.131610 -0.035029 3.603077 7.045001 -19.360549
0.590570 -0.286750 -0.472230 22.577516 -5.344111 5.566518
-0.006500 0.097746 0.004487 18.701361 15.466321 7.891650
-0.024505 0.016048 -0.073158 9.597626 -16.622528 -1.339383
0.307120 0.029601 0.061230 35.625251 6.146876 1.816187
0.016637 0.117760 0.298770 5.689899 4.312286 21.431310
0.184440 0.161640 -0.180150 -1.206477 4.817288 12.823918
0.579180 -0.230750 0.005002 -0.512433 -3.297568 1.292125
0.134720 0.123900 0.079088 -16.413593 -23.466139 16.978257
-0.028202 -0.138470 0.041918 2.983688 -6.943260 22.812245
0.096490 -0.134850 0.013707 22.264467 -10.111492 5.538006
0.121710 -0.103250 0.244640 -4.438936 15.579446 -2.455850
-0.084969 0.120130 -0.413080 0.390583 -0.393417 4.530754
0.159020 0.045106 0.434220 -0.472827 -7.529806 21.481302
0.040387 0.052908 -0.006054 9.688010 48.757403 -50.248690
0.233710 0.156320 -0.058029 -4.691567 -4.670969 -15.322337
0.377150 -0.238540 -0.165090 4.687009 -10.638623 -6.718834
0.017746 0.118560 0.034702 14.201480 -7.737578 -2.178358
-0.178000 0.040780 -0.103340 2.316361 -8.058699 4.655635
-0.094247 0.021702 0.042880 -12.483887 12.911942 -3.894420
-0.014750 0.018553 -0.658830 -9.667583 -4.983483 -38.590749
0.163990 -0.549220 -0.257820 24.198627 -21.724549 -14.926878
0.102620 0.216590 0.057257 18.985236 8.438371 0.584317
-0.107100 0.057355 -0.019962 7.532897 -2.941276 7.919126
0.076681 -0.236990 0.279500 -10.549305 -16.483301 -11.496729
-0.182890 -0.110560 -0.185830 14.048693 15.828242 6.042704
0.563440 -0.045692 -0.634890 -7.257299 4.022432 -12.143157
-0.065544 -0.002973 -0.024253 -7.354951 3.943848 -17.421717
0.387270 0.020585 -0.057568 -15.552945 7.962925 -8.336626
-0.062798 0.520290 0.839260 3.801797 -9.649647 -26.255967
-0.186590 0.280700 -0.077920 -0.979828 4.997966 12.705307
-0.039090 0.013997 0.020233 -5.637356 4.282428 5.650386
-0.132610 -0.205700 0.091957 -30.751888 -4.945237 15.188517
0.060406 -0.111230 0.038258 -5.762408 2.320569 3.123958
0.117010 -0.077551 -0.005335 -27.055663 2.932793 -0.154149
0.291620 0.013994 0.160940 5.761164 21.452221 18.247607
0.301720 0.183540 0.288540 -4.674418 -15.934455 -0.633382
-0.126800 -0.105100 -0.065672 28.663046 27.255417 5.144443
-0.299190 -0.533110 -0.159430 21.656486 34.157385 -3.569207
-0.084957 -0.045063 0.229310 -3.381209 22.618618 -0.789898
-0.222130 0.314850 -0.298320 -0.800769 4.073813 -24.854893
0.223070 0.155580 -0.073891 11.457088 4.704958 6.540773
0.082634 -0.040931 -0.603130 6.197437 11.923295 0.389043
0.650490 0.338490 -0.381460 25.508643 11.678965 -15.028045
0.011987 -0.019887 0.240740 0.929245 8.870751 -8.823804
0.091501 -0.141610 0.124220 -15.644198 -10.590168 1.552633
0.215120 0.121490 0.009215 -2.273812 -13.512215 -22.865312
0.003934 -0.032751 0.055200 -3.278745 1.779256 -6.003650
-0.147560 -0.036313 -0.100130 17.750764 9.965862 2.848013
0.273170 -0.173680 -0.494730 -4.898149 5.758323 14.328298
0.117390 0.045436 -0.159210 -18.802080 -0.307963 -27.283782
0.032070 -0.244620 0.035475 -2.950948 13.257676 1.261451
0.030130 -0.273020 0.257810 40.906455 -19.049349 38.017639
-0.014400 0.143030 -0.296130 0.820126 10.919188 12.496259
0.119110 -0.092346 0.141030 2.951991 2.593859 -2.603844
0.302110 -0.113520 0.284340 31.238437 -40.304188 32.775426
-0.680680 -0.339500 -0.837620 -17.101069 -0.633189 -3.434126
0.031381 0.134740 -0.108670 -5.601527 1.064991 10.408150
0.083729 -0.285530 0.074235 0.249736 -1.708382 -17.644389
0.343350 -0.026294 0.000468 9.600910 -7.547074 -7.087864
-2.317400 -0.481850 -0.200450 48.276009 11.705192 5.505771
0.112660 -0.446470 0.186100 11.024340 -12.796200 0.449181
0.550320 0.031698 -0.225720 1.238602 -4.533253 -1.643633
-0.240470 -0.026810 -0.718750 -13.986007 2.439816 7.889780
-0.160580 0.351470 0.091259 19.085830 -8.141348 -4.192417
-0.164530 0.184180 0.192290 -7.361643 17.440527 -0.790637
0.811870 -0.140970 -0.091897 -39.410908 -4.541732 6.060401
-0.016454 -0.435140 -0.061631 28.761915 7.629543 -9.119710
0.137480 0.061342 0.465360 7.775451 10.883450 16.211019
-0.058811 0.202290 -0.156890 0.253667 4.760457 5.390159
0.178880 -0.018408 -0.231710 -3.291929 -7.364629 14.699158
-0.217090 0.136720 0.083159 -13.924385 6.378001 23.050775
0.280490 0.487570 -0.188290 26.597222 9.452547 -17.396316
0.133580 -0.171080 -0.069475 3.759988 3.359867 9.260520
-0.093579 -0.087440 -0.049440 -2.689740 3.513646 -14.984731
-0.256300 -0.234530 -0.566710 0.862878 12.142005 19.368288
0.013753 0.202770 0.795060 -2.962040 -16.014177 -27.149719
0.026917 0.093971 -0.170660 5.108379 0.286612 -3.882872
0.249570 -0.072481 0.513880 -6.629562 -1.051753 -11.401027
0.384600 0.276830 0.157450 22.887844 7.222776 -9.819490
0.100730 0.237530 -0.126300 -13.055079 -0.019032 -25.135057
-0.016474 0.139830 -0.061483 -0.985363 -10.395988 -11.598368
-0.284990 -0.196120 0.114360 -22.395920 -3.358301 16.662635
0.006649 0.115500 0.112330 -8.236895 30.332405 -1.863901
-0.316880 -0.235110 -0.089185 -4.428889 -4.214108 1.298399
0.066112 -0.141660 0.045406 -3.389002 -22.564344 -16.941714
-0.394410 -0.649320 0.246690 -6.724090 -13.274479 4.635857
-0.184040 -0.193440 -0.250520 7.167805 -6.077796 -4.294045
0.262620 -0.266600 0.121710 -3.323480 5.878890 -11.732673
-0.115670 0.021333 -0.207070 -25.226479 11.556542 0.373442
-0.318910 0.341860 -0.234690 -7.592244 -4.473944 -5.647337
-0.067154 -0.099660 0.155370 0.465921 -10.392640 27.552730
0.165020 0.111930 0.092070 6.271995 -12.764439 27.612170
-0.057802 0.241460 0.107740 32.817348 -26.669956 -8.012272
-0.552200 0.264890 0.248110 12.025636 -1.158305 -7.044825
-0.228120 0.296070 0.311380 -22.354935 12.475016 13.232245
0.147170 0.111530 -0.136310 -27.036450 -19.408203 10.299461
-0.176810 -0.241130 -0.265620 1.725467 -9.024965 -11.484570
0.067270 0.012524 -0.781000 3.410096 -2.720362 24.219791
-0.231750 -0.320280 0.031274 1.462973 -39.725140 16.823979
0.047901 -0.147000 -0.260150 12.900272 -13.818173 -11.782945
0.669490 -0.210450 -0.234220 4.640548 7.703120 3.427699
-0.527490 -0.061976 0.093914 5.790637 4.265601 2.577161
-0.007702 0.159700 0.219390 -17.069617 -19.131584 -17.405899
0.778260 1.072900 -0.264220 9.275348 13.870785 1.862032
-0.158280 0.195740 -0.055859 -7.836419 2.673146 6.483961
0.155170 0.030836 0.003183 -0.311987 13.779264 4.908850
-0.275990 0.051053 -0.133510 -0.953457 -4.498257 0.092373
0.487720 -0.416380 -0.232970 -20.368391 -11.008854 4.276140
0.028377 0.258240 -0.048549 3.862551 13.068618 5.010446
0.010679 0.006366 -0.045751 24.951008 6.871879 -14.274243
0.097928 0.398490 0.344420 2.072500 -12.102006 14.243002
0.038998 0.192010 -0.030926 -0.744167 2.233563 -2.977627
0.247940 -0.062191 0.117000 -1.413803 12.840832 -5.425583
0.095059 -0.001722 -0.031861 62.230028 9.210267 -34.622706
-0.095891 0.167230 0.119280 13.265278 2.485884 14.575890
0.030985 -0.050020 -0.109870 23.297703 -22.212687 -2.697845
-0.321290 0.157530 0.158320 1.359831 -3.522995 -1.241010
-0.450730 0.233490 -0.114740 5.913569 12.434779 -5.206220
-0.562720 -2.511000 0.655700 4.693308 -1.556940 1.772562
0.081074 -0.135610 0.081804 14.769265 -3.212139 -4.062807
-0.012838 -0.268040 -0.251030 1.142182 -12.604145 1.569558
0.352830 -0.118850 0.201530 0.466738 -9.051002 0.611845
-0.141150 0.228150 0.156890 18.525380 -22.166836 -28.217024
-0.075677 0.255700 0.010367 6.572108 -6.870241 18.560427
-0.052746 0.079875 -0.043644 10.049416 -6.298491 -8.084196
-0.102110 0.046780 -0.125760 6.581112 -17.674154 9.784374
-0.053593 -0.023501 0.068261 -3.229324 7.889189 -19.009915
-0.138980 -1.035000 0.297290 -3.417013 1.943235 -4.292408
0.058932 0.099036 -0.069846 17.169246 3.218992 47.774648
-0.421030 -0.405880 -0.012995 22.397538 27.521182 8.658515
0.149950 0.197410 0.035845 -2.047017 -25.288156 -6.522068
-0.172790 0.340870 -0.090651 -1.147222 -22.163337 4.004466
0.399320 -0.063873 0.464980 6.533053 -11.574305 8.151463
0.108840 -0.205110 0.234140 -5.168151 5.382673 7.130101
0.010113 0.027970 -0.054282 -5.692895 -6.717931 0.994954
-0.028855 0.096388 -0.157130 -5.142300 6.536945 -5.829034
-2.343000 -0.501140 -4.922300 -10.524014 -1.608880 -21.674967
0.252190 -0.076231 -0.029117 18.447805 -13.275903 13.874320
0.191210 -0.252840 -0.206560 -10.284249 -2.611604 -0.486261
-0.380560 -0.566220 -0.005560 -8.392349 11.292468 6.218144
-0.092917 1.901500 0.367570 -0.477336 -3.543477 5.521897
0.115560 0.032459 -0.310520 -2.546354 1.897772 -4.787573
0.056553 -0.054758 0.050367 2.963927 -8.925948 -12.361370
0.040702 -0.035054 0.045183 5.777056 -0.804414 -21.480487
0.274110 0.088102 0.723450 2.437926 -9.107030 -1.976404
0.115760 0.206720 -0.627320 10.989219 7.069510 3.341157
0.015979 0.017164 -0.072057 -16.998137 -11.891085 18.004590
0.125040 0.041828 0.064148 -12.527526 12.867049 -18.412994
0.022860 0.087563 0.050240 -24.935270 -14.631426 -5.412591
0.337330 -0.599330 -0.259670 15.557378 10.986044 -7.932019
-0.194020 -0.340450 -0.018440 -9.285902 -7.499389 -16.865701
0.046141 0.201480 0.302490 -4.837228 4.867585 -3.061512
-0.026106 0.069295 0.190010 -9.533687 -3.217549 15.968866
0.550840 -2.091300 0.509000 -0.389918 32.901413 -8.675133
-0.054591 0.002585 0.073829 6.881345 1.899806 24.631791
0.006931 0.193710 0.054199 -1.833323 20.772493 15.097424
0.056268 0.063750 0.180000 8.156119 6.363373 -21.412961
-0.015858 -0.036495 0.063645 3.754064 -13.793335 2.312030
0.081013 -0.011046 0.025643 21.125799 -14.016330 11.519291
0.168890 -0.066845 0.133290 26.451062 -8.621403 33.886866
-0.383330 -0.183350 0.473180 20.709048 19.780607 -10.053067
-0.162750 -0.159920 -0.009601 7.838728 29.232431 -3.621012
0.146980 -0.013565 -0.154140 0.432175 2.006499 -11.039441
-0.123840 -0.005375 -0.114160 12.727446 7.196555 -17.322101
-0.003172 0.104390 0.334680 4.068444 19.653908 17.115339
-0.202060 0.159740 0.021208 1.602670 5.393092 1.143648
-0.154250 0.222280 0.311880 11.426212 4.486273 -13.756179
0.118440 0.187970 0.162400 -4.927135 17.529641 -23.941132
0.162020 0.130440 0.049128 -8.587754 3.065976 -4.959315
-0.090180 -0.261760 -0.304420 0.770945 13.092294 10.037296
0.301750 -0.114620 0.018633 -4.217962 8.284945 2.377983
-0.093608 0.024580 0.078252 17.418300 -6.027841 1.699131
-0.129410 -0.122650 0.014615 2.288755 -11.084570 -12.544113
0.084053 -0.236710 -0.629360 -7.712331 24.294227 39.759002
0.408650 0.119580 -0.018414 -7.717604 -1.550783 -5.984911
-0.750030 -0.624150 0.121890 -25.488586 -28.081050 -5.975793
0.154010 0.266240 0.456810 -9.651063 -8.388728 -27.648184
0.010543 -0.188590 0.065595 -1.139584 -28.727535 20.926174
-0.021891 -0.202370 -0.047938 12.791608 29.261271 -15.200603
-0.108090 -0.026961 -0.143670 5.151731 10.386549 9.907798
0.506870 -0.528700 -0.309510 -17.403867 -5.546367 -8.035916
0.980370 0.618590 1.317400 -33.714947 -21.920246 -42.675269
0.024326 -0.258650 -0.014113 3.515618 -7.923662 -0.256336
-0.217460 -0.166590 0.384980 -20.385418 -5.339440 26.413419
-0.193280 -0.148100 0.050890 9.275987 18.266559 -10.010435
-0.242220 -0.157230 -0.057351 10.961557 -8.957169 18.330861
0.094910 -0.126570 -0.013404 0.493321 2.860011 1.899036
-0.349590 -0.302440 -0.227140 8.662582 0.898800 3.935627
0.353310 0.006647 0.015884 7.728432 -4.996437 0.072905
0.156320 0.263460 0.040144 1.109902 6.421381 -2.606300
0.266790 -0.013411 0.362720 5.890334 -10.031189 10.644952
-0.411870 0.250440 0.066943 -18.841232 20.657229 1.799270
-0.025645 -0.019649 -0.159450 19.747112 2.283656 30.839463
-0.218970 0.321100 0.173780 4.088654 8.701593 12.069675
-0.012046 0.118070 -0.146270 -4.650547 1.114100 -20.304936
-0.097020 0.105800 0.137740 5.060865 -4.028336 11.826103
0.048033 1.165600 0.210160 -2.970007 15.901001 -4.440133
0.143570 0.195260 0.132960 13.998007 6.761721 22.840994
0.117200 0.189020 -0.021001 12.319985 29.558514 4.323510
0.064654 0.043668 -0.244190 21.719903 8.245052 -15.148462
0.018044 0.008006 -0.091930 -17.627401 -16.228187 7.084611
-0.095455 0.004694 0.056654 -6.282753 9.497588 6.911052
-0.126210 0.183030 0.168730 -15.833598 4.007726 19.996341
0.144590 -0.510810 -0.900680 2.492389 -3.571641 -21.230344
0.083856 -0.016977 -0.212340 -6.777141 0.508306 -17.754023
-0.150980 0.656380 0.096662 5.685302 -53.623537 -9.571742
0.352610 -0.776490 0.262950 -5.183279 -7.777069 1.913228
0.274860 -0.174250 0.397530 -8.823710 20.090075 -16.545078
-0.210600 -0.493190 0.229380 21.593876 25.360705 -6.288863
0.029627 -0.060323 -0.158540 12.120131 5.500288 -7.724160
-0.065428 0.291790 0.177010 -0.494196 21.535413 16.709245
0.147540 0.141390 0.063875 -2.354544 -17.453852 -6.080464
-0.104040 0.094498 0.065951 -1.676014 9.075402 0.220269
0.015712 0.057928 -0.051443 -12.402363 12.029236 -4.809439
0.122430 -0.025218 -0.217410 -21.354636 1.736824 22.940433
-0.127620 -0.005152 0.151820 -3.938054 8.234545 3.532859
0.077370 -0.082671 -0.111150 0.357734 -4.855749 -23.265656
0.136610 -0.279010 0.210450 5.368770 6.921605 1.931436
0.260460 0.338910 -0.172820 7.476579 3.428727 7.234036
0.096654 0.445300 0.226810 -11.305199 -16.023315 -13.447646
-0.112230 0.156170 0.212660 -14.542405 8.769995 16.507920
0.105140 -0.140770 -0.047860 -20.793696 4.008976 -6.877739
-0.210430 -0.047412 -0.205100 7.370480 15.721000 31.054099
-3.867200 3.433200 1.454200 22.031417 -19.526232 -10.135517
-0.443120 1.002500 0.864040 11.878264 -2.519253 -3.108033
-0.219910 0.292840 0.437640 -35.648616 33.235699 14.367450
0.230750 -0.290270 0.070463 7.688561 -18.078271 -0.852174
0.048251 0.143940 0.150340 5.694555 4.719082 -11.412309
-0.117170 -0.036050 -0.079712 -12.970616 -20.413279 -2.822968
-0.041395 0.137200 0.493400 -3.900396 17.645760 0.148771
-0.064178 -0.522560 0.550020 -16.048525 -2.913620 -0.927350
0.216740 -0.175120 -0.053609 -35.498274 2.468044 3.383855
0.701330 0.161680 0.591970 -15.623678 2.658439 -6.836110
0.293050 0.014151 -0.131980 -16.693395 -10.826976 -2.161104
0.080114 0.196860 -0.071572 30.966372 -3.933113 -13.646620
0.156640 0.139230 0.121290 -10.367930 0.380457 -18.499302
0.040022 0.362840 -0.526630 4.112715 4.215357 -0.469041
-0.363070 -0.105240 0.138180 6.187176 -4.235755 6.538334
0.010135 -0.006239 0.100640 1.706091 13.090504 1.189322
-0.047448 0.220920 0.357290 -6.999409 22.738976 22.854898
0.509410 0.563530 0.670610 -12.092305 16.717426 -2.238519
0.296710 -0.049468 -0.020418 -9.470616 -15.178012 -39.617325
-0.122100 -0.812770 -0.344290 -3.631912 -13.045580 -14.357925
-0.135570 -0.121980 -0.205480 -12.237917 -8.857518 1.295982
-0.100060 0.178970 0.022423 31.890641 -4.975959 -26.147940
0.118560 0.124180 0.204720 -12.039438 -12.890749 3.472894
-0.160840 -0.114270 -0.344920 8.217867 13.037830 15.393515
0.190750 0.020059 0.073953 -18.091999 -1.352556 1.623209
-0.378130 -0.333180 -0.232150 2.582710 -3.525452 -8.719179
-0.020476 -0.018670 0.140370 -10.646973 15.007354 -2.731707
0.002429 -0.127080 0.010070 27.370060 -23.836464 -50.931050
-0.075286 -0.005235 0.399610 7.977035 2.569175 4.615960
-0.294430 0.174270 0.085989 12.574941 5.590386 3.380536
-0.372110 -0.132120 1.124800 -1.239773 7.327791 8.726381
0.135410 0.366620 -0.040017 -4.538085 -11.159717 6.197844
-0.003015 0.129170 -0.019449 -4.413031 3.461674 -5.534703
-0.121190 -0.038425 -0.098587 -14.812650 -7.249905 -0.540123
0.229340 -0.419720 0.079041 16.936826 -18.547260 -2.188442
0.056678 -0.061064 -0.252390 0.390557 -15.640925 -7.822057
0.003233 0.086771 -0.030343 6.301741 1.534473 8.040214
-0.156320 -0.179430 0.040593 -7.994134 13.102325 12.402848
0.244350 0.244330 0.610470 20.222389 16.628636 28.027858
-0.165060 0.015674 -0.216500 12.276320 -6.545951 40.925492
-0.287970 0.204140 -0.099586 7.499612 -3.663260 -7.009739
0.171140 -0.084197 0.087993 -20.831453 12.630639 3.527546
-0.040325 0.023465 0.063781 -6.836320 -3.498779 21.679049
0.057607 -0.097747 -0.001946 -2.950526 6.903454 4.875258
0.118830 0.059024 0.033488 -0.616284 2.252300 7.481102
-0.030711 0.817110 0.214060 8.242939 3.924145 -7.960796
-0.288080 -0.000154 -0.160630 -18.897109 2.757715 7.137122
-0.019775 0.019799 0.039827 -23.602052 8.547742 -28.629354
0.116480 0.270740 0.030747 6.779807 -1.016316 6.904558
0.319190 0.237060 0.139110 -18.302662 -43.156325 -14.563513
-0.199070 -0.107860 0.051068 3.182824 -11.696951 8.811438
0.093624 0.073455 0.075483 11.368031 11.583220 -9.822647
-0.171320 0.377290 0.247640 5.798450 -35.633300 -14.380040
-0.192440 0.102770 0.172310 -8.726622 6.752830 6.848026
0.232020 -0.077710 -0.108790 15.292204 -8.389500 11.954540
0.159600 0.107440 -0.024137 -13.693974 -20.184785 1.416756
-0.061712 0.069422 0.028961 3.445264 16.563118 10.638522
-0.120890 0.260840 -0.104660 -5.397723 11.023348 2.067052
-0.058718 0.044443 0.187370 8.907720 -4.216754 3.719609
-0.023156 0.431310 -0.159490 6.176288 18.490264 6.939779
0.216570 -0.062421 0.059627 31.076453 5.647348 6.921036
0.366090 0.221860 -0.282740 -12.408690 -4.259534 2.956731
-0.026034 -0.370050 -0.520680 -6.458101 -18.209337 -14.150084
-0.242430 -0.129140 -0.054794 -5.245119 6.291783 -7.096892
0.282380 -0.337820 0.418470 -23.033990 14.351118 -17.009779
0.134720 -0.658030 -0.453540 -8.257537 -7.280712 -0.226177
-0.364400 -0.927450 -0.228850 -5.134007 -3.038189 -1.353875
0.059664 -0.048485 0.190410 6.657533 -2.142384 -4.996107
0.178080 0.310160 0.116000 9.544221 28.369051 -22.456759
0.180570 0.147920 -0.247300 2.657099 -16.487466 -0.091724
0.146540 -0.017615 0.028471 35.015888 12.650645 5.555917
0.185710 0.039800 0.060595 9.231607 5.098246 -13.132266
-0.191640 -0.176460 -0.038069 1.291938 -7.050016 -15.241370
-0.050864 0.157050 0.048582 -29.739745 -7.784037 0.816121
-0.184030 0.067045 -0.002121 30.355102 10.991021 28.913146
-0.345360 0.191960 -0.077457 -29.200401 -8.523202 -10.247478
0.024372 -0.008457 -0.159100 4.719625 5.460663 -0.300748
0.091787 -0.072230 0.145100 18.601754 -14.871345 -1.860579
0.027707 -0.035622 -0.215300 8.332101 1.210975 2.140289
0.373640 0.192490 0.267060 1.842993 2.409939 6.418015
-0.111340 0.142530 -0.096653 3.907519 -9.542665 -5.509391
0.073511 0.111180 0.068749 10.819607 5.367973 -2.991263
-0.015779 0.195970 0.157310 5.809085 -11.449806 -45.032301
0.344870 -0.193890 1.253000 -2.347933 8.509848 -33.542878
0.289510 -0.069485 0.091701 6.355304 1.998336 14.172584
-0.253220 -0.145530 -0.117180 0.635111 3.887207 5.478621
0.241130 -0.206560 -0.116010 -26.762968 11.165046 50.167938
-0.115140 0.157950 0.102470 -2.461206 -2.645082 15.471538
-0.080633 0.248910 -0.013297 5.429768 6.445213 8.183197
0.273520 -0.095363 -0.163430 0.678073 -22.959821 -5.345455
-0.125950 -0.165890 0.171660 11.385271 15.259635 6.459258
-0.093459 0.081674 -0.315860 6.226279 -5.552375 9.695406
0.061203 -0.192490 -0.195640 2.849979 -4.768329 -7.425343
-0.590190 -0.289130 -0.154400 33.361681 0.164083 6.364996
0.106350 0.014091 -0.092044 -9.284288 2.658646 14.167431
-0.114700 0.165150 -0.070919 13.832400 -2.638509 -10.397470
-0.133070 0.004653 0.042416 -10.327985 -10.721341 1.881853
-0.335160 0.244390 -0.378520 20.986883 -6.912700 1.589032
0.481630 0.029203 0.047062 10.893531 -3.282532 0.428356
-0.716830 -0.941190 -0.242650 -21.475498 -13.963312 1.756468
-0.071973 -0.078429 0.227880 -24.098234 -6.556574 14.121244
-0.122950 -0.214470 -0.144460 10.859562 -2.125162 4.136624
-0.070332 0.038576 0.027218 -2.254764 -4.304258 1.076947
-0.033533 -0.032717 0.365250 -0.083914 3.567671 0.555782
-0.302020 0.273860 -0.032678 -2.491437 13.514427 1.429656
-0.165160 0.210100 -0.020649 -8.349972 14.480833 -4.489406
-0.013109 -0.151230 0.135190 -5.680448 2.864018 12.647056
-0.210300 -0.066789 0.082790 -8.483017 3.849479 11.721814
0.149940 -0.072735 0.031646 -0.222383 6.920072 2.256174
0.118900 -0.049036 -0.117620 -10.741027 -0.642828 3.483540
0.268300 0.191960 -0.118740 -8.626966 3.984785 -4.895384
0.242590 -0.375480 -1.129500 4.548378 -4.253622 -4.769967
0.798660 -0.446160 -0.439930 -8.418611 8.553163 -0.349951
-0.083189 -0.125880 0.607160 -0.275662 0.930321 37.169511
0.183350 0.365560 0.423980 4.265668 4.207950 10.775742
-0.102440 0.227050 0.078863 7.179958 -7.964916 1.228503
0.225070 0.017053 0.538470 -0.798423 -12.308462 -3.633132
-0.346840 0.270030 -0.399570 36.340377 -37.544205 41.850391
1.566400 -0.591100 0.437700 3.634504 -0.906469 0.858750
0.579450 -0.352690 -0.045605 9.397507 -15.155557 -7.642685
0.072404 -0.148680 0.090545 -20.173614 -16.606097 67.888315
0.211880 0.219660 0.032206 4.443475 6.681793 17.302050
-0.073925 1.059200 0.285920 1.018890 -1.620251 1.578672
0.019828 0.140910 0.329430 -1.639999 -9.419571 -4.418528
-0.468320 -0.291410 -0.230180 -8.471939 -11.431661 -5.629786
-0.123060 -0.293820 0.243870 -6.189779 -15.811791 15.652636
-0.026187 -0.244550 -0.111740 -4.809992 0.015955 19.510461
0.132340 0.074425 -0.117780 -3.279823 -9.815701 -5.733623
0.288620 0.211390 0.245380 -4.017214 -0.935013 1.036464
-0.029328 -0.102440 -0.305070 9.730663 1.948890 -6.786661
0.360800 0.042388 0.077855 0.114658 -2.775129 11.740885
0.040251 0.165910 -0.040847 4.873306 0.218683 2.043229
-0.705510 -0.006960 -0.718330 -9.062380 0.475363 -7.900724
-0.158430 -0.418430 -0.509310 -10.978076 -20.588287 7.142900
-0.113500 0.550360 -0.271350 -12.685518 32.786163 -37.583449
-0.387180 0.223870 0.142860 10.076426 4.654179 7.676469
0.193160 -0.011765 -0.131830 -0.964601 -3.486431 1.204007
0.066382 -0.120630 -0.008319 -1.405699 -5.772554 12.059319
-0.134420 -0.113050 -0.025224 11.557581 3.729097 13.551582
-0.057251 -0.113830 -0.271740 11.835097 -0.432547 -18.826644
-0.521380 0.447770 0.129390 17.711797 -6.806537 -13.200833
0.284890 0.023929 -0.284610 -17.607668 1.675156 -3.657465
0.072379 0.273800 0.099110 17.390968 6.357463 4.928613
-0.189920 -0.177320 -0.005634 16.596570 -3.705286 -6.409179
0.065552 0.060895 -0.057295 -28.483002 11.677062 -7.791092
-0.381120 0.114820 0.050092 20.452765 -19.342287 -15.411327
0.294370 0.290380 0.143470 -2.466731 8.000717 -6.584278
0.138490 0.378500 -0.271560 -27.993947 -32.494270 20.440644
-0.096648 -0.015272 0.059647 21.259505 -6.402601 -28.010430
0.083851 0.187800 0.103660 21.719514 -14.688056 16.600784
