0.769710 0.292940 0.290120 -9.060800 5.112600 -4.405400
0.609580 0.680980 -1.110400 -12.657000 -7.233800 29.750999
0.150550 0.096017 0.547670 0.604500 1.345600 -5.247400
-0.465830 0.007305 -0.532510 -5.041400 0.605880 -9.079500
0.106730 0.219010 0.113400 -1.176900 2.783400 6.297600
0.193910 0.124270 0.149370 -1.230800 -0.908340 -1.096000
0.177310 -0.046416 -0.276870 5.010000 -5.666400 5.125300
-0.051638 0.061830 0.009198 -4.032300 -4.781400 -1.028700
0.118080 0.212750 0.153190 -8.298700 15.037000 12.303000
-0.192230 -0.221990 -0.049899 -6.929700 -11.647000 -5.829800
0.102970 0.099370 0.150610 -0.551720 0.870470 -21.131001
-0.046993 0.047089 0.181020 1.991100 11.206000 3.463000
-0.042912 0.344900 -0.160990 -2.923500 33.657001 -13.009000
-0.956690 0.013647 -0.085118 29.500999 -8.213200 -2.399500
0.004133 0.072089 0.158130 6.598800 4.309400 -15.113000
0.400770 -0.020044 0.134150 -58.285000 -2.144500 -13.790000
0.308310 0.224130 -0.155830 -18.413000 -23.459000 3.974900
-0.499070 -0.399280 0.200390 -11.056000 -5.084300 -1.613700
0.044754 -0.221880 0.147420 13.240000 -12.511000 4.273600
-0.253130 -0.129360 -0.138340 46.785000 11.730000 1.587300
-0.240560 0.455790 0.093920 8.660900 -21.020000 -2.268200
0.003706 -0.395030 -0.205070 -7.507100 -13.784000 7.103000
-0.226420 -0.000526 0.051453 15.191000 -2.046000 12.233000
0.115630 0.328760 -0.312600 -0.093026 5.993700 -10.450000
0.023698 -0.343800 0.063901 -1.144900 -7.698300 21.274000
0.012611 -0.162100 0.006350 5.570900 -6.273200 15.098000
0.032766 0.046543 0.030989 7.380900 19.955999 -13.938000
-0.036352 0.241400 -0.389160 -21.209000 10.556000 14.176000
0.839430 -0.744430 0.329690 -45.806999 45.391998 -20.275000
0.362570 0.165780 -0.143730 23.500000 7.344100 -15.127000
0.062164 -0.262170 -0.086605 -7.017900 1.590500 -2.269300
0.053310 -0.051563 1.318300 -0.109260 7.005600 -9.213100
-0.213530 -0.042108 0.291460 10.779000 7.286600 -7.392900
0.144070 0.331250 -0.786190 7.386200 -10.711000 4.762700
0.050557 0.065080 0.286740 6.535500 6.535500 5.969000
0.041828 0.169330 -0.165730 -6.279100 16.870001 6.838200
-0.336600 -0.060558 0.031245 -4.653100 -2.244700 2.139800
0.363110 0.678560 0.068692 -4.369500 6.018500 0.935440
-0.064619 0.030221 0.525760 7.686000 10.698000 -0.911120
0.446290 -0.120020 -0.372760 -7.737300 9.926600 8.979400
-0.173200 -0.055008 0.158610 -16.355000 2.189200 23.379000
0.074346 0.113790 -0.069998 1.030300 -8.086500 -8.781000
0.092895 -0.084414 -0.239960 -40.866001 -0.247850 4.560600
-0.238910 0.010367 -0.088306 -15.821000 -5.126400 -1.617100
0.129790 -0.402240 -0.000886 5.015700 -16.584000 -20.487000
0.281020 -0.604300 -0.301150 11.947000 -18.577000 -16.062000
0.003737 -0.065801 0.027211 -12.910000 24.930000 8.320400
-0.927820 -1.098900 -0.551500 -27.782000 -34.919998 -11.014000
-6.625000 1.237700 -2.632200 29.561001 -5.401100 11.397000
-0.126800 -0.105100 -0.065672 26.572001 29.601999 8.424600
-0.159310 -0.246040 -0.217530 3.773400 8.559100 -1.357500
0.026682 0.059384 -0.114970 32.605999 -66.692001 -53.755001
-0.032290 -0.097886 -0.180970 -9.749300 -7.768700 -11.547000
0.209730 0.065502 0.199960 -3.064600 5.921900 -38.943001
0.127870 -0.031806 0.017311 -22.375000 4.142300 -31.966000
-0.287110 -0.457120 0.249590 5.714800 -3.558700 12.997000
-0.118390 0.327690 -0.036361 10.883000 -2.800400 3.442800
0.270120 0.443870 0.181640 -3.544900 -6.570400 -7.906200
0.183350 0.365560 0.423980 2.169600 5.287900 12.403000
-0.261650 0.031325 -0.384740 -2.787400 -3.471800 -7.647400
-0.328430 -0.011807 -0.010282 9.957100 2.391600 -0.152650
-0.027042 0.010843 0.124330 -1.892800 6.480700 1.250600
-0.127040 -0.163120 0.372080 3.082600 -10.666000 0.157200
-0.234110 0.640850 0.008260 -3.537300 15.469000 0.802570
0.134560 0.128040 0.085553 4.174000 -16.049999 16.181000
0.004030 -0.007581 0.166790 13.640000 -3.253100 10.152000
-0.018766 -0.045164 -0.065054 -13.885000 7.362400 -17.500999
0.124410 -0.156710 0.007450 1.024800 -14.064000 -10.934000
-0.264390 -0.168410 0.319800 -9.473900 2.579600 -2.904200
-0.068433 -0.332970 -0.158280 11.011000 -25.896999 -4.021700
0.100020 -0.093905 0.071387 16.563000 2.971600 -3.675200
-0.211010 0.084614 0.105510 -5.444500 -10.127000 7.912000
-0.146580 0.140240 0.018084 -26.663000 -6.843200 14.371000
-0.140620 -0.124800 0.089742 -2.742700 -12.265000 -16.186001
-0.040021 -0.675170 0.301540 1.926400 6.983600 3.490400
0.082730 -0.052237 0.009041 1.957800 3.085400 -19.826000
0.129360 0.052091 0.077385 16.499001 -37.049000 19.223000
0.453270 -0.193650 -0.006988 -1.139000 4.642600 3.537000
0.720100 0.561270 -0.047117 -37.131001 -21.188999 -9.893000
0.008711 0.051042 0.044135 23.534000 7.830100 -10.503000
-0.135970 -0.088694 0.052487 -9.002600 28.313999 1.516300
0.003738 0.035403 0.021980 -5.812800 10.192000 11.117000
-0.204070 0.052965 0.109370 8.931700 2.813000 3.460200
1.057500 0.096978 0.042638 -18.059000 -14.385000 1.170900
0.152850 -0.067535 -0.143940 -8.208300 -10.100000 1.668800
0.155170 0.030836 0.003183 -3.839300 9.772600 1.701400
-0.102480 0.094532 0.001651 -6.959600 11.873000 2.416700
0.149430 0.506260 -0.294610 -4.383300 -46.916000 3.143100
-0.135750 -0.129260 -0.098787 14.717000 11.435000 -19.082001
0.192680 0.175980 -0.247930 5.609900 -8.577600 -5.440800
-0.047885 -0.263560 -0.054960 1.768400 -2.771600 12.790000
0.233430 -0.606270 0.023995 6.418700 5.742000 13.938000
-0.052936 -0.195580 0.241560 16.916000 11.582000 2.454000
0.051881 -0.405860 0.255000 6.585600 -6.862000 -2.655900
-0.135050 0.060974 -0.091741 -5.285600 -2.177900 -3.846800
-0.111970 -0.286490 0.257710 -2.510200 -13.572000 7.892000
0.118560 0.124180 0.204720 -8.959600 -12.499000 3.446800
-0.347380 -0.083032 -0.151430 21.348000 7.656100 -4.552600
-0.149620 -0.060876 -0.118680 -16.219999 -8.455700 -15.895000
0.508870 -0.097679 0.023779 -2.561400 -7.305900 -5.681600
0.089875 0.147360 -0.286870 4.962700 0.929360 -18.677000
0.190860 0.050404 0.010318 4.537100 13.702000 7.403300
0.222810 -0.109470 0.100980 18.927000 8.158800 6.988800
1.913100 -0.191550 -0.728630 -3.346200 1.470500 3.451300
-0.338710 -0.655840 0.960250 0.447180 -2.286400 4.985400
3.440400 -1.635900 -4.125200 18.809000 -9.215200 -22.201000
-0.005388 -0.096740 0.107530 10.105000 -18.464001 6.341500
-0.019639 -0.046131 -0.251160 -1.977200 2.530600 -16.955999
-0.115980 0.037592 0.187580 5.708900 -5.865900 -20.416000
-0.131030 -0.012326 -0.003937 -3.703100 0.777520 8.858300
-0.178360 0.208320 0.085254 22.917000 -37.629002 -22.736000
-0.137140 0.202890 0.036906 -2.416900 -0.872890 30.948000
-0.051990 0.155030 -0.050153 1.797000 -12.533000 3.443100
0.018783 0.124620 -0.019467 -9.228000 22.826000 -16.851000
-0.175460 0.224760 0.317800 8.845300 0.671920 9.660100
0.080114 0.196860 -0.071572 30.920000 -3.068900 -14.200000
0.056678 -0.061064 -0.252390 3.857000 -11.341000 -6.170200
-0.249860 0.048055 0.184150 -15.859000 -0.006369 2.109200
-0.403240 0.159940 0.132100 -10.054000 -8.062000 -14.397000
0.203470 -0.003409 -0.101820 -12.296000 4.601500 -0.120390
-0.252910 -0.101260 -0.080460 -8.686300 -9.451600 -13.505000
0.119510 0.115590 -0.094579 15.865000 -7.523500 6.697100
-0.334170 -0.029815 0.062434 11.247000 6.675000 7.517100
-0.020563 -0.118920 0.019113 2.165600 -3.463200 9.682500
-0.283790 -1.513500 -0.073120 -0.001736 -2.513200 -0.082749
-0.246120 -0.360610 0.119580 3.136800 8.188300 0.517390
0.100060 0.244000 0.088679 -15.732000 44.876999 15.201000
0.591820 -0.107510 0.260560 -42.395000 8.134000 12.031000
-0.005826 0.083425 0.109660 -6.865500 -2.125800 26.370001
-0.056847 -0.154480 0.370430 -4.844200 52.811001 -17.549000
-0.024800 -0.092284 -0.145840 9.169900 13.133000 13.357000
-0.038052 -0.044922 -0.060686 -13.050000 6.673800 12.616000
0.285600 0.002117 0.127790 7.977300 13.743000 -2.401200
-0.093106 0.192410 0.181210 13.598000 -6.554300 -15.880000
-0.323150 -0.051370 -0.075731 21.414000 13.919000 -9.494100
-0.168100 0.162330 -0.365640 -7.452000 -23.950001 8.587400
0.004231 0.061099 -0.198250 -15.381000 5.844000 17.374001
0.111390 -0.482590 0.125350 19.780001 -12.483000 6.602000
1.013000 1.150500 0.175370 59.571999 71.709000 2.640600
0.376310 -0.016915 -0.153720 -6.665200 13.947000 20.917999
-0.077480 -0.353910 -0.167520 -2.857100 1.434200 -3.037900
-0.002858 0.005799 -0.133830 -3.395600 -0.197310 3.462400
1.574500 0.091595 -1.186800 -17.386999 4.085700 13.755000
-0.025460 0.055663 0.060484 8.344700 18.837999 -2.721900
0.425530 0.326720 -0.097040 33.683998 24.360001 10.431000
-0.121730 0.673980 0.308370 0.942630 -0.749810 -10.665000
-0.701160 -0.030285 -0.050033 0.640930 3.965700 2.038500
0.468720 0.126000 -0.241600 6.984100 0.523480 -4.931000
0.132990 0.124350 -0.634850 -13.817000 -8.141600 -19.132999
0.056878 -0.265510 -0.221350 -13.980000 16.427999 12.262000
0.027643 -0.198510 -0.041881 -10.287000 -6.057500 19.723000
-0.149050 -0.108910 -0.221240 -13.727000 -2.278300 -2.871500
-0.548010 0.205010 0.153650 0.146490 -1.356400 -2.783100
0.589510 0.192060 0.304290 -8.509600 -5.195500 16.149000
-0.129640 0.159930 -0.081446 5.239000 -17.950001 9.241800
-0.339920 -0.091942 0.663820 -1.009500 1.492400 -6.964100
0.210180 0.164840 -0.021950 9.478000 -2.832500 -8.297200
0.086394 -0.324740 -0.068343 9.688500 8.405200 -3.962900
-0.279380 0.043233 -0.024768 27.347000 2.745100 -27.507999
-0.113520 0.471350 -0.014844 -6.774400 2.748500 6.571300
0.186790 0.218130 -0.181930 -0.639190 22.090000 2.891600
0.073283 0.212910 0.709260 -7.538700 13.431000 13.960000
0.499470 0.274420 -0.235630 -1.931300 -30.509001 7.840600
-0.096648 -0.015272 0.059647 19.697001 -9.655000 -27.718000
0.343350 -0.026294 0.000468 12.706000 -7.061500 -5.920400
-0.167540 -0.127280 -0.020949 -3.881000 -27.215000 -0.868900
-0.255420 0.303260 0.115020 14.040000 -13.748000 -23.613001
-0.048518 0.101660 -0.226610 -10.238000 10.096000 29.797001
0.311430 -0.207620 0.023968 -38.917999 12.644000 3.881500
-0.500080 -0.612670 -0.546120 3.513400 5.291100 -1.438900
0.759530 -0.487770 -0.027813 -19.959000 11.753000 -3.843600
-0.211080 -0.108130 0.044004 3.985000 -7.351000 -11.929000
-0.274270 0.126350 0.492610 3.131800 0.336980 6.140600
0.394800 -0.046125 0.185320 28.959000 -12.932000 20.459000
-0.064597 0.136340 -0.037676 -14.653000 0.057899 5.949900
0.057523 -0.037779 0.074269 -19.938999 -9.244600 -6.798100
-0.026532 -0.210870 -0.107090 -27.929001 46.691002 -12.850000
-0.263390 0.075251 -0.147480 29.219999 -12.233000 8.646700
1.291900 0.484980 -0.663040 -25.974001 -2.356100 -0.734790
0.594630 1.211000 0.553080 3.550100 11.221000 9.456500
0.009637 0.082141 -0.043014 44.869999 -2.354000 -12.088000
-0.403830 -0.608920 2.335200 -7.844000 -18.058001 44.316002
0.061592 -0.070612 -0.147680 -11.693000 3.646300 0.691320
-0.319480 0.500730 0.305310 -3.819500 6.392800 4.097300
0.296680 0.042312 -0.054081 3.508100 -28.868000 10.098000
-0.297570 0.250880 -0.100830 -14.216000 -0.661760 -4.484200
-0.147770 -0.200360 -0.038953 -1.582000 18.187000 13.106000
0.159330 0.102840 0.201740 -14.470000 -4.983400 -5.310900
0.102480 -0.376720 -0.011888 2.781200 7.664900 5.617000
0.148980 -0.006868 -0.032032 6.427900 -6.352300 -2.066100
-0.013539 0.957540 0.196510 -2.762700 24.108000 7.266900
0.087549 0.427260 0.091037 -0.816340 -29.094999 7.511100
-0.330070 -0.220280 0.048818 20.223000 7.051100 2.592100
0.196480 -0.162660 -0.183990 -4.329600 3.284300 15.207000
0.149910 -0.223030 0.277030 8.885500 -21.944000 12.927000
0.584460 0.190830 0.064938 8.334200 5.059400 4.209200
-0.040013 -0.163590 0.076651 10.893000 8.860500 12.608000
0.104350 -0.043708 -0.178100 -7.851600 -10.513000 -4.512800
-0.657460 -0.126050 -0.713520 0.654160 1.681100 -3.772700
0.033716 0.406050 -0.340000 -1.631600 -14.514000 -0.855840
0.151530 -0.150440 0.198160 11.541000 -14.690000 -0.848740
-0.003394 -0.155380 0.062307 6.299500 -25.636000 11.147000
0.491120 -0.039378 -0.146850 16.961000 1.257100 8.910700
-1.010100 1.347600 -0.510660 16.021999 -25.714001 8.072400
0.235170 0.099857 0.067427 11.992000 5.484700 -15.106000
0.348660 -0.073964 0.019866 26.311001 6.575600 11.988000
0.402560 -0.071948 0.199300 3.262400 0.393030 2.070900
0.145810 -0.421440 -0.190400 -1.705900 -10.271000 -17.111000
-0.201380 0.080722 0.016278 14.489000 14.672000 2.866400
0.028180 -0.005316 -0.139010 -27.340000 25.296000 5.125000
-0.156560 -0.097564 -0.080712 6.753800 9.123600 5.215100
-0.140850 0.464480 0.329610 -12.761000 0.927830 -4.455100
0.099017 -0.052752 0.117700 0.170850 -12.383000 -8.068300
0.970450 1.303200 0.148330 -20.027000 -11.812000 -2.373800
-0.103800 -0.011851 -0.016823 -4.194000 7.566000 -9.991200
-0.010121 0.159010 -0.196420 -1.023900 -10.088000 2.687800
-0.166200 0.648150 -0.312760 -0.996740 -44.194000 18.298000
0.245950 0.122500 -0.023458 26.351999 11.144000 1.442500
0.012144 0.111880 -0.053010 -4.615300 10.183000 2.331400
0.188110 0.350960 -0.386230 2.779000 4.608800 -2.920800
0.265600 0.417800 -0.076855 4.326500 11.544000 -19.669001
-0.987650 -0.284020 -0.651940 -13.455000 -3.778600 -10.940000
-0.956260 -1.319600 -1.521700 -4.248900 -0.739080 -8.398500
0.102830 0.004929 -0.240060 8.305100 -12.869000 9.903900
-0.083138 -0.212500 -0.468860 3.513300 7.227200 15.445000
-0.007038 0.185060 0.054164 2.231400 10.258000 -4.790000
-0.015337 0.056640 0.055102 -2.904100 -8.290100 17.124001
0.221900 -0.195770 -0.142880 3.847300 -21.091000 -12.644000
-0.092344 0.232330 0.108230 -9.503100 -0.159620 13.338000
0.536630 0.010048 0.423080 -18.511999 -12.836000 -17.068001
-0.140770 -0.414030 0.133220 5.941900 16.511999 -3.612500
-0.070249 -0.301340 -0.128730 0.451710 5.037900 0.131190
-0.462080 0.411010 0.105000 6.416700 -3.508800 -0.122980
-0.220210 0.173810 -0.004185 -5.482000 7.505200 -6.988300
0.052449 -0.201220 -0.008864 4.271000 -6.052900 -0.541670
0.095061 0.023749 -0.022796 9.275900 -1.962500 -0.747650
0.691140 -1.724700 -0.701320 -0.772560 -6.786900 -5.908600
0.204420 0.252190 -0.576680 -1.443300 -3.092800 6.606400
-0.467870 -0.428070 -0.109940 1.748800 8.716500 1.963000
-0.115960 -0.082988 0.004617 -11.886000 1.748600 -10.491000
0.152120 -0.126770 -0.122350 -8.223200 9.777600 13.157000
0.048997 0.216550 -0.074234 -6.754700 4.973900 11.988000
0.010313 -0.075371 0.028744 6.908200 -13.267000 7.196400
-0.217310 -0.041732 0.479610 6.326400 -3.429300 -6.558100
-0.161880 -0.037678 0.038383 -4.421600 18.573999 10.355000
-0.161700 0.192300 -0.082309 10.996000 -9.283700 0.906810
0.292820 -0.012167 -0.011460 -4.953200 0.372230 -1.664000
0.624140 0.484590 -0.720570 -8.726900 -12.648000 4.173200
-0.207220 0.188880 0.200960 0.597970 0.344010 -3.947400
-0.097948 -0.018618 -0.023066 29.846001 -9.344100 4.307600
-0.750520 -0.005569 -0.597620 -2.947800 -0.799560 -3.943700
-0.084480 0.016306 0.303630 -11.880000 3.847700 -32.061001
-0.062974 -0.229870 0.090742 2.825500 -13.787000 0.874760
-0.508040 -0.318370 -0.049324 16.215000 22.482000 -7.598400
-0.176890 0.082980 0.134390 14.081000 8.413400 -20.687000
0.033883 0.511310 -0.512630 -0.045159 9.372700 -15.764000
-0.147330 0.526140 0.019404 -8.759200 7.263500 1.748100
-0.252280 0.090936 0.002446 -10.556000 8.015600 -11.696000
0.026248 0.185660 -0.006896 12.459000 1.340600 21.011000
0.045286 0.006693 -0.040223 -0.291360 -8.465000 -5.009900
-2.103600 -0.656350 1.395100 -34.365002 -6.013500 16.462000
-0.005531 0.072292 -0.031349 5.658300 -2.135100 2.445100
-0.146170 -0.054758 0.069459 -5.703500 -6.823500 2.199300
-0.102720 0.003451 -0.001929 -11.636000 12.326000 -15.748000
0.508340 -0.276930 -0.657460 -13.827000 15.558000 4.226500
0.299500 0.177570 0.198440 23.589001 -5.781000 3.069200
0.077094 0.096433 0.127600 1.235100 3.572600 3.144100
0.130810 0.117610 0.081807 24.917999 20.537001 -24.513000
-0.886690 2.484100 -2.170300 -2.006200 1.107300 -4.416100
0.291210 -0.714960 -0.232340 4.044800 -26.629999 -2.371500
-0.715330 2.567500 3.654100 -1.172200 0.397090 1.346200
-0.229990 -0.362350 -0.108560 -6.128800 -9.558400 -5.102100
0.261440 -0.303320 -0.091409 -5.998300 6.762200 -5.695900
0.363920 -0.421680 0.256720 -5.157800 1.620200 -5.815600
-0.158560 -0.051135 0.062962 5.985200 -4.465000 20.091999
0.114630 0.776200 -0.262080 -7.187000 -13.585000 1.945100
-0.433150 1.120600 -1.671300 -2.457400 10.819000 -20.200001
-0.117790 0.174790 0.352790 0.819850 -4.456000 -5.628300
-0.140010 -0.018233 0.088309 -27.153999 17.239000 -8.742500
0.106000 0.077877 0.150720 -0.280080 2.249300 -4.322500
-0.189870 -0.673830 -1.493200 3.070300 0.550980 -4.466900
0.313290 -0.083174 -0.045561 -0.879020 -15.258000 -2.938000
0.073281 0.365310 -0.163460 2.152000 -15.814000 2.580800
0.302110 -0.113520 0.284340 29.218000 -38.410000 33.126999
0.235330 0.395010 0.090841 -4.838500 -1.063500 -4.189500
0.054232 0.018542 -0.038687 -9.059900 -12.787000 -15.028000
-0.157960 0.322890 -0.524580 5.930200 -4.573600 7.665700
-0.123220 0.318490 0.331820 13.016000 -2.370800 -9.470100
0.123270 0.012993 -0.277730 -2.245400 21.544001 28.476999
0.095700 -0.320530 0.196980 -3.798400 -27.028999 26.728001
-0.093105 -0.061953 0.273890 -15.797000 10.646000 2.375100
-0.247810 -0.157620 -0.309400 22.412001 -8.355400 10.508000
-0.064670 -0.348930 -0.268940 -6.523600 3.872800 7.776500
-0.355680 -0.202960 -0.174490 -17.978001 5.881200 1.015100
-0.197570 -0.572320 0.035157 -4.145300 10.468000 7.322000
-0.527020 -0.269370 -0.427670 -6.689700 0.705720 3.684500
-0.180650 0.084292 -0.089509 5.732500 9.249600 -6.034900
-0.359610 -0.213580 0.065016 -19.896000 -4.970300 -2.015800
0.089376 0.092572 -0.096574 1.614100 -0.739010 10.354000
0.086751 0.076762 -0.082515 1.037200 10.348000 26.129000
-0.157630 0.188910 0.212870 -29.035000 11.548000 10.400000
0.274570 -0.620230 -0.430130 -13.477000 6.107600 14.136000
0.071097 0.133890 -0.001146 -0.263360 24.833000 -37.321999
-0.151570 -0.168260 0.315600 11.006000 3.554300 -25.514999
0.016693 -0.192840 0.039034 -9.853800 9.141000 2.309800
-0.362760 0.583780 1.365500 5.327900 -21.615999 -28.840000
-0.324400 0.339920 -0.532140 -7.649600 -3.479300 1.209900
0.327750 0.011480 -0.363550 -3.184600 7.414000 34.456001
-0.006006 -0.030676 -0.098786 -6.395000 -1.973000 14.476000
0.578060 -0.592640 -0.082277 27.469000 -17.107000 7.079700
-0.037029 -0.079664 -0.055925 11.651000 -7.186200 8.987800
0.122430 -0.025218 -0.217410 -20.981001 -0.857610 23.187000
0.103330 -0.233410 -0.051105 13.030000 -19.990999 8.632200
-0.693370 -0.220910 -0.556270 13.277000 1.764000 11.516000
0.123250 -0.058608 0.081946 1.695200 -1.568400 -0.624180
0.836470 -0.211040 -0.631260 -21.318001 5.162700 13.499000
-0.045340 0.084852 -0.078515 -14.472000 -6.476400 -18.858999
-0.194220 0.091123 0.444050 11.348000 -4.636000 1.252800
-0.017688 0.412580 -0.459470 16.712000 -18.695000 6.189400
-0.263070 -0.261870 -0.495510 -7.605600 -6.360300 -26.900000
-0.108720 -0.140420 0.002349 13.652000 24.773001 -0.184040
0.008069 -0.277040 -0.256540 -6.753000 15.122000 2.795900
0.049211 0.023942 0.067673 -5.814600 1.203300 -4.445400
-0.145600 -0.178130 0.347190 11.373000 8.734800 4.784800
0.687640 -0.116960 -0.186820 15.879000 -0.463060 -1.717000
-0.331510 -0.266540 0.200890 -14.192000 -1.830300 -2.764900
0.067341 0.229910 -0.439450 2.333000 5.186800 19.318001
0.419480 -0.247840 0.401200 -8.074200 -0.924490 7.191100
-0.054831 -0.434440 0.369440 -4.373100 34.994999 -25.004999
0.013093 0.139850 -0.153940 11.241000 -14.011000 -6.665100
0.065087 0.303160 -0.045730 -4.388300 36.491001 -12.524000
-0.117370 0.359470 0.008843 18.304001 10.001000 10.632000
0.211310 0.040167 -0.104190 -39.997002 21.847000 26.000999
0.559760 -0.184280 -0.264830 5.592100 -7.206200 3.971200
0.483070 0.325100 0.236930 -11.877000 -0.064309 0.172610
0.229530 -0.072194 0.131000 10.535000 -16.709000 -4.308000
-0.300650 0.251030 0.045876 26.266001 -13.617000 -3.735000
0.103920 -0.182850 0.060684 -3.244700 3.939600 3.642500
0.324000 -0.131070 0.307520 11.924000 12.028000 -0.579550
-0.302020 0.273860 -0.032678 -3.306500 11.785000 2.866700
0.154140 -0.093125 -0.024119 0.852690 -1.409100 15.026000
-0.827660 2.190000 -3.303300 -6.761700 17.917999 -22.311001
-0.416120 0.010758 -0.409200 31.370001 8.112200 23.865999
-0.090964 0.159660 0.311620 16.083000 -13.617000 -14.399000
0.186390 0.320470 0.391580 -5.162900 3.425500 -7.133000
0.023200 -0.173320 0.110200 7.702800 -18.285000 1.839300
0.300040 0.386630 -0.278800 6.839500 -6.233200 1.934500
0.170290 -0.030509 0.010245 15.545000 29.735001 -6.413700
0.315800 -0.170380 -0.067011 -9.277100 -2.245000 -1.775500
0.124070 0.026779 -0.062219 9.507900 6.533300 8.869100
-0.674720 0.195610 0.032678 -10.709000 -3.198600 -9.504900
-0.525130 -0.014973 0.843250 2.650700 -1.295000 -3.775400
-0.244410 -0.172560 0.260460 12.501000 -6.838500 0.183180
0.481670 1.476700 -0.234490 -2.861600 -7.224500 -0.429340
-0.036812 -0.267740 -0.164490 -8.693400 0.438600 -6.836000
-0.025595 0.089489 -0.012159 5.758600 -2.378000 -7.045900
0.046536 -0.122400 0.081035 0.710020 -5.411200 2.165200
-0.084011 -0.079876 0.253400 -33.820999 -16.007999 22.701000
-0.358750 0.694510 -0.017549 -0.000655 -8.055200 6.431200
-0.051699 0.241490 -0.109190 -20.047001 -3.152700 -13.569000
-0.064011 -0.172090 -0.017554 -3.784300 3.081400 -7.695000
0.168880 -0.046969 -0.159200 -7.646600 -4.734600 -1.592500
-0.127280 -0.016920 -0.148050 4.202100 -12.090000 14.692000
-0.344420 0.321750 0.380700 -4.912500 12.914000 12.035000
0.058090 0.061026 -0.007247 -18.131001 6.658000 -11.438000
-0.169670 0.180720 0.400660 8.437900 6.146900 12.127000
-0.387180 0.223870 0.142860 10.506000 6.734600 8.488700
0.113300 -0.133080 -0.119480 -10.386000 7.847500 11.862000
0.112270 -0.036324 -0.001560 -10.595000 15.387000 8.149800
-0.288080 -0.000154 -0.160630 -17.073000 2.407600 7.195200
0.019266 0.192700 0.053645 17.059999 0.424520 6.450700
-0.039276 0.188440 0.167520 -5.744900 -1.757400 9.700200
-0.064446 -0.167680 -0.050883 -8.581700 23.965000 -7.015300
0.595510 -0.095955 0.313940 1.356300 -3.775500 -3.249900
-0.054920 -0.073041 -0.125980 10.043000 1.198700 6.364600
0.059963 -0.174290 -0.091464 5.358100 -9.858100 2.614700
-0.243550 -0.266770 0.019988 7.814000 13.197000 3.637600
-0.224840 -0.286190 -0.455540 10.521000 7.859200 14.468000
1.520100 0.964540 0.079168 20.841999 8.394600 -3.920300
0.065283 -0.088636 0.085275 -3.214800 -4.917800 -12.428000
0.624450 0.383870 0.078634 10.924000 25.820000 -7.271400
-0.088789 -0.097792 0.097445 -2.712300 9.281400 -4.868600
-0.390490 0.236710 -0.104560 -7.299000 3.916200 -5.060500
0.009204 -0.633790 0.368170 16.757999 -39.574001 30.153999
-0.457070 -0.338920 0.140930 3.345700 -6.907900 6.085700
0.091085 -0.083701 -0.060362 -1.717300 -6.989700 -1.604900
-0.070900 -0.534170 0.199800 -25.434000 -26.462000 22.112000
-0.030270 -0.082166 -0.520090 -0.204490 -17.174999 -30.908001
0.066324 0.377810 0.476180 -9.023200 -1.399300 -21.613001
0.108910 0.149390 -0.028623 17.702999 10.328000 17.642000
-0.084021 0.151490 0.091545 6.373900 2.384800 -14.513000
2.724300 0.682280 0.160230 10.432000 6.773700 1.668200
-0.114240 0.202450 0.325750 5.391100 -7.656900 14.831000
0.486200 -0.215450 0.148580 4.428600 -14.879000 -8.393600
-0.087492 -0.030300 -0.165010 19.947001 2.614000 2.768300
0.061421 -0.028196 0.000685 21.299999 15.169000 -12.316000
-0.704960 -0.159520 0.263220 1.172600 -3.803000 2.999200
0.055813 0.071483 -0.037938 3.787500 -3.730500 -9.522500
-5.328900 1.025400 -2.789200 28.700001 -5.940500 14.381000
0.140720 -0.015338 0.381260 14.561000 5.351300 29.855000
0.064883 0.215520 -0.089768 13.546000 -8.772900 18.896999
0.194650 -0.111160 -0.110300 28.118999 -2.486900 13.974000
-0.004095 0.052505 0.038326 -10.687000 -7.045300 -20.662001
-0.205530 0.320380 0.021224 3.211900 -16.326000 1.338800
0.737760 -0.209360 0.430430 -2.691700 7.607300 0.309490
-0.835990 0.130830 -0.056708 3.390000 1.709100 0.117110
-0.174950 0.080386 -0.302450 6.271700 -16.796000 10.013000
0.208500 -0.048835 0.126910 -27.115000 -20.910999 -13.987000
-0.016470 -0.215200 0.261790 -2.205200 -4.062800 -19.327000
0.117470 -0.207630 -0.449690 -7.905300 12.576000 -4.319100
-0.092239 -1.005900 0.322950 11.195000 38.813999 -26.348000
0.010042 0.135150 0.112160 9.700100 -2.972100 -20.400999
-0.037441 -0.091609 -0.573350 20.242001 4.782600 -3.808100
0.093785 0.015785 0.060602 15.696000 6.992900 9.377200
-0.208800 0.029111 -0.270040 5.840100 5.351600 5.638300
-0.652910 -0.177350 0.143420 8.742900 4.380500 -0.410300
-0.139730 -0.203250 0.263720 24.968000 36.980000 -26.655001
0.385540 -0.363040 0.533230 4.072600 0.248060 4.584200
-0.199980 -0.043891 -0.013439 7.859400 -7.031200 8.414300
0.060033 -0.082702 0.023769 2.937900 0.415020 -9.878400
-0.042770 -0.426660 -0.371650 19.782000 9.630200 9.816400
-0.109080 -0.128150 -0.226940 -0.532500 6.269700 -27.450001
-0.007097 -0.038035 -0.075769 2.875100 5.295300 -2.904700
0.049820 0.273500 0.204430 -19.483999 3.477500 -0.607390
0.006039 0.241300 -0.033428 -12.290000 10.616000 33.604000
-0.114260 -0.104570 -0.169800 -15.889000 -25.266001 5.005200
-0.180150 -0.199840 0.374270 -15.576000 7.417400 -5.297000
-0.012549 -0.015495 -0.092615 8.446700 -12.258000 -16.000999
0.004654 0.354940 0.076595 1.245500 -6.942600 4.516600
0.158170 0.163060 0.007933 20.011000 14.467000 -5.035300
0.030130 -0.273020 0.257810 39.147999 -19.767000 38.977001
0.017694 0.030729 -0.030659 7.032700 2.930200 13.548000
-0.151200 0.054568 -0.089947 -6.698000 -6.583700 17.469999
-0.558080 0.262330 -0.050952 -0.333190 3.999900 2.012900
-0.072603 -0.160680 0.068791 2.795900 16.113001 6.681300
0.099128 -0.032370 0.395870 -0.107180 9.595100 -20.006001
-0.078282 -0.000565 -0.052529 -0.625970 28.365999 -18.039000
-0.346840 0.270030 -0.399570 37.480999 -35.831001 42.419998
-0.070806 0.060123 -0.353160 -12.195000 -20.378000 1.964900
0.024326 -0.258650 -0.014113 5.067600 -10.489000 2.090600
-0.474160 -0.039451 -0.284770 22.507999 -3.764700 2.064700
-0.412610 -0.192560 -0.051619 2.576000 2.030300 8.936500
1.048000 0.093671 0.119770 19.545000 -1.715000 5.908800
0.211530 -0.112660 -0.145080 -20.299000 -12.807000 1.044800
-0.003010 -0.087736 -0.043579 10.660000 -11.779000 12.332000
-0.289380 -0.083685 0.209470 5.801900 -3.584200 4.361000
-0.253220 -0.145530 -0.117180 0.562390 5.282000 6.457000
0.013975 0.151330 -0.098412 -28.086000 -12.555000 7.657700
0.109470 -0.009080 0.034793 4.414800 11.446000 12.942000
-0.108580 -0.164320 -0.011386 -9.395700 4.894300 8.271900
0.005451 0.027337 -0.127180 -5.300500 -7.958300 17.665001
0.047741 0.339620 0.016940 23.268000 -33.543999 0.359380
-0.473700 -0.008954 0.039397 -5.578700 1.147800 -1.535000
0.008578 0.183690 0.033685 -4.321800 -2.041000 11.811000
0.026495 0.116280 -0.016506 -23.886000 -18.087000 8.180800
0.019421 0.440670 -0.323350 -18.046000 -5.698800 6.512100
0.255440 -0.089356 0.154210 16.607000 -20.497999 5.225600
-0.159780 -0.181130 -0.058876 3.699500 -7.870800 -7.632900
0.293050 0.014151 -0.131980 -16.676001 -12.444000 -0.613630
0.139720 0.178050 0.099497 -5.342800 -7.609300 7.036700
-0.110000 0.064264 -0.132040 8.005500 13.649000 -5.564000
0.112650 0.021893 -0.249060 4.100300 -8.360300 3.261000
-0.097399 0.109350 -0.121430 1.890400 -4.363200 -0.251160
0.811400 -0.157260 -0.114140 38.233002 -10.718000 -6.344500
-0.125270 0.044866 0.113790 -3.984200 18.711000 -5.530900
-0.547550 0.145900 -0.049348 -60.556999 13.890000 -2.490400
0.773740 0.004508 0.671450 10.588000 -0.669850 19.610001
0.750410 0.001124 0.201810 10.344000 -6.165400 -0.377100
0.372360 -0.121670 -0.077957 -34.293999 -24.801001 -5.500600
0.105200 0.150870 0.181220 10.126000 9.828700 18.410999
0.334100 -0.102300 0.297020 20.843000 13.909000 8.812400
-0.072488 0.035812 -0.055219 -25.181000 -25.605000 -35.751999
-0.355550 0.332030 -0.152140 -19.573000 -5.428400 -5.515300
-0.130060 -0.045731 -0.252770 17.346001 -0.547100 9.314700
-0.039772 -0.055261 0.048145 1.088300 -6.469800 2.094500
-0.370830 0.421850 -0.000749 -3.801200 4.970100 -13.857000
-0.248480 -0.400390 -0.415350 6.431800 -9.051100 11.439000
-0.459380 -0.479960 -0.234690 12.113000 -1.305000 7.056300
-0.418960 1.089800 -1.143500 -14.342000 19.344000 -21.877001
0.228350 0.330100 0.410220 19.382000 -18.142000 -6.794700
-0.040943 0.232850 -0.070300 -1.152700 -18.427000 4.471900
-0.071158 0.392790 -0.052292 0.927080 -1.899500 -4.132100
0.762120 0.121020 0.044493 12.821000 4.070000 -15.533000
-0.294340 0.003949 0.085790 12.175000 21.004000 1.628500
-0.077861 -0.072986 0.045628 5.564300 -2.440400 -4.148800
0.342480 -0.124180 -0.169690 -18.764000 3.194700 5.689000
-0.293710 0.004198 0.164120 -57.555000 -25.392000 -7.868400
0.063578 0.132690 -0.005588 -7.551000 -29.096001 15.270000
0.151290 0.029564 -0.054165 39.463001 -13.113000 -28.490999
0.557790 -0.934000 0.371510 30.193001 -28.629999 14.521000
0.165000 -0.450880 -0.124990 -3.558000 2.098400 13.318000
-0.007250 -0.117150 -0.116030 -14.385000 4.294300 6.845300
0.001834 -0.147360 0.165720 -1.628200 -15.906000 5.434300
-0.094968 0.408230 -0.247680 -10.271000 5.715200 -6.957200
-0.044805 -0.039066 -0.227440 -2.400600 7.703800 3.867300
0.067080 -0.421890 -0.652700 4.736900 21.410000 3.912200
0.234660 0.248000 0.017914 -7.449800 -3.454900 0.635560
0.043218 0.084054 0.101910 2.334600 10.300000 -1.247000
0.439890 -0.231250 -0.654580 10.811000 -10.203000 -21.450001
0.000005 0.016230 0.060163 -0.518630 4.608600 -11.164000
0.238110 0.100060 -0.141540 -0.235740 3.165200 12.660000
-0.254910 0.265000 -0.035572 0.362380 -19.239000 -1.383000
0.008708 0.074752 0.076856 7.287400 -9.041500 -5.025200
0.361540 -0.046713 0.021673 23.023001 -7.205800 8.026400
0.085132 0.019207 0.058393 3.633400 -9.307800 -2.024500
0.001489 0.094079 -0.069553 -7.039900 26.226999 -19.485001
-0.004410 0.026067 0.016522 25.839001 -18.537001 11.977000
0.081436 -0.412450 0.316810 -4.071900 -10.600000 -5.748300
-0.112190 -0.043430 -0.213250 -9.448400 5.635300 6.622300
-0.814650 0.597820 -1.540500 4.024800 -3.170400 7.021800
0.181880 0.453040 0.077208 -7.760400 -2.404700 0.904420
0.151340 0.231490 0.088150 -6.625100 3.218000 0.619930
-0.115040 0.178020 0.189860 -27.809999 41.853001 32.874001
0.382940 -0.142340 -0.737470 -21.368000 5.649700 10.065000
-0.176430 0.033564 0.241770 5.095100 5.052900 -11.030000
-0.203590 0.236220 -0.083606 -2.081400 17.531000 0.297940
0.057524 -0.153650 0.070166 3.544800 -5.189400 -11.264000
-0.172510 -0.094709 0.120040 -2.486500 -1.211500 -3.506500
-0.017209 0.035613 0.098883 -5.110900 5.611100 -14.077000
-0.067694 0.034300 0.084086 11.052000 -3.997100 -1.424800
-0.123560 -0.175640 0.078236 -0.206510 -15.409000 -8.965700
-0.050782 0.028377 -0.121060 0.102530 1.546700 12.061000
-0.121320 -0.069598 0.054893 -2.661900 -6.352100 -10.970000
0.199300 -0.235380 0.132530 -1.930100 -8.144400 2.371000
0.097725 0.288470 -0.124820 3.971000 -13.628000 9.974300
-0.184490 -0.058993 -0.056860 15.635000 11.216000 -1.413200
0.115740 -0.197410 -0.058628 23.134001 7.163500 3.649700
-0.161220 0.047713 -0.315970 -11.383000 5.531000 -9.046900
-0.359650 -0.198000 -0.470190 -3.097700 2.731900 16.000999
0.153200 -0.050823 -0.044993 -28.033001 8.422900 -4.534700
0.040251 0.165910 -0.040847 7.653700 0.866430 1.727600
0.101310 -0.027050 0.153600 -9.484800 9.344300 34.087002
-0.016447 0.024431 0.036275 -0.570690 -1.550500 -14.930000
-0.111610 0.020161 0.095903 -11.086000 -11.733000 -0.553810
0.480720 0.121680 0.089434 -34.247002 -11.886000 4.417000
-0.279990 -0.209980 -0.045213 -1.335700 2.029900 -1.433300
-0.069161 -0.505130 0.431310 -3.467800 -28.231001 16.202000
0.527730 -0.021511 -0.587400 -23.652000 1.658000 16.455000
-0.040923 -0.204120 0.142670 27.115999 23.364000 -38.256001
0.233750 0.643910 0.504780 -4.389400 -3.006800 -5.888800
-0.223220 0.056150 -0.034811 -1.004000 3.018500 7.291600
0.002398 0.009469 0.055665 -7.714500 0.125270 -9.733200
0.378600 -0.496970 1.587800 4.259400 -17.497000 27.686001
0.291470 0.231660 -0.364540 4.203700 8.814600 -17.381001
0.032713 0.111410 -0.007865 2.687900 -10.591000 -6.880100
0.094876 0.637980 -0.255620 4.926800 24.885000 -20.257000
-0.070031 0.039075 -0.019864 -8.124500 4.595400 15.452000
0.013135 -0.026253 0.159910 -13.645000 18.337000 25.799000
0.133670 -0.057836 -0.212380 -9.403500 24.409000 33.386002
0.153200 0.111450 0.503680 -1.353000 5.348200 -9.115900
-0.175020 0.019783 0.057298 6.720800 -5.611100 4.738700
-0.436180 -0.700790 -0.298320 3.330900 11.964000 6.085700
-0.362400 -0.092802 -0.193340 26.087999 -16.704000 -18.958000
1.133200 -1.223800 1.178500 29.472000 -42.251999 39.023998
-0.101140 -0.011576 -0.327440 -6.423300 3.774700 -9.779300
0.288290 -0.107750 0.089496 -5.948700 -1.242300 -11.565000
0.148560 -0.052216 -0.061809 -6.704000 3.997700 7.493000
-0.249230 0.566010 -0.426410 -28.989000 10.198000 -15.089000
0.246030 -0.323690 0.261470 -5.923600 18.934999 -18.680000
0.212630 0.270130 -0.074248 -4.957700 -11.313000 -2.363200
0.082495 -0.088663 -0.150030 -3.218100 -6.012300 -7.809200
-0.003857 0.095304 -0.006926 -27.340000 -11.502000 -6.676800
0.226190 0.857080 -0.004139 8.337500 32.148998 -4.336600
0.119880 -0.807580 -0.478240 3.646500 1.565200 -5.752100
-0.239240 0.061216 0.140650 -1.063800 -4.826500 17.420000
0.403700 -0.400980 -0.224510 8.160100 4.716600 -0.627100
-0.298040 0.569690 0.451860 16.236000 -6.694000 -0.670890
-0.062621 0.133990 -0.250620 9.265400 -37.674000 27.540001
-0.796240 1.003000 -0.382670 2.725500 5.082600 0.030191
0.112760 0.322100 -0.224130 -3.907800 11.631000 -9.929400
-0.092814 0.089950 -0.003725 -14.656000 15.277000 -4.520500
3.060100 0.084347 -0.476060 4.538000 1.545700 1.538900
0.108250 0.057290 -0.121750 17.789000 -14.154000 -15.324000
-0.893620 1.469200 0.420110 8.525900 -15.907000 -3.833000
-0.024790 0.336160 0.225200 2.339200 -3.401400 -4.598400
-0.050606 0.093267 -0.044041 3.315700 22.129000 3.894100
0.283850 -0.114180 0.250430 9.402000 -22.115999 13.761000
0.259360 0.486030 -0.530230 21.849001 29.996000 -15.373000
-0.033651 0.060046 0.126860 4.127000 -2.201800 10.578000
-0.048480 0.174730 0.244560 -0.221380 -4.161000 13.534000
-0.127470 0.221770 -0.345170 0.875430 -13.962000 7.420100
-0.162540 0.202210 -0.014878 -5.668600 5.749400 9.691800
-0.021673 -0.022800 0.015172 11.319000 9.903000 20.462000
0.103240 -0.257980 -0.303770 4.327100 15.530000 5.328500
-0.125780 0.056393 -0.032119 -29.400999 11.446000 -12.917000
0.347630 -0.159760 0.181450 -43.166000 10.707000 -30.403999
0.108620 0.268140 0.049019 -9.988600 -21.121000 -15.802000
-0.107640 -0.032508 0.106870 0.762040 -1.480500 9.629500
0.024350 0.045357 0.042187 9.456900 0.270980 3.360900
-0.030669 -0.200590 0.375570 -21.417999 -42.401001 38.231998
0.001103 0.304470 0.112700 5.046200 2.305800 2.818700
-0.246260 0.006619 0.194020 5.827100 -2.745800 -7.099600
-0.697310 -0.074542 -0.320180 -3.527800 -5.136500 -9.053400
0.702900 -0.240830 0.385060 -2.349700 0.279520 -8.285800
0.051544 0.151670 -0.078702 -13.353000 -0.160850 25.106001
0.094381 0.414410 -0.391820 3.987800 -22.437000 6.018400
-0.107690 -0.058436 -0.037164 1.901500 7.936800 -7.456700
-0.170250 0.750170 0.444870 -0.809530 -17.980000 -5.799600
0.264760 0.009757 -0.067304 -1.099900 2.561900 4.168000
1.230100 0.814860 -0.891840 25.753000 20.767000 -24.500000
0.006812 -0.033047 -0.013294 4.009900 -9.323800 -7.118400
-0.032244 -0.048794 0.400230 -0.457370 7.235000 4.346400
0.037125 0.138550 0.625070 7.879600 2.063300 1.717000
-0.092653 0.097646 0.113610 -19.930000 1.538100 -13.527000
-0.019526 -0.450030 0.300440 1.257700 -34.160999 6.995900
0.234020 -0.658350 0.771800 1.169200 7.947000 -13.338000
0.537290 -0.434760 0.165440 2.939000 5.347400 -8.307700
0.112430 0.028090 -0.106520 0.986610 -13.212000 14.308000
0.126530 -0.042627 -0.133720 -7.566000 11.497000 0.822270
-0.006523 0.204870 -0.273180 2.185400 -1.634400 -1.526500
0.090948 -0.022272 0.255980 7.899900 4.943200 1.263200
-0.057512 0.170410 0.156230 -5.294000 -4.581700 -7.336500
0.012852 -0.081881 -0.184550 -4.319500 10.936000 4.967200
0.236260 -0.249290 -0.240720 9.683100 28.992001 0.922710
0.056991 -0.117440 0.128480 -5.294300 -9.508500 -16.577000
0.026445 -0.095840 0.037293 3.268500 -2.179800 4.631800
-0.102460 -0.255430 0.382200 11.896000 6.475500 -7.724600
-0.473700 -0.579960 -0.282480 -17.750000 -9.157300 -10.478000
0.004983 0.055196 0.021056 -11.188000 -13.053000 2.698400
0.035163 -0.089783 0.022976 8.918900 -18.910999 -7.161700
0.699780 0.223880 -0.032398 5.700900 -3.155400 10.849000
0.334460 0.335200 0.348340 -16.780001 -7.906000 -10.681000
-0.164530 0.184180 0.192290 -7.153200 16.464001 -1.432900
-0.066123 0.039340 -0.095787 -10.867000 13.189000 9.529100
0.092465 0.049145 0.142950 1.862200 -4.318800 -3.570500
0.104010 0.161860 0.129210 3.116900 -19.357000 22.007000
-0.225040 -0.073091 -0.282960 7.759000 4.774500 -9.124900
-0.349490 0.055431 -0.154970 -38.039001 4.932500 -17.740000
-0.057251 -0.113830 -0.271740 10.829000 0.076396 -18.466999
-0.172690 -0.057487 -0.262130 0.505810 1.768300 -1.266200
-0.054603 0.056278 0.022252 1.835300 12.461000 18.122999
0.272310 -0.576830 0.491800 12.567000 -9.511600 6.483000
-0.061756 0.220280 -0.067153 -1.254100 4.990500 -4.360100
-0.216010 0.076521 -0.027832 -15.261000 -8.030900 11.122000
0.066596 0.096435 0.057966 -1.004000 -3.587200 7.416200
-0.014975 -0.085447 -0.070774 1.988400 -0.360880 3.027300
0.066781 -0.191780 -0.114810 1.709100 6.701100 4.062200
0.018605 -0.193120 0.326770 18.275000 -10.381000 4.770500
0.662130 -0.337030 0.158180 27.608000 -12.306000 0.201700
-0.109200 0.585630 0.250620 -9.743100 23.122999 8.613000
0.236570 -0.006122 -0.028888 9.871600 2.588100 -4.992400
0.119670 -0.075343 0.165040 6.264100 -10.945000 11.980000
0.030192 -0.111340 0.223810 29.195000 5.806700 -19.155001
0.104750 0.725330 -0.151610 -9.156200 -10.375000 -2.286400
-0.906450 0.648380 0.096103 25.688999 -17.895000 2.980200
0.135030 -0.033123 0.044894 -9.554800 0.657960 10.398000
-0.173030 -0.040968 0.040053 2.592300 -9.547800 10.028000
0.000408 0.166740 -0.162830 -3.298700 8.189800 -17.037001
-0.058544 -0.151660 0.171400 -0.346030 8.173000 2.554200
-0.099187 -0.003885 -0.024642 17.434000 3.601400 22.520000
-0.004723 -0.019317 0.029853 -5.538600 7.500100 -0.888170
-0.140070 0.158450 0.238750 13.351000 -7.008200 8.586800
0.243300 -0.178410 0.220710 0.267650 8.590600 -17.316999
0.187750 0.137700 -0.135820 -13.662000 2.357200 7.763300
-0.343400 -0.376460 -0.061208 -13.452000 -18.649000 0.069354
0.289660 0.014485 0.080668 -4.814700 -1.337500 -6.063200
-0.462230 0.201160 0.721400 27.732000 -14.243000 -23.761000
-0.060767 0.577290 -0.065085 12.051000 -17.429001 -10.069000
-0.047590 -0.066332 -0.054176 0.948330 -14.800000 1.891600
-0.095721 0.117100 0.581320 2.685600 17.985001 31.127001
0.042074 0.006992 0.149260 -13.405000 36.467999 -11.791000
0.270620 0.472140 0.626780 -3.144600 -1.980700 2.986800
0.288510 -0.162720 0.066377 -4.855500 -3.929300 8.944900
0.171140 -0.084197 0.087993 -21.823999 14.027000 2.400700
-0.603620 -0.074424 -0.234150 -1.749400 3.691900 8.660400
0.017613 -0.057255 -0.090292 -8.254900 1.678500 7.842500
-0.051226 -0.003235 0.006858 -2.255100 13.519000 -6.701400
-0.287710 0.179110 -0.304900 3.391800 -8.272800 3.511400
-0.214700 0.018997 0.241110 -20.664000 1.436700 40.220001
0.097781 0.100740 0.268370 -17.822001 -10.175000 31.733000
0.051328 0.050375 0.030556 19.802999 -9.200700 21.396999
-0.204940 0.113130 0.014637 8.050900 16.599001 6.598500
-0.026006 -0.045783 -0.153150 -1.139700 5.660600 5.389900
-0.593470 0.167860 -0.939960 -29.055000 8.412400 -44.162998
-0.088908 -0.781380 0.659160 2.333000 4.063100 0.817440
0.163370 -0.114090 0.051927 -4.913400 14.467000 4.926000
0.150470 0.141890 0.464220 -5.930900 -5.448000 -9.166400
-0.020272 0.116860 0.072236 -7.650400 -0.299550 4.399100
0.011321 0.067409 0.126260 -7.648500 -16.606001 11.005000
-0.218850 -0.965010 0.863300 -2.714800 -3.976000 3.209300
0.276950 -0.320600 -0.460970 -3.496500 12.148000 4.675700
0.096490 -0.134850 0.013707 26.875999 -13.508000 6.293800
0.272830 -0.287970 0.007325 20.413000 -10.980000 -14.264000
-0.009526 0.116200 0.055886 10.721000 -9.045900 15.882000
0.077083 0.058257 -0.042573 14.082000 22.282000 6.842100
0.059559 -0.014732 -0.184750 19.466999 3.382600 -8.083500
0.007768 0.108300 0.161280 -1.207000 4.292500 -12.676000
0.109600 0.049215 0.236830 -6.303600 -10.363000 3.956400
-0.230680 0.221440 0.126430 6.250000 3.304700 1.245000
-0.043196 -0.218740 -0.306210 -7.593500 -3.217000 -8.728800
-0.007747 0.126310 0.087451 -6.817600 -2.468200 -0.386910
-0.145650 -0.076134 0.305130 -0.877020 -4.547800 14.371000
-0.298020 -0.098392 -0.356010 5.029500 -8.012800 3.166600
-0.167750 -0.286940 -0.133490 -11.323000 -7.745800 1.737200
0.010844 0.021413 -0.106220 0.222940 4.285100 6.045700
-0.147840 0.225940 -0.038856 7.464200 8.285600 -2.533900
0.345210 0.223280 -0.682610 -7.592200 -1.104800 24.086000
0.352820 0.364470 -0.151830 -5.469800 0.358250 3.194100
-0.200890 -0.154970 -0.562420 -23.080999 -21.447001 -66.855003
0.332620 -0.011637 0.139230 -27.528999 -15.962000 2.269800
-0.063262 -0.210640 -0.077669 -11.560000 8.354400 19.030001
1.197800 -0.013327 0.270250 5.237500 3.398100 2.036900
0.434970 -0.597340 -0.419370 25.523001 -43.021000 -14.386000
-2.317400 -0.481850 -0.200450 48.002998 9.298100 2.820900
0.016919 0.367250 -0.188940 -4.277000 7.791800 0.823420
0.059282 0.150700 -0.033105 -0.659280 -22.659000 -7.213400
0.107550 -0.159120 0.091759 13.149000 -14.047000 2.239400
0.009957 0.463620 -0.109250 -16.688999 10.451000 -19.832001
0.390150 0.322070 0.768120 4.495600 5.378200 -1.277000
-0.236530 0.233170 0.027563 -1.201500 -5.726400 8.340800
0.227860 -0.377400 -0.299360 -10.769000 8.396100 -9.649000
-0.212190 -0.238280 -0.052346 -62.715000 -65.405998 -24.007999
-0.076865 0.222310 0.032336 0.225210 -0.509310 0.432340
-0.011215 -0.605930 0.241000 4.820300 30.676001 -2.185700
-0.061360 0.231970 -0.158180 29.627001 -24.493999 10.614000
-0.211540 0.049332 0.016087 -23.136000 9.869100 -0.608880
-0.378320 0.002878 0.155760 25.148001 -13.597000 -16.197001
-0.155380 0.220450 -0.121840 9.436700 -28.879999 8.825400
0.039921 0.101220 0.140060 0.619840 16.209000 -7.243700
-1.359200 -0.331920 -1.099800 -30.455999 -9.898000 -31.235001
0.137780 -0.104160 -0.018281 -7.423700 -0.978580 8.761100
0.210120 0.217770 0.077708 -29.441000 -21.073999 -1.310900
-0.036810 -0.317600 -0.110190 -2.802900 -3.177100 3.626400
-0.053634 -0.941770 -0.538260 -4.871500 -15.890000 -10.094000
-0.241380 -0.148520 0.027219 8.786000 25.497000 3.922500
-0.145640 -0.010026 0.085401 4.008600 8.767000 6.316000
-0.077923 0.067175 0.122480 6.540500 -1.978300 1.687300
-0.056799 -0.030760 0.032193 0.467980 -1.384700 0.711120
0.053012 -0.226700 -0.212120 -29.893000 -3.268900 -16.219999
0.170450 -0.236620 0.008917 6.301500 -7.847200 -6.583300
0.129490 0.210860 0.404460 -11.999000 -29.999001 -54.967999
-0.183340 0.188500 -0.194270 -2.018000 -4.907100 -0.127790
0.118920 0.358420 0.166430 13.727000 4.648700 4.780300
0.296780 0.171210 -0.184180 13.714000 -4.509900 1.213800
-0.173940 0.179540 -0.230130 -5.779700 -0.576970 9.401700
0.114560 0.080501 -0.072183 3.652300 -14.391000 -29.225000
-0.193260 0.046706 -0.053078 8.767200 20.931999 -27.551001
0.243130 0.047138 -0.103130 9.418600 -17.745001 0.390060
-0.034245 0.230620 -0.222700 -1.384600 -11.374000 0.208900
0.773750 -0.815810 -1.059600 -9.392900 5.484800 19.225000
-0.419380 -0.121510 0.020926 2.848300 -2.320500 -3.057800
0.806300 0.124980 0.013731 21.697001 11.757000 -8.473900
0.253920 0.202200 -0.033880 -19.950001 -6.826300 -4.985500
-0.097502 0.099442 -0.037466 0.622200 -2.822500 8.005200
0.011423 -0.161260 -0.065900 -3.101800 -29.577999 2.373300
0.154890 -0.057113 0.115180 21.354000 27.181999 5.428100
0.110870 0.360660 0.481210 11.095000 15.473000 10.099000
0.170510 0.278620 -0.074054 22.239000 10.524000 7.116300
0.099540 0.175100 -0.340650 -0.839380 7.987500 -2.944900
-0.106090 0.004699 -0.313460 21.438999 -7.327100 25.879000
-0.714310 -0.594090 -0.130550 -0.279590 -0.415170 2.666300
-0.120110 -0.099898 0.124070 -4.780100 -16.745001 -0.377550
0.930200 -0.055472 0.558060 -7.478700 0.616910 4.691700
-0.111840 -0.143700 0.346110 -10.565000 -8.947100 3.280500
0.082340 0.391450 -0.001957 14.428000 29.982000 -1.474300
0.382330 -0.550530 0.692380 0.337460 -7.636400 -7.609600
0.109000 -0.016047 -0.185640 -1.392600 3.775500 -17.933001
0.047816 0.066216 0.088462 3.688000 10.483000 8.510700
0.165660 0.008793 -0.218650 14.060000 3.498700 -9.919200
0.003172 -0.141670 -0.222900 -2.685000 25.069000 -9.271700
0.127370 0.250410 -0.066000 -0.521040 -14.269000 20.781000
0.066061 -0.020966 -0.032135 13.401000 6.297300 26.419001
-0.130200 -0.396750 -0.134410 -13.758000 -44.637001 -8.787100
-0.095393 0.138940 0.294000 -3.791600 8.928000 16.917000
0.178080 0.310160 0.116000 11.704000 28.747999 -19.216999
-0.197730 0.161720 0.192440 -4.502100 -4.818200 -6.206300
0.011845 0.071266 0.211870 3.533500 -9.571600 3.208000
-0.053596 -0.375330 0.052753 1.898600 -4.765900 13.968000
-0.243540 0.202280 -0.068226 14.159000 -12.254000 20.989000
-0.034833 0.140580 0.241540 -52.839001 -5.282100 -7.712300
-0.083524 -0.403300 0.069869 14.875000 -5.926000 23.547001
-0.032740 0.160520 -0.120810 7.309000 0.043550 9.576100
0.069414 0.074517 -0.140810 13.702000 22.521000 -2.088200
0.077077 0.104230 0.124570 37.227001 -4.354000 32.941002
0.076935 0.154280 0.243910 -10.626000 4.868400 -4.920100
0.053229 0.250810 0.114370 -10.184000 -12.320000 -2.131800
-0.068156 0.075729 -0.175250 -0.039732 4.868400 7.145400
0.288130 0.095357 0.209440 -24.274000 5.795700 -20.208000
0.085344 0.040999 0.408630 2.194600 -15.081000 -6.306900
-0.056143 -0.189020 -0.118890 5.208200 -4.777900 15.072000
-0.150740 0.313710 0.219530 -13.155000 10.270000 10.780000
0.778970 -0.226040 0.355770 -30.410000 0.861680 -7.532800
-0.076760 0.113480 -0.263670 -16.733000 0.874520 -5.619200
0.124530 -0.081679 -0.121110 0.692430 -19.580999 13.920000
-0.069622 -0.167080 -0.117060 5.369200 8.509800 3.795500
0.143230 0.041545 0.122940 -17.260000 -13.149000 25.830000
0.115470 -0.114090 0.107700 -3.215900 9.450600 -2.295700
0.122330 -0.168550 -0.136390 -5.230200 -4.498100 -14.018000
-0.153810 -0.146440 -0.315910 -16.950001 -24.417000 -5.161800
-0.308860 0.350420 -0.085434 1.216300 5.946000 -2.492100
-0.305760 -0.233230 0.305050 14.525000 4.347300 -1.605600
0.013002 -0.014965 0.051901 -4.658900 -13.236000 0.850800
0.785380 -0.259210 0.312290 78.828003 -20.771999 21.222000
0.725140 -0.129570 0.032491 -8.182300 6.848700 -9.137200
-0.083920 0.074229 0.010322 2.138600 -17.813000 1.061400
0.142580 0.130100 -0.080630 -0.207140 1.900500 18.863001
0.067270 0.012524 -0.781000 2.337900 -2.356800 21.975000
-0.065932 0.072264 0.254350 5.751500 -5.835200 -12.746000
-0.119210 -0.260190 0.036252 -27.767000 -15.784000 23.447001
0.119230 -0.037148 0.048901 -16.094000 4.087800 -9.681200
0.123930 -0.046916 -0.100920 0.961970 0.675660 -6.463400
1.120700 0.219080 0.128910 -63.261002 -12.082000 -1.719400
-0.014400 0.143030 -0.296130 -0.929260 9.275400 12.598000
0.229140 -0.420600 -0.052954 -14.001000 10.310000 -6.014100
-0.197670 0.806730 -1.344100 4.621200 4.745100 -1.680100
-0.219810 -0.047139 -0.681450 8.215500 12.637000 4.828500
-0.030214 0.464780 -0.239110 -6.362700 -9.277300 1.153600
0.094385 -1.136900 0.526860 -0.903740 25.643999 -5.185100
-0.285690 0.037699 -0.020626 -21.236000 30.919001 10.145000
-0.332930 -0.732370 -0.835600 -8.193100 -1.395500 -7.759800
-0.274300 0.311630 -0.296040 -6.133700 7.373900 -2.636400
-0.991050 -0.120650 0.190920 -0.638560 -6.303100 -1.017000
-0.098107 0.101620 -0.209350 10.284000 -4.646900 -13.063000
0.137120 0.109000 0.183330 -12.607000 3.725300 -16.327999
0.124040 0.049900 0.188310 -4.346200 -5.768400 -2.700800
-0.178120 -0.124230 -0.045178 1.378000 -1.210600 23.337999
-0.023275 0.043092 -0.249360 -0.834320 -8.561700 -2.182100
-0.146880 -0.248430 -0.090804 -27.711000 -29.870001 -6.346300
-0.168920 -0.070689 0.147110 -13.235000 12.683000 0.221180
-0.101260 0.133410 0.094940 -3.576500 -11.481000 -7.014000
0.084451 -0.047630 0.076555 -1.711800 1.660000 -7.547200
-0.423730 0.338790 0.742520 -0.635420 -6.405200 1.112800
0.029068 0.226470 0.162790 -1.576700 1.876800 -2.843700
0.054323 -0.152640 -0.184620 3.519000 9.080900 1.877900
0.008471 0.149170 -0.259710 5.001000 -9.643700 10.986000
0.006618 0.148790 -0.055525 1.813700 3.924600 -7.256600
-0.060174 -0.036524 -0.172320 6.013400 -10.540000 5.026000
-0.100980 -0.062612 -0.032391 11.559000 -5.985600 9.053600
-0.852980 0.874880 -0.503590 26.268999 -26.056999 9.676100
-0.023452 0.383190 -0.140330 5.022400 -27.090000 4.130700
0.074379 0.008172 0.043050 -8.777100 19.896999 -5.353100
0.144310 -0.043582 0.057269 -4.209600 -2.120200 -8.762700
-0.069447 -0.681130 -0.136650 3.668100 -4.136300 1.419400
-0.071016 -0.111660 0.052418 -15.046000 0.416800 10.607000
0.126170 0.217730 -0.185630 2.358900 -2.223800 11.957000
0.002851 0.016584 -0.062780 -8.747600 5.143200 1.780700
0.075682 0.215110 -0.160280 7.991600 4.301000 -9.044900
-0.265450 -0.420480 0.528020 24.058001 17.444000 -25.099001
0.570830 0.229570 0.353780 8.558800 -8.133900 2.447300
-0.347820 0.086862 0.072113 12.050000 -3.555600 -6.542700
-0.042458 0.455870 0.384340 -16.909000 -2.287100 -2.117400
-0.280730 0.240900 -0.087895 -1.989900 12.696000 6.485700
-0.077263 0.120360 -0.060335 23.320000 -60.855000 13.625000
0.147790 -0.060058 -0.104350 -3.666800 18.105000 2.327600
-0.068403 0.038070 -0.210660 7.838000 0.130900 -6.448500
0.146440 0.515690 -0.174370 8.904600 13.687000 -8.372200
-0.121190 -0.038425 -0.098587 -12.468000 -6.540600 0.310410
-0.042797 -0.015677 -0.056392 -2.691000 10.084000 6.719600
-0.365130 -0.229480 -0.318710 -11.752000 -4.236300 -10.094000
-0.093603 -0.323010 0.327620 0.685790 16.195999 -25.084000
-0.327520 -1.439500 0.288930 3.237900 22.613001 -5.394500
-0.018659 -0.334990 0.127910 -3.809100 -6.981100 5.776000
0.133340 0.042777 0.039731 -0.248980 7.389500 19.454000
0.175480 0.018238 0.142070 19.570999 5.414800 15.583000
0.535720 -0.695940 -0.056725 -7.046700 1.824400 2.177800
-0.047889 0.190300 -0.406450 0.904870 -0.176490 5.041100
0.017875 0.192290 0.161600 3.840000 -8.833700 -14.523000
0.062998 -0.040953 -0.104100 14.866000 19.018000 0.895310
0.671920 -0.698370 2.329300 7.937700 -12.826000 41.459999
2.555900 1.115900 1.387000 3.364700 0.336800 4.564700
0.230710 0.066967 0.196760 28.224001 4.858100 35.912998
0.136540 0.168400 0.080581 5.524900 -17.858999 1.320200
0.091501 0.014222 -0.033736 16.346001 -2.116200 -0.083424
0.114080 0.232220 -0.008934 1.138100 -1.395900 6.939800
-0.473230 0.039180 0.140900 -16.106001 -15.098000 -1.940800
-1.520200 1.965200 -0.102010 17.832001 -15.870000 -2.640600
-0.015262 0.000464 -0.074644 -22.997999 2.715600 15.126000
0.054070 -0.074089 0.280700 -20.764999 6.250000 23.410000
0.091787 -0.072230 0.145100 17.042000 -14.980000 -2.398300
0.036444 0.059280 -0.109080 11.439000 4.718000 1.264300
-0.683160 -0.264280 -0.046998 -37.537998 -6.878200 16.673000
0.116030 0.035399 0.168260 4.871400 0.952220 2.320600
0.034419 -0.127250 -0.013955 -5.061600 -17.711000 1.437200
0.024465 -0.176370 -0.008462 -8.554200 10.516000 15.161000
-0.352970 0.162230 0.496940 -6.314200 -0.195610 8.146800
-0.035871 -0.155270 0.152280 6.901000 1.006700 1.600000
0.101730 -0.009655 0.323220 5.131600 -0.308730 -27.718000
0.081791 0.008806 -0.116760 38.037998 9.783000 -14.114000
-0.290120 -0.093796 -0.012534 14.927000 3.790900 -15.415000
-0.045969 -0.206640 0.052306 -4.800100 -9.545400 5.416200
0.086604 -0.076528 0.079168 18.059999 -10.578000 6.737200
0.060552 -0.441620 -0.658900 2.707900 13.140000 4.960700
0.348590 0.354110 0.578110 -8.739900 11.966000 -9.379300
-0.001247 -0.129880 -0.068600 -4.965500 14.886000 -0.893380
-0.020476 -0.018670 0.140370 -10.087000 17.542999 -2.389800
-0.103540 0.140400 -0.098769 7.604700 22.330999 15.562000
0.195620 -0.277600 -0.250170 16.556999 -11.492000 -7.729500
-0.078015 0.014161 -0.138400 5.204900 -3.982400 17.226999
0.162700 0.529070 0.041722 5.483100 -3.672100 7.640600
-0.253010 0.303190 -0.078572 -2.949500 -5.470400 11.162000
-0.128100 0.048820 0.311760 -3.835400 2.090700 2.091400
-0.005776 0.079608 -0.087897 4.205400 -4.397600 -1.167700
0.518960 0.005743 -0.216070 26.385000 2.687900 -17.858000
0.256890 0.392330 0.048382 -7.262200 -27.358000 -11.438000
-0.169900 -0.040259 -0.158240 -14.574000 4.769600 -8.249100
-0.114770 -0.063989 0.253730 10.627000 1.400500 -10.613000
-0.108670 -0.106850 0.032928 -1.377800 -22.431000 -3.692500
0.057294 0.214160 -0.052185 14.662000 12.962000 -11.009000
-0.027662 0.056069 0.118110 -6.727100 -2.559600 7.379400
0.587460 -0.390230 -0.110080 37.348999 -30.353001 1.815800
-0.374460 -0.089278 -0.416630 -10.088000 10.914000 -7.637600
-0.151120 -0.086966 0.321280 33.057999 34.203999 -15.606000
0.041567 -0.012867 0.042337 -6.281100 22.024000 -11.619000
-0.072856 -0.156070 0.095560 -9.274900 -19.202999 15.336000
0.075248 0.078515 0.037375 -1.884700 0.253000 9.026000
0.503830 -0.041572 -0.166780 4.618100 -6.924500 -4.109300
-0.163370 0.082063 -0.024788 0.625800 13.956000 7.541700
-0.222890 0.097962 0.105790 -10.706000 11.220000 11.030000
-0.163270 -0.084868 -0.062454 2.446200 14.637000 7.588200
-0.059999 0.067623 -0.260740 -20.296000 8.395100 6.160000
-0.048809 0.462050 -0.475050 -6.417800 0.509330 23.014999
0.579390 0.330930 -0.085608 -1.584100 -4.980200 -16.693001
0.188760 -0.016441 0.274470 43.057999 -2.855600 19.809000
-0.091918 -0.123350 -0.058089 7.741000 -8.261000 10.402000
0.251700 0.855880 0.036930 21.962999 44.650002 0.968580
-0.020282 -0.116930 0.016566 -2.465300 -6.011200 4.761400
0.325490 0.184680 0.039648 -3.395000 8.124200 6.467300
-0.067148 0.152660 -0.027726 5.132400 -16.025000 0.472230
0.031381 0.134740 -0.108670 -4.853400 -1.370800 10.837000
-0.144280 -0.199980 -0.496260 -2.418900 -8.067500 -8.961700
-0.291790 0.008893 0.116860 0.713420 -1.954700 3.011900
-0.451530 0.582780 0.615150 -12.637000 -7.101800 12.168000
0.110800 -0.216060 -0.122170 5.097800 -6.422700 7.513000
0.042660 0.076806 -0.035860 15.862000 -7.077100 -7.964000
-0.021350 -0.095803 -0.557130 2.046500 -15.480000 -1.930700
0.135130 -0.014662 0.170570 2.756100 -4.637100 -3.266700
0.644500 -0.258070 0.181380 14.000000 3.856700 -12.504000
0.065475 0.177130 0.499580 -5.491100 -4.240300 -9.044000
-0.388840 0.106270 0.077623 0.276080 -6.925600 7.063400
-0.065515 -0.073617 0.043304 -2.099100 17.037001 4.827800
-0.379760 0.935970 -0.249770 -17.457001 51.120998 -6.190300
0.057398 0.138700 0.121900 10.231000 20.118999 20.275000
-0.068747 -0.105860 0.079103 8.002800 10.456000 -4.435300
-0.155550 -0.017627 0.083635 10.772000 -5.972300 1.329000
-0.225950 -0.362580 0.190870 5.488300 7.512600 -16.667999
0.083729 -0.285530 0.074235 -1.158900 -1.942400 -16.590000
0.058454 0.048342 0.023624 2.150800 -3.573100 -10.737000
0.942680 -0.055433 -0.331330 26.922001 -10.604000 -15.476000
-0.000338 0.509420 -0.455020 -3.062100 -3.938700 -3.788400
-0.238720 0.190520 -0.193980 31.476000 1.681100 7.908500
-0.098660 0.147710 0.365100 -14.937000 13.019000 13.624000
0.111980 0.146470 -0.077938 -6.943200 -39.862999 -18.452999
0.331140 0.282140 -0.121610 8.738800 -1.706800 2.352900
-0.180130 -0.085898 0.291980 -0.589230 2.886400 -5.339500
0.057578 0.404200 -0.367710 -5.344100 -35.967999 22.613001
-0.063998 -0.072517 -0.006963 14.483000 -4.658800 11.387000
0.067772 -0.174940 0.146670 3.100400 5.099500 -25.306000
0.395470 0.185850 -0.100440 21.965000 5.101900 3.835700
-0.033880 0.001384 0.136610 -23.971001 1.323800 15.084000
-0.030992 -0.158520 -0.247680 3.973300 1.469600 -1.156300
-0.104590 -0.020584 0.071700 2.428000 0.356230 2.502300
0.148300 -0.080548 -0.155680 6.683900 11.365000 -7.805100
-0.181600 0.132670 0.181890 1.834100 -5.049000 -10.386000
0.636730 -0.584340 0.100040 7.974100 8.855000 13.999000
-0.569110 -0.468650 -0.271350 21.395000 15.195000 -0.255260
0.021841 0.209060 -0.343300 -15.600000 9.726100 -14.363000
-0.004895 -0.201580 -0.447250 -1.087300 -1.453800 -10.911000
0.038338 0.579350 0.758720 1.562900 -6.747100 -20.959000
-0.105370 -0.122180 0.036466 -4.779500 -5.124700 5.203800
0.282740 -0.008495 -0.481350 3.586600 4.998300 -4.885000
-0.046897 0.336160 -0.502890 -5.103300 23.683001 -46.063999
-0.157180 -0.049261 0.170410 -0.375140 3.689900 16.985001
-0.088749 0.075574 0.106830 1.087200 -46.504002 -30.868999
0.195410 0.241380 -0.239370 18.709000 4.355700 -13.367000
-0.122950 -0.214470 -0.144460 9.250800 -1.366400 2.151200
0.030079 0.426720 -0.196960 2.442200 -17.202999 -2.438700
-0.101490 0.157730 0.105850 2.422200 13.757000 -6.727000
-3.642700 -4.219300 2.872500 19.743000 21.902000 -13.014000
0.141570 0.049411 0.093418 -20.274000 -10.897000 4.480100
0.105960 0.278900 -0.289240 -7.183300 7.925300 -1.822700
0.084012 0.064821 0.078118 6.739400 6.012100 -4.176600
-0.159190 -0.075015 -0.019256 -2.765000 10.729000 -1.329400
-0.146910 -0.011432 -0.141130 25.302999 -28.569000 -12.490000
-0.227750 0.547210 -0.441660 18.344000 17.430000 5.502800
-0.157350 -0.431080 -0.407760 14.101000 -1.039800 17.011999
0.130170 -0.172180 0.139630 4.533200 1.093400 16.789000
-0.194700 0.067549 0.150860 6.832900 -1.788200 -20.988001
0.077623 -0.213780 -0.022269 7.113600 -3.755200 -11.711000
0.186980 0.067306 0.177610 -14.901000 -4.094700 -10.296000
-0.001972 -0.176830 0.060428 -4.070700 -8.353500 -3.853400
-0.450730 0.233490 -0.114740 7.509700 11.015000 -4.068000
-0.356460 -0.051896 -0.369610 5.919600 -0.085744 4.771600
2.078600 -0.566920 0.510360 10.612000 -6.062400 6.115900
-0.041113 0.323380 -0.122270 -4.838500 0.989870 -1.826100
0.162340 -0.048785 0.361550 -9.813000 -2.859600 -25.413000
-0.040316 -0.083143 0.036429 -9.297200 5.702200 9.786100
0.018389 -0.133770 -0.072769 10.527000 -8.812100 5.246700
0.013337 -0.093326 -0.025809 -3.323900 -2.341300 3.332800
-0.068640 0.181210 0.027447 -8.678800 -15.760000 0.465460
0.079382 0.122530 0.159070 17.851000 8.308700 2.917600
0.093330 -0.142160 0.189100 15.011000 2.669200 14.346000
0.030307 -0.153390 0.020912 -1.559100 22.212999 -5.576600
0.036837 -0.126870 0.150500 -2.181800 -7.389900 17.593000
-0.403890 -0.088103 0.011951 5.698400 -1.958300 2.038800
-0.274370 0.137660 -0.150200 -33.356998 15.385000 -23.660000
0.463820 0.325320 0.150670 4.205700 8.663000 0.947910
0.307750 -0.491200 0.261890 -13.421000 17.122999 -24.962000
-0.273560 0.248600 0.079366 -18.406000 -6.363500 4.643600
0.006844 0.122420 -0.073323 -14.511000 15.137000 -50.476002
-0.363050 -0.083737 0.078413 -20.169001 -1.414100 16.159000
