0.091587 0.105550 0.057611 -3.326319 0.665430 -8.134540
-0.059979 -0.189510 -0.568160 5.203956 8.781279 5.532620
-0.250050 0.110420 0.020571 -1.279833 -9.720532 3.598656
-0.038978 -0.039448 0.027548 14.095425 27.292445 1.801392
-0.101260 0.133410 0.094940 -6.664342 -10.884075 -4.655727
-0.257690 -0.049909 0.125610 6.678383 -1.268654 1.573194
1.521700 0.566540 0.801940 52.130366 21.377996 23.548651
-0.079137 0.158350 0.094686 2.995199 -8.305160 5.740763
-0.038052 -0.044922 -0.060686 -13.172339 8.742253 12.274184
-0.125260 0.259900 -1.247000 -5.580160 5.299116 -40.875658
-0.339590 0.598710 0.426360 9.702335 -4.823687 -13.750283
-0.298530 -0.039025 0.378550 -4.521010 -2.314288 9.997678
-0.432740 0.144080 -0.203630 -3.470274 7.621520 -2.115998
0.065490 -1.073200 0.318140 -2.997817 -12.676722 4.520840
-0.401820 0.001092 0.385180 0.807892 -9.433810 0.271258
0.158800 -0.985200 -0.541020 1.566257 33.500949 18.151563
0.316490 0.333580 0.296510 10.279927 -3.037701 13.892556
-0.188910 0.088151 -0.089038 -13.489145 -2.026927 -9.104234
-0.239810 -0.273820 0.042487 10.083991 15.832889 3.420762
0.161100 -0.119950 0.437860 0.504293 18.239935 -3.638704
0.032068 -0.219920 -0.294190 15.149748 13.496194 36.076373
-0.246260 0.006619 0.194020 8.842777 -6.480580 -8.640884
-0.095455 0.004694 0.056654 -9.874169 7.758155 3.788219
1.230100 0.814860 -0.891840 25.143798 22.766484 -25.060305
0.241130 -0.206560 -0.116010 -25.958337 13.172870 52.125078
-0.192440 -0.153420 -0.080884 3.704067 -1.702787 -1.193840
-0.004095 0.052505 0.038326 -11.479078 -7.354313 -21.574756
-0.299270 0.155560 -0.086101 -14.310932 -5.422445 0.687559
0.041258 -0.091138 -0.139640 0.561049 6.352249 11.911991
-0.102480 -0.058778 -0.031416 26.621475 -6.035683 -4.935499
0.164350 0.322930 -0.160140 0.904752 11.949867 -9.833574
-0.062974 -0.229870 0.090742 3.749179 -14.031823 -2.890020
-0.124790 0.033041 0.148710 -6.440975 1.585644 4.291232
-0.768730 -0.178980 0.371200 14.953571 5.007225 -7.338973
0.276150 0.133150 0.349040 -2.135418 4.238422 -7.385605
-0.183630 0.043138 0.212040 -2.513260 -6.618388 -8.222883
0.112460 0.097300 0.029926 3.221265 -6.733034 10.153588
-0.542820 0.951040 0.438070 4.206699 4.383747 0.981856
3.440400 -1.635900 -4.125200 19.848499 -9.668273 -21.647752
-0.083350 0.002989 0.464240 3.096535 -5.178028 -2.583906
-0.118390 -0.081299 -0.009104 -8.812340 -9.303259 2.353169
-0.603950 -0.670220 1.383600 8.249112 9.087991 -35.135146
0.715530 0.191100 0.189790 11.551011 0.862993 0.865805
-0.022002 -0.420860 0.046425 -10.313447 -45.664673 -10.109644
-0.141810 -0.210070 0.085369 -5.272674 6.145381 -7.833951
-0.008463 -0.029388 0.721610 -0.714675 1.173889 1.054728
0.006618 0.148790 -0.055525 2.507362 3.547316 -5.547961
0.288290 -0.421320 -0.040496 -5.363754 0.316322 1.765685
0.911320 -1.238600 -0.494190 7.324616 -32.429653 -14.235831
-0.605170 -1.393800 -0.060344 3.065904 11.030125 0.810330
-0.962660 0.746610 -1.275600 41.890534 -31.704284 46.134512
-0.258950 0.409270 -0.281070 -25.750977 36.530377 -10.612239
-0.210300 -0.066789 0.082790 -10.044353 3.268634 8.648260
0.360800 0.042388 0.077855 -2.332459 -1.217102 10.777622
0.045286 0.006693 -0.040223 0.521447 -4.141855 -4.925652
0.122690 0.123200 -0.002680 -8.554382 16.178325 -5.520376
0.081877 -0.212700 0.247810 22.940064 10.580376 8.353124
0.059282 0.150700 -0.033105 -3.204379 -24.418552 -6.292576
0.040914 0.070599 0.146900 3.115065 -23.370153 9.591833
-0.219910 0.292840 0.437640 -33.600907 36.197744 16.009476
-0.021465 -0.437470 0.053700 -13.710171 -18.309507 18.748150
0.059994 0.097399 -0.054691 8.944018 17.389716 6.028813
0.033639 0.248350 -0.199760 8.772458 11.196646 -34.800253
2.571700 -1.509200 -0.126900 -18.156338 15.334781 0.231158
-0.012017 -0.007938 -0.055230 -4.668488 -1.464899 -7.031221
-0.045961 -0.042524 0.162140 7.395061 1.109956 -9.222857
-0.087723 -0.398460 -0.243460 3.526369 14.709453 10.565794
0.173660 -0.520520 0.014089 -17.728581 4.286696 -5.444030
0.025406 -0.232900 0.154900 0.104578 15.103279 -13.975363
0.043893 -0.218200 0.126700 -3.957765 -17.648612 7.478782
0.071483 -0.112920 0.137770 0.450168 -11.775677 -9.904087
-0.512560 -0.355020 -0.199590 -13.641903 -20.845525 -11.234728
-0.080633 0.248910 -0.013297 3.560104 4.424907 12.100693
-0.004895 -0.201580 -0.447250 -1.373339 -0.779546 -9.862893
-0.956690 0.013647 -0.085118 28.523447 -7.914763 -0.349175
0.073996 -0.112910 0.042485 -4.643785 12.769293 12.692778
0.412860 0.649760 0.131520 -5.719746 -7.333835 -4.012852
-0.066862 -0.064300 -0.286860 -12.781564 -14.042106 -11.256558
0.225480 -0.123230 0.043294 13.212601 -22.841345 -10.962118
-0.325160 0.072258 0.497930 3.689501 -1.537730 -4.088711
-0.028954 0.179150 -0.004777 -1.281434 11.067360 2.726541
0.061334 0.109830 0.023189 -8.851443 -4.007651 -1.627784
0.475820 0.085710 -0.343970 8.986593 -1.529713 1.203713
-0.702390 -0.026010 -0.860510 9.905082 -5.892685 2.258045
-0.156340 0.019412 0.078458 -19.388667 -9.284668 26.245435
-0.189720 0.012233 -0.093729 6.501017 4.118964 18.378943
-0.051952 -0.173330 0.176240 -4.150253 10.744932 -13.590444
0.079392 -0.107800 0.032513 22.967418 3.636303 -2.977336
-0.374370 -0.241820 -0.062599 -8.975800 -10.693920 -1.502599
-0.172690 -0.057487 -0.262130 0.162164 3.345090 1.508842
0.082634 -0.040931 -0.603130 4.912912 8.701235 3.974979
2.285700 0.242530 1.554200 -36.638103 -8.613294 -29.656495
0.030130 -0.273020 0.257810 38.010307 -19.775836 35.303104
-0.014326 -0.153800 0.047182 12.489190 4.313920 2.859224
-0.063324 0.140140 -0.194650 -4.407637 -4.131446 -0.425172
0.008962 -0.038367 0.005135 -0.684858 -2.064316 -12.724270
-0.368300 0.008222 -0.163760 12.594751 -1.790092 5.213455
0.195460 -0.355300 0.065760 0.794794 -5.508501 6.858290
0.282120 0.095163 0.077044 11.384031 -0.807775 3.948979
0.395440 -0.173090 0.298900 -18.467842 11.763720 -16.805625
