0.065898 0.024662 0.024245 18.522805 -5.741563 8.455049
-0.045237 0.128720 0.078182 4.942152 -18.561089 -1.600357
-0.033836 0.020827 -0.035762 5.481768 -9.491878 15.609061
-0.067311 0.097380 0.029552 -12.987882 3.951817 4.990791
-0.074446 -0.417290 0.207100 -1.160398 6.792273 -8.669240
1.144500 -1.357600 -0.836400 8.095751 -5.918297 -6.488994
-0.084374 0.052182 -0.002238 7.193271 -6.406709 7.624351
0.051368 0.010273 0.018017 -7.973290 3.495309 -0.105045
-0.072569 0.008924 -0.001809 7.341743 2.885708 -8.065886
0.009215 0.150560 -0.047265 0.829329 -4.874964 1.129889
-0.312060 -0.265750 0.012792 -3.470625 -7.102021 3.264889
-0.058899 0.108820 0.080232 -9.000765 10.369031 6.518493
-0.043963 -0.088473 -0.104250 -11.055587 -19.131932 -15.280695
0.067122 0.006086 0.023166 -1.730218 -0.223678 -2.067230
0.109880 0.117920 0.034687 -23.417141 -17.564868 4.510032
-0.071007 -0.159570 -0.057620 -0.243114 -3.839589 -1.547026
0.138030 -0.066335 0.277450 3.960175 -8.912637 11.982758
-0.042602 -0.167070 0.049331 5.659388 -0.402271 -8.517747
-1.143800 -0.348240 0.480920 12.884681 3.513976 -0.487672
-0.005473 0.005089 0.021371 10.351372 -0.216200 -10.727641
-0.289750 0.021196 0.050850 8.728195 -1.676257 -4.176095
-0.012642 -0.027987 0.041633 17.086306 6.109798 -11.055815
0.302220 0.016116 -0.008779 3.761338 3.022532 -5.322995
0.009083 -0.013212 -0.073526 0.326909 4.965372 -4.651052
-0.184150 -0.135510 0.177950 3.564585 9.151425 -6.843628
-0.017260 -0.054498 0.004661 0.980841 -2.897670 -2.581191
-0.073369 0.027812 -0.028378 7.220988 1.152359 -7.299955
1.051200 0.145240 0.547000 1.238854 1.560864 -0.663042
0.073462 0.006601 0.005034 -11.772206 1.056239 5.129608
-0.048272 -0.029376 0.001983 1.646148 -4.373739 -5.630416
-0.109970 0.065462 0.026850 4.707181 2.025413 5.149970
0.101910 0.018029 0.008157 -18.422354 -3.626450 2.180405
0.047771 0.056189 0.004769 -2.829912 -1.958953 3.552612
0.016950 0.002573 0.022386 -1.603655 6.785276 -4.694505
-0.048268 -0.176390 0.046379 9.024135 0.935379 2.955423
0.047313 -0.088126 0.023197 0.877129 -0.642827 -4.245541
-0.028740 0.028350 0.011075 21.130276 -21.484633 -30.822280
-0.021104 0.049990 -0.013415 -3.243620 -12.094895 1.094471
0.038159 0.054947 0.043402 6.789904 -6.454020 -6.484081
0.029474 -0.029789 0.014852 0.979645 -8.145320 -3.792358
0.221340 0.143690 0.030352 0.490276 -0.727064 3.970846
0.257440 -0.013964 -0.257980 -7.571612 -0.054691 8.579697
-0.062678 -0.032572 0.053262 1.154571 4.896348 -0.702523
-0.040139 0.022513 0.004714 -5.463161 -1.852544 -9.620148
0.016194 -0.050802 0.046837 0.655975 -8.894367 16.990762
-0.027017 0.105700 0.062043 -0.506069 1.090344 13.288302
0.109150 0.075672 -0.122270 3.861020 5.952833 4.572965
0.013041 -0.362460 0.136260 7.272314 2.225219 2.796718
-0.007214 -0.067177 0.021239 -3.767793 0.962950 2.809404
0.112000 -0.098711 -0.083487 -1.960946 -8.969278 -13.711070
-0.194030 0.253400 0.154910 2.850362 -7.134515 -2.543804
0.097980 0.015912 -0.040986 8.536670 -1.903963 3.816339
0.056511 -0.086298 -0.177230 7.602452 -18.034028 -13.243309
0.044181 -0.051646 0.028493 1.961379 4.539558 -1.069626
-0.052846 0.041485 -0.024802 8.404536 12.163198 -6.013056
-0.000348 -0.083311 -0.009583 -11.697657 -13.293645 -4.425786
-0.013542 0.004826 0.051294 10.522813 -16.372444 -4.729987
-0.001183 -0.202520 0.149130 10.631191 -8.378849 7.226826
-0.025189 0.069730 -0.061550 -0.904717 -11.577523 5.961405
-0.013422 0.003719 0.106120 4.423928 8.528048 4.055818
-0.073214 0.013087 0.034615 -1.254448 26.125948 8.761385
-0.069277 -0.132100 -0.035004 3.511215 -1.489188 0.581334
0.107000 0.193290 -0.220700 -14.521257 -21.924073 21.091979
-0.043219 -0.012330 -0.036192 -11.577295 -2.404941 -4.955430
0.325030 -0.203880 0.082189 -15.401502 16.595157 -7.849843
0.150860 -0.145120 -0.285000 9.211534 -10.182747 -23.556182
0.207080 -0.454240 -0.057612 5.194945 -13.408462 -3.851783
-0.028681 -0.054490 0.004497 10.527886 -0.659908 -2.424121
0.191880 -0.116860 -0.070505 -1.793274 3.450530 -3.919688
0.077130 -0.070282 -0.036825 -2.289763 -10.363376 -3.293515
0.085028 -0.090700 0.021183 1.896420 6.839093 1.641916
-0.183060 -0.011089 0.086652 -3.890134 -1.447759 2.225721
0.006620 -0.119120 0.061969 -3.158483 0.543923 4.495951
-0.078798 -0.242900 0.122120 12.088490 3.724833 -3.010880
0.000275 0.083521 -0.081076 -2.143935 6.211381 8.818259
0.004422 0.069673 -0.027475 -9.354799 -12.079647 -8.772676
-0.124470 0.031591 0.012186 -13.992544 1.983470 -4.000686
0.099813 -0.053585 0.015191 -2.808415 5.637069 1.738579
0.016056 -0.067803 0.004780 -7.591628 16.667059 3.967987
0.088369 0.075083 -0.221970 5.326105 0.292989 -6.434107
-0.110010 0.013812 0.069639 -0.440682 -2.536694 4.873485
0.342850 -0.918470 -0.168040 5.819029 -19.148396 -3.208590
0.079167 0.221780 0.042481 -5.489154 0.052561 11.475617
0.099874 0.062681 -0.025107 9.817430 -3.145698 8.410106
0.040881 0.140840 -0.038357 4.023836 15.831414 -7.667349
1.093000 0.151360 0.396350 -0.618995 1.458428 -1.307048
-0.001300 -0.110060 0.054998 0.036049 7.516025 -1.825074
0.019049 0.076355 -0.076485 -20.854839 10.017904 -0.551466
-0.012870 0.003551 0.005673 9.182841 1.527247 -11.804100
0.034961 0.018821 -0.125510 -9.790669 -9.066260 11.844434
-0.113940 0.105460 0.021342 16.169698 2.844666 6.030387
0.105910 0.258020 0.207050 2.609813 11.942359 10.505753
0.008614 -0.064536 0.089168 5.244924 4.914328 -0.495237
0.001446 -0.032889 0.033741 0.227401 -4.565173 -1.618937
-0.007404 0.046098 0.033479 -0.672217 -14.754158 2.291764
0.064294 -0.148270 0.100530 -3.068790 4.247176 5.452666
-0.012199 -0.138620 0.043300 9.773166 -1.014372 -0.626180
0.089159 0.009099 0.083750 2.141460 -2.113880 -3.464012
0.090898 -0.254700 -0.109250 0.591471 -1.770192 1.141543
0.098802 0.031622 0.006780 4.358797 -8.811680 -9.079395
0.259380 0.054712 -0.040850 0.007397 -7.750084 -1.718328
0.057879 0.067677 -0.023599 1.693573 -3.945686 0.599358
-0.181760 0.056969 0.023154 -5.923207 -2.692622 -1.201063
0.085312 0.182280 -0.174360 -4.381320 -0.161150 -6.414650
-0.000596 0.041207 -0.003074 -4.215299 1.039047 -16.355026
-0.019570 0.061362 -0.004314 -1.728998 -6.433377 5.235737
0.132520 0.031929 -0.029236 9.129949 -8.590339 -2.142633
-0.092993 -0.024295 0.070906 -0.978743 7.720393 -5.840379
-0.011602 -0.212490 -0.058264 14.486911 0.854789 2.457376
0.137360 0.091406 0.089647 -0.332323 -15.798174 13.325922
0.048046 0.130930 0.067820 -8.434597 0.785074 -1.915846
0.057007 0.023107 -0.030615 8.323577 7.612669 -15.733220
0.138170 0.072314 -0.023948 -0.311599 4.227144 -4.804347
-0.179890 0.166440 0.851060 -7.704004 0.898208 34.630106
0.297600 0.004601 0.186200 21.266031 1.805711 16.873477
-0.012090 0.017544 -0.004180 5.173485 10.572514 4.843805
-0.055092 -0.057540 -0.019739 -2.975349 10.880836 2.238058
-0.010460 -0.008863 0.024235 -9.962703 -16.866165 3.904583
-0.011332 0.013784 0.004788 4.015921 0.278385 -27.335112
0.007545 -0.005954 -0.102160 6.296245 0.808128 8.258194
0.040570 -0.108190 0.200200 -9.019033 -17.462582 -4.408319
-0.023047 0.010060 0.069026 31.521314 -6.697591 -13.776127
-0.008152 -0.007106 0.061421 -10.489273 -10.598515 -22.783559
-0.066382 0.160350 -0.344190 0.018714 -2.927939 14.628788
-0.012558 0.020010 0.008839 3.069861 -2.784469 -0.368283
-0.267030 -0.126440 -0.083812 -19.783336 -13.739069 1.084030
-0.064774 -0.031674 0.015998 3.652651 0.980611 2.426942
-0.299460 0.146490 -0.455030 0.337641 -4.134447 0.157800
-0.006997 -0.024064 0.005403 -17.902765 -1.365716 22.405166
0.076881 -0.110750 0.040172 6.180343 6.071280 1.964085
0.010922 -0.077383 -0.035654 -9.630167 5.344742 6.664152
-0.048420 -0.123580 -0.166500 -5.451427 -1.779197 0.008791
-0.002391 -0.012838 0.022656 2.579370 -11.205206 5.942715
-0.061338 -0.097575 0.183140 -10.654049 -4.433502 13.353079
0.086583 0.030067 -0.013901 -12.860574 -6.279428 -7.622084
-0.074843 0.022702 -0.094784 11.480038 0.931207 -1.689369
-0.214800 0.007230 0.040968 -6.578474 1.969566 0.850249
0.013854 -0.042568 0.010974 6.086522 -7.494522 -15.617753
0.073267 0.068043 0.084004 -2.961213 6.292640 7.074242
0.074408 0.001622 0.056462 -0.400781 -8.396198 1.467086
0.372500 -0.399310 -0.776820 6.288262 -2.898184 -7.604937
-0.157840 -0.062862 -0.044696 -0.493971 -11.021753 -15.534250
0.137230 -0.031056 -0.087459 -9.311848 0.268573 -6.227784
-0.041174 -0.035069 -0.018696 -3.469307 -2.862781 4.832586
0.039046 0.012833 -0.071625 13.448902 -10.186190 13.463430
0.031383 -0.138650 -0.006873 -6.796419 5.464252 -6.342250
-0.020381 0.031609 -0.037035 -5.072548 3.852913 -12.181813
-1.350200 -0.458530 -0.343120 6.879561 0.863781 -0.664824
0.018572 0.051316 -0.089227 -4.355002 -17.326270 -11.987289
0.000073 0.064795 0.008844 -8.527867 14.346701 -1.867134
0.091456 0.104900 0.068106 -6.124251 -6.070459 -12.432095
0.231580 -0.155120 0.184560 8.723468 -5.919689 -1.877226
-0.028702 0.036722 -0.106420 15.658356 7.320279 3.498834
0.014034 -0.027075 0.097890 -4.609649 -5.186307 13.131412
-0.060518 -0.067008 -0.000521 -0.158842 12.184865 -10.164672
0.057909 0.165470 -0.025089 -1.252907 -10.498978 0.368666
0.120730 -0.022481 -0.070032 -28.589911 8.216344 12.007995
-0.026271 -0.020173 0.025127 -5.435345 -8.189526 -10.413539
0.024273 0.010003 0.001687 -4.076027 11.814527 -7.866948
-0.107590 0.063435 -0.380270 -0.893939 1.291538 2.659976
0.119470 0.016102 0.001104 5.223322 -10.430414 5.281467
-0.030082 -0.034405 -0.023643 -11.712516 -2.657028 4.414995
0.018328 0.035888 -0.058481 -2.113172 -18.292006 -10.414146
0.172540 0.035005 0.004097 0.244505 -1.726523 -2.328481
0.019488 0.038344 0.032192 3.613246 5.094433 0.910413
-0.040366 -0.023576 0.128710 0.673275 -15.241330 1.519724
0.041486 -0.067152 -0.049625 2.134521 -13.544234 1.402828
-0.069223 -0.075405 0.318720 2.103276 3.095684 -6.477339
-0.107020 0.075135 -0.012378 -0.889003 1.749944 1.008967
-0.415070 -0.124810 -0.257340 -21.263540 -11.729659 -12.862917
0.110800 -0.055288 0.004796 -6.473247 6.626703 -2.522326
0.108530 -0.034147 -0.092418 -5.056214 5.098976 -3.789302
0.097295 0.228510 -0.110960 -10.503985 -15.665700 -2.740428
0.056274 -0.025625 0.045164 -2.340327 2.337602 -6.890681
0.072119 0.018049 0.008235 3.001610 12.462882 0.918643
0.040312 -0.019321 0.047230 0.234024 -7.113595 -1.571519
-0.312610 -0.437770 0.084434 1.452646 -2.510548 3.448578
-0.002240 -0.018601 -0.027594 10.291224 5.663635 -2.401310
-0.145460 0.008861 0.601590 -0.256597 -2.361911 13.806146
-0.231980 -0.111760 -0.303190 -4.542943 0.001813 -7.531438
-0.016622 -0.017887 -0.050273 -4.193694 11.799200 12.224267
-0.297460 0.005756 -0.103200 17.579729 2.473069 2.788436
-0.265150 -0.056028 -0.069397 8.362714 -3.352821 0.511446
0.109200 0.003936 0.003207 -15.495218 4.986028 -17.760019
0.032518 0.048701 0.000240 -2.268296 -11.563116 16.555435
0.037026 -0.018677 -0.061681 19.672670 -2.226289 -3.890385
-0.020197 0.058903 -0.030894 3.941264 -0.588292 -7.264947
0.005218 0.197530 -0.057735 3.187348 10.669458 0.611256
0.119330 -0.070893 -0.006256 -24.928041 1.160030 -2.044638
0.015711 0.110350 0.102750 2.776920 5.486896 12.910782
-0.010810 -0.040359 0.028051 -9.060814 8.208822 -22.554856
0.039526 -0.142170 0.019669 4.922590 0.984051 -5.463087
-0.062202 0.042407 -0.216450 -3.884428 0.967387 2.859788
0.068574 0.032711 0.144900 7.217292 2.451271 -14.214900
0.060260 -0.034499 -0.252760 2.802556 -4.271611 18.849709
0.082791 -0.147840 0.038062 -10.868224 6.804381 8.229119
-0.081460 0.017760 0.031150 1.483806 9.807875 -10.041020
0.080563 -0.110940 -0.004249 0.484279 -14.044680 3.653925
-0.075059 -0.467670 -0.570510 -1.030312 14.964539 15.574280
0.045341 -0.162650 -0.158880 -1.537807 5.397514 5.558805
0.131690 0.031053 0.084967 -7.096885 10.950913 -5.562807
0.018145 -0.041074 -0.002940 -4.013505 -8.848543 -16.104392
-0.045734 -0.082452 -0.395560 -6.007333 0.716452 5.374784
0.085193 0.076973 -0.031162 -0.438289 3.607392 -0.654960
-0.009813 -0.163800 -0.026852 -15.670283 8.989945 4.459633
0.076187 0.437240 0.579570 -1.038240 -13.822687 -21.587394
-0.010590 -0.015867 -0.087034 2.335619 -4.590329 3.208321
0.042786 0.058356 0.164840 8.287622 11.995779 29.604213
0.002826 0.159990 -0.142250 2.729927 3.226190 -11.183611
-0.099548 -0.021038 -0.056689 -3.533323 1.644629 -8.696205
-0.001954 -0.003362 -0.040542 4.602543 -3.557376 16.683091
0.080072 0.101220 -0.064082 -5.034242 -4.494215 -20.901471
-0.044116 -0.160030 -0.033328 3.196142 5.939235 0.089791
0.409830 -0.195670 0.329350 -1.249742 1.487638 -5.408333
-0.035490 -0.176450 -0.182990 -0.538968 4.826475 10.164076
-0.095075 0.238310 -0.098659 2.517343 -1.698805 6.622980
1.001500 0.335950 0.097511 1.205225 -0.382851 -0.199872
0.070952 -0.053934 -0.049421 -5.801480 10.364051 1.908693
-0.374830 -0.298240 -0.218020 -5.357656 -5.983132 -0.275661
-0.005336 0.070660 -0.169480 12.275942 -1.070688 -0.171734
0.000818 0.069760 0.083274 7.468692 -5.931338 0.402303
0.026799 0.065813 -0.097159 -9.284557 2.118405 -8.645334
0.024884 -0.007891 -0.027392 -6.291816 9.964125 18.550632
0.007220 0.142650 -0.083241 -2.560084 4.993474 8.113726
-0.015883 -0.033056 -0.060824 -0.957492 12.413656 -11.369217
-0.097632 0.032879 -0.058210 2.596529 -5.531761 4.421230
0.001408 -0.105110 0.039497 0.182165 -11.077397 -4.456777
0.020563 -0.018356 -0.043547 11.352343 -0.649034 -1.362035
0.038143 0.163070 -0.027757 2.354771 7.118076 -8.850781
0.020432 -0.032409 -0.063287 -0.298691 -1.664591 -4.607666
0.021365 0.008293 -0.006477 13.432937 -17.551204 1.511374
0.010626 -0.075711 0.043037 0.952164 -8.619954 5.038306
0.119220 0.128020 -0.055328 4.495408 12.483464 8.365641
-0.026548 -0.037919 0.126510 15.363933 -1.632118 -21.881562
-0.068899 0.036175 0.019096 10.218829 4.542122 1.814189
-0.126860 0.048527 0.082764 14.196763 -24.720174 -7.178701
0.003019 0.005537 0.060611 9.274435 9.019061 -0.976919
-0.010183 0.046696 0.020313 4.357397 5.533458 8.628918
0.104470 0.064979 0.088860 1.962439 5.855677 2.218864
0.079841 0.080156 0.084412 -2.460354 8.143298 4.654039
-0.040512 -0.026744 -0.134120 2.874099 2.812490 -4.430236
-0.072428 -0.077880 -0.017357 1.366309 22.734159 2.747238
-0.080926 -0.071409 0.015024 1.852593 -0.677469 15.096746
-0.006756 -0.030600 0.021144 -0.492456 10.273526 -14.222095
0.056405 -0.061094 -0.101170 9.127325 1.681890 -6.781238
0.239740 -0.357630 0.073287 -8.110101 9.805351 1.429918
-0.008044 0.018767 0.025942 7.255641 -20.444312 -11.696648
0.133120 0.025208 0.128230 14.916944 -6.762974 4.708569
0.015785 0.005597 0.034063 0.280390 1.186620 -11.264233
-0.190940 -0.121940 -0.289870 2.848088 -1.059765 5.760266
0.069849 0.015909 0.039333 -1.633213 -27.788261 -7.131509
-0.108790 0.300210 -0.111120 -6.227660 8.776039 -7.586862
0.131620 -0.201660 -0.042751 -1.141692 15.659493 7.553326
0.082756 0.369990 -0.229060 -4.347707 -11.479968 5.017561
-0.025660 0.024805 0.008464 -1.431718 9.597005 -19.740119
0.022140 0.066100 -0.045715 -5.824607 9.095387 1.947661
-0.003581 -0.115500 0.000980 -2.823175 1.898543 3.052150
-0.224130 0.237370 0.095096 -1.622529 10.571763 4.954472
0.093240 0.218800 0.136260 4.825108 4.320761 -0.616045
0.322130 -0.093382 -0.089072 13.587944 -8.337481 0.683673
0.129540 0.068573 -0.033749 -8.262560 -6.746185 1.348811
0.018211 0.022905 0.001283 -9.701317 9.791487 -3.423791
-0.016864 0.018548 0.010517 15.037717 -17.557282 2.637137
-0.045942 -0.002097 -0.083299 -1.592392 9.048782 1.879887
-0.036962 0.104410 0.022443 0.790237 0.908653 -2.385193
0.036074 0.069107 -0.003517 6.338486 15.855298 11.105042
0.471270 -0.712470 0.035098 21.787494 -23.597271 1.388792
0.137080 0.010052 0.015458 1.778416 4.481164 9.282885
-0.034923 0.002489 0.001431 -6.274825 4.780211 5.060609
0.097566 -0.041955 -0.115060 1.123934 -5.088603 -7.662848
0.109080 -0.340120 0.071116 1.567923 -11.555216 7.074015
0.094182 0.375080 0.219220 -6.168939 11.202311 -0.200593
0.197690 -0.037108 0.217460 -6.173233 0.201100 -3.008630
0.247970 -0.168410 -0.075390 -14.469328 6.068521 4.785144
0.097108 -0.029671 0.069973 -0.989061 9.453883 -8.345330
0.124920 -0.002313 -0.104130 16.045989 -0.443303 -12.312331
0.119360 0.024934 0.016995 18.130748 8.691798 2.257868
-0.217160 -0.090012 0.025671 -3.123764 -8.711147 9.355322
-0.037656 0.021400 -0.005428 -12.194639 -1.374735 -10.735555
-0.120160 -0.047090 0.000274 -11.392795 -15.474779 -9.127793
0.041371 -0.010500 0.075418 10.275747 -5.892720 -1.361164
0.034899 0.015169 0.078070 14.264755 15.632227 5.465048
-0.030198 -0.041667 0.024936 10.848601 16.769654 6.587234
0.083294 -0.143450 -0.036665 -0.259956 -6.005354 -4.761408
0.011031 -0.024275 -0.010851 -25.429303 -2.671616 -5.071592
0.099916 -0.035568 0.156470 1.124268 -4.547797 6.813943
0.001753 -0.010146 0.081491 1.465754 1.180413 -2.340707
0.024582 -0.378800 -0.035559 -2.099306 14.377970 0.352614
-0.013393 0.072326 -0.001251 2.936123 -3.657281 0.992333
0.227190 0.117750 0.155640 -7.847849 -4.515562 -1.063517
0.055415 0.015617 -0.120680 10.463900 1.985324 -14.203805
0.104910 0.223700 0.185670 9.584269 10.272809 -3.328908
-0.019750 -0.344760 0.022898 1.312156 7.551845 -3.435518
-0.628520 0.208460 0.030872 -6.150744 0.512842 1.018130
-0.061350 0.021569 0.067137 2.382018 -5.055906 -2.985798
0.043298 0.057539 -0.189320 3.257155 -13.422896 21.243474
-0.059361 0.003876 0.041125 -17.899489 2.088003 21.364585
0.031856 0.055479 0.128520 8.925165 0.166801 4.049000
-0.097902 -0.121470 -0.039075 -2.521534 -12.049307 2.456193
0.167210 -0.216810 -0.016917 6.389407 -11.491851 -0.992717
-0.108430 0.018385 0.013742 15.804504 -8.589771 -0.901729
-0.184280 -0.238380 -0.076348 10.245435 10.959648 5.205086
0.060157 0.045343 0.052020 7.346305 6.219999 12.537188
-0.030670 -0.039922 -0.040728 4.335029 -18.847535 -17.316397
0.091419 0.047409 0.001458 14.431174 9.391383 -2.920849
0.085472 -0.186670 -0.054569 -0.893985 -1.853291 2.914251
-0.000393 -0.040573 -0.047012 -6.157609 -6.134664 6.954773
0.006582 -0.171720 0.008620 -9.582480 8.178023 11.096766
0.078358 -0.287410 -0.178800 2.795187 -8.404980 3.099804
-0.082549 0.082864 0.020121 18.956205 -21.066881 -8.732118
-0.141040 0.048881 0.001483 -7.150329 11.046005 5.466109
0.042766 -0.128910 -0.037264 -1.126412 28.243272 14.031659
-0.031176 -0.157620 -0.063264 -0.414899 -12.483886 -7.416563
0.050465 -0.074230 0.030415 1.848271 -14.362791 -2.028490
-0.079163 0.016328 -0.029455 -2.217804 5.189535 -1.511415
0.581680 0.342030 -0.823290 -13.676709 -9.545314 19.608220
0.025947 0.015660 0.120560 11.586826 0.529841 5.310011
-0.032971 0.120140 0.107410 -3.497773 -10.019644 -7.250048
0.021139 0.101430 -0.046110 -0.498552 1.622760 10.863737
-0.058161 -0.041834 0.001143 -9.166374 -15.991229 20.744158
0.034535 -0.057079 -0.058073 0.655727 -4.393512 -0.144892
-0.070143 0.094048 -0.015132 -2.779429 17.099985 -3.614324
0.010566 -0.060977 -0.020330 2.612334 5.647756 -12.495630
-0.143470 -0.039321 0.013430 -1.866556 10.102431 -3.344500
-0.054364 0.039212 -0.018820 -17.269265 7.158011 0.113190
0.237440 0.064992 0.128090 23.726144 0.266256 4.290249
-0.044268 -0.084113 0.110540 3.816744 -0.905959 -10.059784
-0.008468 -0.021356 0.012054 7.411487 2.836946 -1.134912
0.026680 0.023087 -0.120750 -0.957041 -4.053765 -3.935459
-0.091238 0.131870 0.146570 -1.318834 -3.036885 0.075103
-0.071779 0.010033 -0.019441 1.707880 5.583438 -7.364469
0.124600 -0.196020 -0.106010 1.758311 -5.254705 0.406265
-0.223620 -0.041279 -0.008558 6.864647 7.371808 -4.323255
-0.246630 0.084212 -0.077358 -3.431630 0.872186 3.522457
0.012737 -0.081462 0.281380 1.654931 1.046296 -20.014941
0.113730 0.060818 -0.176910 -7.115987 -5.455314 24.263480
0.083047 -0.041983 -0.055650 -0.919795 -5.172559 -4.325699
0.062415 0.140140 0.004104 15.119726 13.703449 -10.095938
0.046279 -0.379680 -0.041208 4.640200 -12.685542 -0.655083
0.006962 -0.079622 -0.078884 -6.064049 -1.867494 -9.906106
0.098336 -0.070424 -0.126460 -0.400918 -0.025611 1.287839
0.017811 0.046386 0.049023 -25.358529 -18.186269 -20.382647
-0.114100 -0.028356 -0.063837 -12.048368 8.553897 -0.091281
0.042696 0.024075 -0.008042 -7.542369 5.311761 -12.044753
0.017899 0.223830 0.074453 2.739889 0.016797 0.408625
-0.093062 0.050136 -0.003151 4.927337 6.463288 2.864752
0.018130 -0.272280 0.167180 0.680554 -11.712701 3.993020
0.044485 -0.056046 0.003990 -0.556220 -0.162616 2.476050
0.018136 -0.041131 -0.069204 2.688414 4.526540 2.504319
-0.124590 0.011750 -0.087853 -6.091299 -4.759955 -1.768406
0.045015 0.104500 -0.102070 5.908697 -4.558841 -11.089003
0.095841 -0.022246 -0.010175 -1.568273 3.960420 7.783143
-0.002629 -0.114040 -0.019674 3.123570 -1.838156 1.221971
-0.009788 0.094494 -0.046470 1.390249 5.252884 -2.382623
-0.116290 -0.113900 -0.045110 -2.958454 -3.651703 -3.757915
0.043260 -0.025792 -0.082850 4.739769 -14.136094 6.236445
0.054273 -0.017050 -0.035000 4.748755 -4.048502 -3.483909
0.096560 0.114170 -0.046716 5.150517 -2.585896 -4.895633
0.034595 0.014967 -0.056195 -6.292497 -7.119121 -0.905439
0.261040 0.141410 0.083027 -12.573373 -6.529008 -7.482414
-0.056071 -0.034085 0.010910 2.139183 6.104764 1.623768
0.077025 0.140220 0.024631 -0.952062 -5.818263 -15.355912
-0.110770 0.040075 -0.244780 -0.968824 -1.914264 2.574495
0.000283 0.013959 0.024487 -4.872244 -3.272350 0.788233
-0.023665 -0.089964 0.045475 7.136031 -7.884978 -3.222101
-0.100980 0.079446 -0.074679 -8.486640 -0.592415 3.707412
-0.320430 -0.323030 -0.129500 -8.344404 -7.011191 -6.276247
-0.022511 -0.064978 0.006837 19.077587 -13.813710 -0.730920
0.077578 -0.145590 -0.065737 -4.528606 1.406466 1.974882
-0.171290 -0.020139 -0.044463 2.033270 7.091214 4.522592
-0.101720 0.131320 -0.007567 9.428487 1.716501 -0.848522
0.102280 -0.036550 -0.069902 -3.478041 -3.798128 -6.915217
-0.005996 0.131300 -0.034075 12.447871 -22.919795 4.730081
0.208500 -0.051682 0.136140 -10.934217 -6.488004 -12.511594
-0.001395 0.008593 0.001010 -4.398157 -5.529344 8.564757
-0.148770 -0.088505 0.012037 -41.690844 -6.093026 1.069300
-0.047323 0.081142 -0.074089 -11.605109 -10.571110 -14.152180
0.019403 0.063589 -0.022411 -0.943093 -1.704722 -16.092859
-0.023438 -0.009533 0.026287 -22.831196 -16.999417 -18.835883
-0.328820 0.164330 0.164070 -15.714916 9.626639 3.788807
0.009392 -0.047421 0.054652 -0.427937 -5.606843 5.133615
-0.090012 0.209130 -0.135030 3.783729 2.713941 0.656986
-0.066684 0.050875 -0.006805 3.745962 -12.646390 11.814404
-0.089358 -0.082793 -0.094673 5.919156 19.273342 28.061766
-0.017791 -0.004259 -0.003813 12.131134 -12.543185 16.089533
-0.035861 0.070584 -0.010224 1.853965 1.348434 7.566864
0.094423 0.087106 -0.003993 -3.517149 8.672978 -16.853498
-0.123060 0.023522 0.002894 3.193526 -15.484595 4.637556
0.093018 -0.130460 0.008919 -2.262208 -8.130750 -6.311048
-0.005264 -0.081466 0.011424 1.389224 -1.235543 -10.344158
0.055748 -0.058293 -0.078640 -10.147195 2.583813 -22.870937
-0.010374 -0.002308 -0.102330 11.447053 2.527758 -2.807814
0.063277 -0.014532 0.036078 14.490195 -5.708768 7.188582
0.004624 -0.036354 0.060783 -5.065433 3.584353 -5.851469
0.012017 0.001720 -0.006913 -5.300453 -9.803302 -18.024020
0.171630 -0.128450 0.056309 -1.429443 10.877491 -1.757082
0.074774 0.075570 0.023635 -8.127972 8.284042 -4.540946
-0.022943 -0.060745 -0.056104 -5.523059 -0.869769 -8.117969
0.083841 -0.311860 0.090331 -6.035343 15.273782 2.672309
-0.068917 -0.069737 0.149660 -8.367007 -11.126405 -3.287428
-0.027148 -0.045823 0.060401 -8.473686 -2.657958 -10.553127
-0.074159 -0.016534 -0.069852 -11.684527 -11.951194 -9.386856
0.366900 0.736970 0.011198 2.838648 5.632663 -0.153935
0.050149 -0.048966 0.082615 11.714293 -12.781941 -5.409156
-0.087350 -0.148600 0.003790 0.905878 5.982061 9.907875
-0.026226 0.083427 0.018735 -2.782491 -6.830196 8.919760
-0.012556 -0.088433 0.030136 2.676353 18.593096 -20.035871
0.069990 -0.425230 0.068475 -8.718326 -2.464241 0.647489
0.146870 -0.134370 0.092052 -18.896337 14.116288 -4.660233
0.071767 0.238060 -0.069807 3.278323 19.282358 -8.983002
0.084783 0.021652 0.054172 13.820415 -0.296666 15.928279
-0.250690 0.610080 0.725310 2.124251 -7.950305 -10.109560
0.071547 -0.062675 -0.047966 0.743579 -4.005007 -15.019679
-0.017157 -0.051385 -0.171050 -2.952838 0.824296 -21.852507
0.018632 -0.085820 -0.046080 2.633425 18.443646 17.425340
-0.022878 -0.188210 0.057019 1.203682 0.608133 0.459364
-0.078156 -0.046829 -0.015245 9.668733 -8.013726 -0.069538
-0.006786 0.001969 -0.052230 4.214369 0.978475 -3.510780
-0.032322 -0.095855 -0.032282 2.395885 0.314817 -2.608575
0.047368 -0.010900 0.005353 9.120337 5.211066 13.439267
-0.071966 -0.007018 0.055334 -4.112168 13.182299 -2.144706
-0.172850 0.014774 0.182880 1.977801 0.780855 -12.709918
-0.097658 0.091179 -0.012491 10.590241 -6.043684 5.546747
-0.033377 0.050926 0.024755 -2.148647 -4.573193 -0.114474
-0.004785 -0.077049 -0.017706 0.074602 8.476527 4.161474
-0.184540 0.134420 0.133280 8.549235 1.682418 -6.666205
0.154360 0.052391 0.127260 -3.309649 -3.141595 6.076932
0.009705 -0.123130 0.052673 5.099928 -8.895499 3.395895
0.071777 -0.087703 -0.013349 19.591025 -12.369208 -0.843107
-0.061797 0.381040 0.118580 3.359152 0.008410 -2.627240
0.006420 0.014244 -0.090088 -9.940332 -0.694198 5.218167
0.115700 -0.128940 -0.041904 -8.243084 12.034054 -3.765482
-0.049189 -0.079977 0.023146 5.886790 -11.641419 3.275408
0.243510 -0.238930 0.082196 14.760669 -3.979254 -5.059314
-0.057096 -0.012566 0.020331 -4.201588 8.697440 -2.148565
-0.076981 -0.026213 -0.151520 -4.873344 9.366336 0.300306
0.019489 -0.152740 0.049442 1.527272 8.051193 7.241950
-0.098826 0.022453 -0.084053 14.698726 -1.299183 2.458831
0.061578 -0.011024 0.107310 -5.036448 -15.494437 0.434947
0.176960 -0.075518 0.147340 0.358769 -0.982328 1.335677
-0.000988 0.034812 -0.044388 2.648035 -11.619862 -9.022376
-0.247670 -0.160010 0.322310 -5.610529 8.033688 -3.908807
-0.049917 -0.182350 -0.086122 -5.203120 4.617599 4.416262
0.009004 -0.002004 0.012808 -1.044142 1.568926 -19.928831
-0.054092 0.013288 -0.003831 -1.789476 -5.992884 -14.712343
0.066347 0.058864 -0.088819 4.285598 4.859586 14.158294
0.032611 -0.296090 0.301960 4.867844 -12.548308 9.987094
0.079238 -0.033361 0.044569 -4.825441 -9.003145 4.697335
0.058149 -0.037159 -0.064018 7.703149 -3.663563 0.161770
0.003208 -0.148370 -0.041178 6.745520 -4.926295 -6.327180
0.025911 0.019995 0.292350 -1.495667 1.983665 -3.568339
-0.277190 0.568730 0.246470 5.359162 -8.531636 -2.483973
0.125260 -0.081073 0.042752 -4.280916 -3.069479 -5.480602
-0.011401 0.064424 0.019952 -6.211955 1.872156 9.279266
-0.013164 -0.005877 -0.024976 1.573399 12.188279 -3.978361
0.026252 -0.010212 0.063614 -3.061606 7.939870 3.691639
0.006276 -0.018129 0.035307 -8.126668 -2.044258 7.849280
0.003586 0.031657 -0.019375 4.752057 29.325286 5.006972
0.550660 0.128020 -0.541000 2.078672 0.125828 -1.466693
0.081398 -0.001737 0.065665 7.471109 -1.313415 -0.774111
-0.036003 0.003628 -0.019915 -7.101939 0.973923 4.723870
-0.070246 -0.040874 0.092870 11.513786 -1.327408 -26.809379
-0.016607 0.019951 0.016404 -10.796032 1.066609 -10.715036
-0.013665 -0.113300 0.145700 -0.603705 -0.431510 -2.106805
0.027416 0.184780 0.062182 -5.917908 -12.396853 -15.535133
0.277680 0.051294 -0.002848 -13.268685 -8.311788 -1.463888
-0.155180 -0.001812 0.032817 4.971089 0.569742 -2.871963
0.062263 -0.069314 0.023445 11.560148 -16.268484 -6.832705
-0.021884 -0.041604 -0.047823 4.164036 1.351900 16.343511
-0.097077 0.051447 0.105170 1.293526 1.752715 -0.642206
-0.085561 0.051716 0.011501 -6.780288 8.445139 -2.468246
0.062090 0.090357 0.148270 -11.749386 0.873792 -20.386502
0.078602 -0.041927 -0.002059 18.529931 6.430604 -5.610492
0.000941 0.059138 0.043513 0.299980 -1.442970 -3.618932
0.158600 -0.256310 -0.195270 -3.836167 -2.500861 -0.748593
0.041139 -0.044809 0.004003 -7.647496 1.210416 7.873139
-0.212010 -0.218180 0.145410 -7.363897 -8.485978 12.753059
0.086070 0.068151 0.111380 -1.446885 1.516917 5.789045
0.079033 0.069303 0.187820 13.211592 2.855718 15.907746
-0.044779 0.041550 0.298740 3.645225 -0.259820 -20.722423
0.017000 0.016076 0.001226 7.657970 -4.209840 -0.835371
-0.017511 -0.018412 0.066213 7.550793 1.033643 -9.795739
-0.092257 -0.267300 -0.105200 3.417969 -15.854962 -3.284733
0.026529 0.005892 0.112790 0.983184 0.366719 1.857986
0.042306 0.094717 0.217120 -13.506185 -12.936393 -22.343120
0.011666 0.054859 -0.018181 2.540305 8.584913 -7.659786
0.010798 0.058098 0.002941 5.552938 3.964846 5.377612
-0.128520 -0.068537 0.208620 8.260233 11.676512 -21.660472
3.089800 -5.581900 -3.422400 -2.052272 -3.252212 -0.864238
-0.246540 -0.060957 0.678800 2.943333 9.639768 -10.642570
0.004643 0.024175 0.012799 27.226714 -9.962699 -2.403445
0.035542 0.025219 -0.148170 2.405199 -2.335804 -9.146497
-0.017847 0.143070 0.119620 3.026695 -5.880823 2.845106
-0.186540 -0.082371 -0.090616 -9.518959 -5.766980 4.709627
0.296790 -0.121420 0.247680 2.908683 4.555282 -3.441902
0.042329 -0.131500 0.098018 -4.243178 0.782746 -7.467919
0.193620 0.182620 -0.182080 1.956831 3.630879 -2.084800
-0.013447 0.052216 0.009432 4.241580 -10.998058 -11.529768
0.071398 -0.003617 0.068439 10.205703 -2.790934 -1.308505
0.017653 -0.076561 -0.108190 -0.763319 -12.761032 -1.528690
-0.005067 -0.000968 -0.030000 2.488936 -7.712613 -14.692490
-0.005471 -0.113420 -0.054089 0.349593 10.624261 -3.272776
0.087337 0.040952 0.019850 -5.994811 1.732215 -0.293549
-0.174890 0.328660 -0.428400 -4.792299 4.298339 -1.858852
0.024991 -0.099338 -0.036041 3.161861 14.246341 24.621041
-0.085734 -0.034603 -0.005258 22.986522 -21.096975 13.615951
-0.058859 -0.083279 0.036756 -2.265453 -6.280779 2.784145
0.075538 0.213690 -0.118310 -2.429437 15.788754 2.334480
0.031828 -0.070180 -0.075521 -2.320734 -16.541270 -3.882975
-0.034329 0.131060 0.092315 4.263513 -9.648500 3.525327
0.010089 -0.031593 0.014509 -4.307975 3.584932 2.178701
-0.070683 0.066832 -0.052009 29.299574 2.550059 -6.042838
0.007562 0.075535 0.039664 3.585347 15.637898 0.155066
0.021008 -0.012816 -0.025165 3.413286 -11.213663 10.585686
-0.018046 0.061638 0.092299 2.349816 -7.620528 -13.336726
0.069982 0.019266 -0.011771 -5.902570 7.168069 3.943320
-0.092507 -0.002437 0.016131 8.565711 11.919586 3.011465
-0.028277 -0.026934 -0.010910 8.523147 -3.619439 -6.446759
-0.013203 -0.031182 -0.003625 -8.425064 0.116603 -5.291917
-0.021846 -0.071280 -0.058728 1.613832 10.223717 1.891468
0.029797 -0.065935 0.008997 0.273922 -0.989254 -6.889450
-0.010495 -0.027841 -0.022444 -1.902369 -9.840604 -17.289473
-0.124900 -0.189640 -0.057471 -8.782010 -10.392787 -7.065432
0.057490 -0.056806 0.048066 -1.984282 0.898225 -6.067682
0.087262 0.014562 -0.030573 -2.263171 0.051327 -3.440486
-0.052766 0.024829 -0.211920 -7.389448 11.625297 -20.354120
-0.178320 0.085176 -0.386360 3.293551 2.647265 0.264355
0.007878 0.112070 -0.101330 3.344327 -18.415680 5.332758
-0.099132 -0.155300 0.040655 10.433046 3.820200 2.449068
-0.170410 -0.170030 0.134600 -3.218489 5.891846 -4.713774
0.039399 -0.146490 -0.047976 4.955827 -23.500046 -7.946590
0.082561 -0.179170 -0.009692 -11.934849 8.240602 8.142209
-0.032372 0.072960 -0.111600 7.780504 19.555677 5.955228
0.048449 -0.080335 0.061727 -0.007182 8.997195 5.603981
-0.000500 -0.016183 -0.079496 -0.376136 -0.819708 -4.883253
0.004272 -0.084907 0.010641 6.058845 11.533284 -0.982958
-0.068431 0.025294 0.093141 7.018769 6.195337 3.694838
0.341340 0.284280 -0.137850 -14.883858 -9.531858 2.858319
-0.236340 -0.397210 -0.248890 -8.548305 -6.557307 -6.500099
-0.045310 -0.108520 0.203160 3.569696 -0.905225 -7.124159
-0.056927 -0.100670 0.173970 5.219046 -3.818355 0.678327
0.415040 -0.189350 -0.229320 7.720934 -7.806413 -7.897570
0.012516 0.131470 -0.148740 7.835506 -5.391939 8.167784
-0.001672 -0.000154 0.091862 -0.765839 8.824216 3.494944
0.074711 0.030529 0.322450 -1.488111 -2.580151 -11.849803
0.029515 -0.042428 0.040334 -0.541636 -14.587984 11.201058
0.014793 0.047972 -0.045018 5.702527 -2.268394 1.027156
0.016984 -0.123400 -0.108850 -5.595760 0.064967 -3.266263
-0.054902 0.036302 0.055376 -2.704342 12.778554 -11.607722
0.011028 -0.029941 0.013201 2.142480 -17.267038 9.255195
0.062207 -0.045138 0.030093 2.398527 -2.183437 -1.213029
-0.030146 0.011279 0.009250 -6.702116 2.256061 13.910856
-0.145740 0.123430 0.102720 9.454691 -7.706981 -7.319820
-0.147950 -0.069365 -0.098809 12.664603 1.479535 7.684133
0.070548 -0.003155 -0.048670 12.534251 5.040746 -14.364992
-0.166620 -0.579420 -0.187400 -1.754162 -1.867976 -4.192514
0.022147 -0.000389 -0.045766 -0.426707 -9.716927 -29.823552
-0.034407 -0.032921 0.108740 -5.219157 3.895500 3.540214
0.004860 -0.077112 0.132140 1.850276 7.019385 -11.783818
0.015881 0.022791 -0.058737 -4.002797 -1.410359 8.605105
0.082043 -0.027697 -0.011458 -0.064711 -10.761118 -4.476397
0.466510 0.256650 0.217810 -3.777024 -6.379313 0.529913
0.013263 -0.012543 0.027430 7.942794 -13.297041 -3.971567
0.058587 0.453260 -0.529110 -2.325744 -13.349021 11.625972
0.057270 0.071294 -0.140310 -4.461760 -2.361889 2.974539
0.072584 -0.044696 -0.038640 20.183995 0.717250 3.584350
0.027885 -0.038683 0.056297 20.383510 7.781283 4.112654
-0.007089 -0.064909 -0.067026 -6.827738 -3.807526 11.624840
-0.326650 0.292560 -0.034118 -7.827181 11.763460 6.958299
0.023686 -0.005136 0.015431 -9.472731 -6.430556 2.565409
0.047029 -0.017914 -0.006303 12.938895 4.111169 -4.709474
-0.272130 0.246760 -0.876100 -1.568611 3.461972 -5.461713
0.101480 0.011159 -0.149870 4.499926 -2.217743 -2.329941
0.020559 0.040427 0.068342 10.073928 12.764102 2.817702
0.186130 -0.110230 0.128320 10.271324 -14.865676 9.361326
-0.023729 -0.498200 0.217550 1.283397 -26.409934 10.518563
-0.014942 0.039955 0.013071 -0.500842 4.423921 -27.241009
-0.020412 0.212090 0.087158 -2.266505 -8.777656 1.779722
0.044223 0.003035 0.043424 -0.812470 -0.619004 -9.895069
0.162200 -0.100680 0.001567 4.073831 -3.088709 5.256202
0.113710 0.372110 -0.979830 1.263713 4.601710 -11.876235
0.007945 -0.004386 -0.006920 -0.816575 4.518210 -15.649983
0.110600 0.030398 0.044138 20.221922 2.819585 11.974425
0.026913 -0.000091 -0.010586 4.485775 12.622206 -7.474378
0.113750 -0.110200 0.045247 -2.048113 -0.383028 5.431494
-0.113530 -0.015937 -0.033255 -7.659232 -1.155527 -6.362702
-0.092256 0.070670 0.012055 -5.590547 -3.324636 -9.018267
0.035714 -0.033499 -0.055028 -6.691488 -6.976417 6.640685
-0.091140 -0.056469 -0.000676 -0.912158 1.344308 -15.101431
0.008884 0.032896 0.042158 8.088452 3.890274 9.297969
0.026580 0.004055 -0.002817 -6.687266 7.776759 0.786064
0.099098 0.051717 0.069490 5.448015 3.491317 -6.186669
0.424650 -0.148410 0.165860 -10.514880 -3.805396 -4.158427
0.083090 -0.291550 0.042928 -9.780483 21.281304 1.497150
0.060000 -0.242350 0.020241 3.466072 7.068341 -4.259924
-0.015700 0.006372 -0.048932 -11.130582 -12.138023 5.679273
-0.017154 0.028848 -0.019805 9.239244 -2.844357 12.230042
0.167730 -0.018601 -0.237770 -11.406418 11.207910 -5.041716
-0.100110 0.013700 -0.148020 9.600426 5.888968 11.790905
-0.023664 0.087447 -0.320050 -3.206737 -4.078001 7.640294
-0.050484 0.073379 -0.038253 -0.321058 1.302806 4.890788
-0.015822 -0.104950 0.197120 3.746281 -14.644730 16.750541
0.004721 0.024990 -0.058413 -5.080887 -18.790286 5.072983
0.112780 -0.003105 0.027916 -20.026685 8.444495 4.679794
-0.367020 0.145160 -0.007683 6.149722 2.916061 0.017725
0.074370 0.053903 0.049674 7.208308 -6.581015 -3.415561
-0.041660 -0.046893 0.128310 2.859914 3.541852 -14.667402
-0.003835 -0.025906 -0.040789 17.130292 1.285309 -11.345686
0.055879 -0.233860 -0.151070 4.537578 12.771617 5.222032
-0.045745 0.045418 -0.000273 18.962292 7.516610 -11.362277
-0.107990 -0.028495 -0.124650 3.503253 -2.601107 10.721760
0.136190 -0.045172 -0.083898 -5.327207 -0.660011 3.175053
0.056881 -0.100590 -0.066477 -7.352176 27.860129 16.631524
-0.080394 -0.033785 -0.108100 -0.166528 1.833131 6.449379
0.025574 0.111960 -0.015996 -0.305850 22.936615 -3.732289
-0.080188 0.025330 0.199140 -6.224150 4.526350 4.601630
0.097452 0.065743 -0.032812 8.563623 0.292677 -4.634439
-0.054800 -0.067778 0.097811 -1.857742 -7.237705 12.199213
-0.201560 -0.020020 -0.069474 13.777435 1.799666 5.915515
-0.071890 -0.001422 -0.068113 -3.985984 -8.878679 -31.913022
-0.103450 -0.068352 0.088153 -1.067438 0.538806 -2.838226
-0.177460 -0.025919 0.030672 10.335070 -5.080759 -5.429134
-0.001438 0.005190 -0.005109 -8.960935 3.377596 16.772053
0.060095 -0.038515 -0.081454 8.923510 -7.010872 -6.198726
-0.012157 0.020941 0.032521 -0.041371 15.591091 13.365598
0.089499 0.007610 0.088698 3.387213 0.551938 -8.965976
0.046400 0.066246 -0.013521 -0.344483 1.976232 0.504240
-0.045168 -0.003076 0.095622 3.417067 5.099407 9.708867
0.025242 -0.044532 -0.201700 -2.575358 2.556666 -4.513945
-0.114290 0.005976 0.082356 6.007593 -0.616825 -6.403435
0.137800 -0.096796 -0.341080 6.557821 7.173909 -2.534722
0.033590 -0.006323 -0.028402 17.617707 -6.304653 -11.146075
0.181930 0.199970 -0.099958 4.613203 13.027553 -9.616284
-0.106840 -0.046219 -0.241650 -0.129508 -5.670036 -8.216645
-0.037782 0.012347 -0.011486 -3.265084 -7.777191 10.785391
0.085102 -0.004667 -0.202390 -3.704500 6.402723 3.388606
0.027005 0.157590 -0.050622 7.153122 1.571743 -3.614812
0.089715 -0.145640 0.003629 5.883998 -3.103748 -3.018230
-0.020512 -0.028072 -0.022482 -2.022354 14.831435 6.647413
0.042602 -0.086577 0.064036 -1.736823 23.179159 -1.288535
0.089757 -0.040504 -0.101340 8.920458 4.814544 -3.988642
0.073145 -0.001326 0.140210 16.925221 -0.643797 5.823517
0.090304 -0.043517 -0.125990 4.205053 -1.946038 -3.571895
0.005734 -0.037649 0.006805 -14.913269 -1.485515 -5.200317
0.092391 0.235310 0.289990 6.804668 5.294934 4.014560
-0.065138 0.003033 -0.057494 12.705006 -8.637286 6.921919
0.077100 0.059247 -0.053078 -2.639757 -14.356008 1.617537
0.083521 -0.007270 -0.101480 20.535841 5.860435 -6.145034
-0.052175 -0.400730 -0.099328 3.056911 -12.268105 -4.909959
-0.031172 -0.018798 0.379210 0.027378 2.028192 -3.445504
-0.064728 0.091393 -0.037155 4.978554 -8.395111 -1.897511
0.010803 0.098591 0.054984 0.851908 -8.496619 -2.125752
-0.006109 0.098838 0.003200 0.188754 11.521511 13.254944
0.119100 -0.040401 -0.080597 -0.282289 2.625980 -4.767563
-0.202320 0.271790 -0.092657 2.033650 -1.609629 -8.617822
0.002429 -0.060271 -0.036557 3.921481 -6.618856 -9.685564
-0.113490 0.209040 -0.203680 2.148624 -18.814923 0.130227
0.140650 0.258070 -0.079767 1.095525 -0.285271 1.021304
0.033518 -0.070693 0.023497 -4.543974 8.940864 -2.505017
-0.016358 0.032765 0.026674 -8.118085 3.103414 8.053661
-0.029402 0.247260 -0.050004 -2.527030 -6.377498 -0.193617
0.244180 -0.142530 -0.225210 10.721940 -8.593631 -3.298172
0.136510 -0.044421 -0.098985 2.548294 3.098961 -2.031554
-0.024324 0.037380 -0.011584 -7.264899 12.429256 -10.185538
-0.036382 0.196150 0.431400 -1.968647 3.751129 -1.096185
-0.005410 0.050691 0.008625 -11.054674 -11.568006 -5.134979
-0.018835 0.015261 -0.051170 8.716101 -2.353611 -10.412655
-0.041818 -0.053175 -0.146160 -2.664015 -7.510345 2.813185
-0.033773 -0.087455 0.056324 -19.198974 -25.015291 18.253909
0.046949 0.331820 0.209240 2.466291 2.507083 -1.969857
0.055925 0.016461 0.019678 9.287314 -24.858238 12.734025
-0.091071 -0.059027 -0.306730 -3.986688 -0.545696 -17.294962
-0.053672 -0.316330 0.167610 2.186665 -6.226680 5.214980
-0.140150 0.037808 0.089986 -15.334283 -1.647613 21.592865
0.171610 0.142340 0.027608 7.365640 3.317694 -4.075522
0.106280 0.036694 -0.085295 6.745317 -9.170608 -7.284775
0.035278 0.054075 -0.027158 -21.306589 -39.124432 2.910816
-0.006729 0.067428 -0.003446 12.597670 -3.049503 16.817151
-0.012246 -0.078299 -0.006613 0.223782 -8.362435 -7.171285
-0.015680 0.002608 -0.039451 -3.083970 -19.047701 -3.574723
0.008459 0.074544 -0.079858 -1.349213 -7.580576 10.113755
0.146530 -0.023917 -0.074170 3.049907 8.723864 -5.851211
0.059031 0.066089 0.058335 -6.858270 -7.721570 10.330506
0.262740 -0.094771 -0.047809 2.667017 -2.570335 4.735028
0.089249 0.042541 -0.052287 5.028858 4.905290 14.470848
0.043151 -0.027714 -0.093374 -5.181174 0.419183 5.577717
-0.223220 -0.210120 0.083157 -7.334816 -8.154291 7.707429
-0.142560 -0.358230 0.604760 3.552317 3.843322 -8.898710
-0.025447 -0.117780 -0.013715 2.361210 4.527549 -7.398492
-0.522160 0.017745 0.326770 8.468111 -4.914158 -6.295571
-0.067740 -0.037078 0.057671 7.016100 -13.468309 4.471037
-0.000423 0.047015 0.199340 2.140776 5.629011 10.574203
0.009736 -0.149140 -0.062430 -1.155131 -2.414777 -2.698359
-0.010130 0.007097 -0.011780 -5.547718 15.060397 -9.451159
-0.047964 0.003352 -0.008058 -6.144734 -2.642594 -10.794833
-0.092941 -0.072701 0.015177 -3.080099 -7.157308 -2.139646
0.140470 -0.105470 -0.036495 -7.437344 -0.373675 -5.795797
0.107140 0.200090 -0.182530 1.661661 6.958455 -8.577412
0.020761 -0.046604 0.017337 -12.879250 -19.688511 -16.363165
-0.013883 0.050305 0.031247 -0.916616 37.943828 18.991534
-0.150140 0.062087 -0.068103 -2.361859 1.559878 10.527470
-0.039989 0.005338 0.016706 -7.855093 -18.025992 7.656009
-0.025604 -0.108100 0.018450 2.801912 -6.185993 -3.938725
0.094768 0.020625 -0.013909 4.513166 -8.839339 -1.896368
0.086704 -0.391600 -0.028010 4.236777 -9.529428 4.991989
0.142520 0.145210 0.152170 5.491308 0.211391 0.672086
-0.030479 0.079511 0.115430 1.974400 5.090639 3.617908
-0.058827 -0.065566 -0.164440 -5.876849 -10.572898 -21.454565
-0.002659 -0.162000 0.033427 1.839450 -3.591673 -3.026682
-0.010978 0.005530 0.097783 13.793180 -5.032137 -11.459812
0.034466 -0.097778 0.100620 13.628315 -17.871024 10.427597
-0.188080 -0.055137 0.221430 5.120373 4.798173 -19.669595
0.030503 0.012987 -0.011057 -0.250839 -12.222335 2.765115
0.090223 -0.081590 -0.075244 -5.054583 -1.565093 -6.201656
0.017519 0.014985 0.001601 2.387756 0.829507 -3.705796
0.106750 0.050155 -0.006191 4.485706 -5.789023 -5.580879
-0.044780 -0.067047 -0.020733 -1.128186 9.299826 5.599724
-0.508210 0.011721 -0.174400 38.679226 -1.571597 8.837143
-0.078210 0.058640 0.014381 14.903836 -0.986491 14.508004
0.002259 -0.041121 -0.031469 -10.322117 6.758238 0.358270
-0.072005 -0.011206 -0.013878 14.176907 8.031975 12.176856
0.620580 -0.108910 0.253020 -4.052485 0.374016 -2.581775
-0.035865 -0.317200 -0.090866 -7.726237 -11.951855 -5.588289
-0.055310 -0.190830 -0.027172 -3.928024 -17.444546 -3.168693
0.143470 -0.039884 -0.025017 -7.438561 -2.257863 -7.204807
-0.019339 0.029031 0.018363 -9.768188 -1.385942 8.813209
-0.098011 0.215180 0.026582 -1.183702 6.558779 -1.163060
0.041416 0.085859 0.001827 3.771084 -8.458850 -5.353748
0.028287 -0.066347 0.031374 5.425491 2.012491 8.293664
-0.114900 -0.230390 -0.029604 -7.896899 -3.681536 -2.579816
-0.084451 -0.018733 0.034956 8.474405 4.285144 -0.106764
0.091635 0.116120 0.077722 -1.192111 9.752517 2.014640
0.053786 0.019936 -0.105210 -1.355300 -2.809970 -10.799816
-0.045910 0.003335 -0.037802 14.525314 12.707238 5.838278
0.042934 0.009040 -0.053944 2.408920 14.425931 -5.949669
0.030883 0.007233 0.020056 16.226386 1.323203 4.086569
-0.029996 -0.032745 0.011441 2.193632 8.502603 -2.742429
-0.295300 -0.040573 0.360990 4.474460 -3.313985 -4.494336
0.091255 -0.109050 0.034989 9.243826 0.291273 -1.090418
0.055467 0.008690 0.032456 -8.248146 -11.635609 -2.961033
-0.000077 0.008324 0.081831 2.725584 -3.254604 -11.403247
0.097504 0.086254 0.072743 -9.103641 -9.331680 0.710718
-0.006230 -0.009494 0.033137 -4.350684 0.592208 15.287256
0.006430 -0.010676 0.046376 6.070239 -2.159681 -5.423397
0.003661 0.055555 0.052611 9.338408 -8.974532 -8.903005
0.015023 -0.087693 -0.092519 -14.734548 -1.726783 7.548479
0.080671 0.022537 -0.042540 0.458048 -2.494895 2.696650
-0.012412 0.038234 -0.045064 3.373486 -11.284032 8.487282
0.095774 -0.061116 -0.069256 13.922905 -14.460230 -6.209058
0.157390 0.072443 -0.185790 -7.531542 3.013031 17.680803
-0.015626 -0.016833 -0.021264 6.033272 -10.368071 -13.829752
0.094296 -0.017340 -0.115950 11.332413 -4.802327 -2.763211
0.438800 0.119630 -0.087095 -11.559901 -0.270458 2.685012
-0.067435 -0.234930 -0.026065 1.070060 -2.395278 -3.074815
0.042789 -0.033513 0.078639 -4.497808 2.576994 7.760888
0.041306 -0.034838 -0.001016 -2.273817 -14.030761 -1.278928
-0.092251 0.025907 -0.098781 -0.886045 11.981527 6.521748
0.083619 -0.045275 -0.053696 13.878548 -9.755549 -22.654726
0.089563 -0.168430 0.014203 3.043153 1.026647 -7.198977
0.028364 0.056936 -0.017149 -2.985041 2.027923 -16.483280
0.248060 0.052781 0.043739 5.820999 -3.492318 -0.073320
0.042845 0.046490 0.018405 9.628274 -8.516134 -0.311248
0.019107 0.008474 -0.080718 14.579652 2.909310 -10.181248
0.064296 -0.314670 -0.139720 3.646074 -3.085760 -2.732969
0.095943 -0.054107 -0.031201 -10.815510 11.760764 5.133626
0.120680 -0.040308 0.029309 -0.498434 -1.089007 1.071387
-0.010845 0.025938 -0.006371 5.261313 -2.312857 12.710258
0.110410 0.034674 -0.393010 1.201128 -4.868904 7.544131
-0.062933 -0.288930 -0.251130 1.861678 2.732171 -1.861532
0.318130 0.410220 0.323140 -0.395432 -11.067949 -4.000758
0.025828 -0.071711 -0.083818 -10.933132 4.128176 -2.290313
0.355900 -0.040535 -0.274980 8.124633 -4.007809 -0.679074
-0.231700 0.224830 -0.313260 12.890478 -5.013324 9.806204
-0.005259 -0.117390 0.021266 -8.471839 8.212957 10.214633
-0.058658 -0.067997 0.013458 6.969514 6.346244 -10.673600
-0.034599 0.074457 -0.078983 9.748051 -16.200946 13.967063
0.136320 -0.139530 -0.028772 14.472914 -14.276952 1.700715
0.116840 -0.136500 0.108250 3.927545 -7.535382 2.362494
0.106280 -0.005179 0.093158 -16.462749 5.711516 -17.824104
-0.028900 0.041089 -0.067889 5.492186 12.243499 -15.166243
-0.092800 0.116970 -0.044637 7.621175 -16.336452 5.193890
-0.065864 -0.098019 -0.107170 -2.809055 7.476897 -15.192293
0.091707 0.114450 0.118210 -3.221411 1.777737 0.356325
-0.082656 0.053731 0.029431 0.486289 -3.708349 9.918655
-0.067681 -0.097483 -0.039607 3.744513 5.826247 9.350917
-0.140340 -0.041806 -0.102480 -2.157139 0.750348 -0.547457
-0.051550 -0.057262 -0.046607 1.910847 6.037839 -10.055302
-0.078157 0.052410 0.024027 -21.610379 1.521453 4.627460
0.055551 -0.010709 -0.036171 -27.625866 -4.386562 6.584492
-0.014174 -0.071200 0.051172 0.712798 -12.700704 6.351830
-0.010237 0.036968 -0.017814 3.798890 -0.492888 6.437698
0.057515 0.054138 -0.065242 -9.591462 17.305867 6.549138
0.385610 -0.058674 -0.106100 -2.977882 -3.428490 -2.005005
0.035417 0.093485 -0.046563 4.766554 9.727728 -19.111013
0.082531 0.000846 0.005077 -7.997329 -9.434102 -2.075668
0.021129 0.079427 0.003651 2.288334 -1.410968 5.421175
0.066053 0.104180 -0.322740 -1.127285 -3.132763 9.603987
0.073547 0.015895 0.073029 2.580328 -9.160077 1.507274
-0.277230 0.260560 0.275440 14.450205 -8.833024 -15.731712
-0.079267 0.047441 -0.142780 2.187816 -6.595124 -5.039064
-0.217350 0.413170 0.197120 6.502032 -0.192874 -4.990507
-0.045700 0.148930 -0.152600 2.050765 -4.252151 -0.926086
0.007866 0.009550 -0.017354 -10.604041 3.474006 3.776459
0.071930 -0.229990 0.004707 2.131684 10.643547 -5.958846
-0.083231 -0.009019 0.027806 1.317916 4.316363 -0.487791
0.106960 -0.001987 0.139400 -1.011347 -0.051761 7.124412
-0.027901 0.009744 -0.022872 -18.311012 1.701069 -6.274151
-0.041132 0.024225 -0.027981 -5.580769 13.259358 0.780075
-0.008097 -0.069206 -0.003427 -2.778448 11.977601 -4.750662
0.099863 0.004926 -0.003751 2.879885 -5.051662 8.324921
-0.435570 0.520040 -0.562210 -12.250902 10.256247 -17.792708
0.043607 -0.007400 -0.008858 -1.582530 -3.535142 6.590496
0.005948 0.120270 0.019542 -6.799053 -19.095112 -5.195591
-0.020186 -0.081458 -0.009339 2.139650 1.184106 -12.817482
0.075786 0.019197 -0.083677 -0.454680 4.715915 -0.385800
-0.050756 -0.070010 0.019873 -0.368623 -14.455507 7.693614
-0.087679 0.047500 -0.086349 -23.023947 1.315819 -14.708807
-0.000412 -0.012390 -0.061233 -18.391871 6.422407 1.373393
0.200130 -0.247310 1.466000 -1.010348 1.073382 -10.823568
0.251280 -0.018502 0.225130 -7.983775 1.957717 -5.828057
0.064809 -0.041522 -0.020678 -4.346648 -9.471824 -5.097331
-0.594100 -0.287950 -0.786930 4.805788 5.880370 3.015053
-0.101080 0.061541 -0.057420 -6.686023 -1.972381 -3.487319
-0.027634 -0.015439 -0.059444 2.264670 -0.822821 15.638166
-0.009076 0.066638 -0.066694 -17.898721 2.495714 -5.175532
-0.022006 -0.026939 -0.029809 -12.493782 -1.643063 -4.636728
-0.157310 0.014331 0.111380 -10.425455 5.979619 2.412747
-0.097013 -0.008045 0.078114 -8.404699 -1.564068 -0.259456
-0.068044 0.018149 0.002861 2.216636 6.183948 -6.791363
0.135180 -0.113250 0.500870 1.147675 6.338134 -6.395764
-0.052833 -0.024254 -0.059321 -19.141485 20.721055 24.994601
0.058181 0.070777 0.079883 -10.727668 2.365005 1.331825
-0.035155 -0.000420 -0.068383 6.034461 3.571784 12.329795
-0.092419 -0.044497 0.045201 0.171099 4.481330 -2.069677
0.009051 -0.162940 0.019699 0.428315 11.758739 -1.046437
0.002590 0.079570 -0.034077 -5.981469 -3.734145 -2.038181
0.058330 0.173200 0.115120 3.630859 2.423096 -7.980825
0.125800 0.044319 -0.041925 -3.948660 13.058391 2.739338
-0.065003 0.141640 -0.499690 -9.852514 6.929488 -22.656995
0.047029 0.041208 -0.107380 -0.390306 8.439872 2.548056
-0.197750 0.132940 0.194960 1.980351 4.702520 -0.672724
-0.069212 -0.189620 -0.042070 2.651588 -3.342908 0.980088
0.045148 0.085786 0.010251 -0.221125 -8.630218 -9.409020
0.024852 0.061950 -0.033608 -0.691518 25.803726 -23.459583
-0.025607 0.051936 -0.084130 1.490679 2.785766 2.689153
0.038195 0.018897 -0.196610 0.817979 7.008948 -35.534548
0.019023 -0.104380 -0.014646 -16.248322 -6.363447 -13.898912
-0.030720 0.024543 -0.056908 4.564743 6.504582 -10.576574
0.055204 -0.028127 0.010132 17.726682 -3.807208 3.083367
-0.084197 0.130560 -0.100960 -8.498681 -16.476807 13.852160
0.007717 -0.013070 0.014115 -9.453764 -3.192355 -12.079469
0.018627 -0.152590 -0.316790 1.031658 0.189513 5.029802
-0.037905 0.030726 0.045882 -2.703196 -2.979304 -9.685211
0.013979 -0.010848 0.094601 -10.076211 8.621132 -4.005977
-0.109530 0.000649 -0.062744 -7.565001 13.752546 -8.579297
0.111220 0.045370 0.193600 1.083700 14.755690 -18.816932
0.037809 0.036666 -0.022899 10.406180 -4.849800 -0.663323
0.199470 0.131070 -0.374200 -10.925764 -4.167020 15.525979
-0.011031 0.005482 -0.038306 -17.785573 -6.851685 -2.460274
0.038012 0.141350 -0.038526 -4.702350 12.197421 -1.375107
0.064298 0.063293 0.053736 11.264510 -4.870605 8.079111
0.029567 0.073010 -0.068117 1.004359 -13.226299 10.146013
0.183540 0.164210 0.210820 4.094699 17.583845 -0.915371
-0.262080 -0.007349 0.055115 -5.187350 4.109867 3.634554
0.179750 0.551080 -0.087509 -1.665026 -2.243791 -0.044814
0.063784 0.042389 0.006314 6.188095 -0.581359 2.290808
0.009782 -0.006386 -0.010243 -5.682970 -8.575487 -0.248394
-0.030062 0.151140 0.424960 0.759595 8.169462 30.145003
-0.074422 0.062732 0.005562 0.501939 -8.015623 0.127641
0.073527 -0.057526 -0.014109 -6.820275 5.320512 -1.286941
-0.109320 0.264830 0.085525 -1.933712 17.238124 3.127772
-0.285570 -0.019378 0.142750 2.708797 2.318404 5.127122
0.181710 -0.019403 0.049959 25.910634 -8.302050 -6.019595
0.108790 -0.048813 0.027940 -0.588005 9.635436 1.467937
-0.056487 -0.034577 -0.034252 30.883012 14.579417 1.947793
-0.277090 -0.011716 -0.010537 15.615544 -2.211562 -10.867718
0.030055 -0.036591 0.019046 21.495578 -12.087050 8.593350
0.443960 -0.322740 -0.590260 -2.499239 1.100218 -8.691507
-0.149980 -0.039695 0.029357 -2.708311 4.634708 1.552583
-0.060373 -0.090767 0.139870 -4.773059 -7.176807 -1.752863
-0.016713 0.133830 -0.086655 -1.940306 1.943830 11.302092
0.084118 0.126380 -0.082890 0.520519 3.200153 -8.047797
-0.016773 -0.039006 -0.036743 -4.606508 -1.943083 -6.529169
0.019392 0.007222 -0.023101 -0.384291 -11.034914 10.360916
-0.172930 0.180230 0.088357 0.679425 0.481784 2.346067
0.601820 0.130950 0.229500 15.581289 9.625981 2.823733
0.112020 -0.015771 0.099404 -3.672252 -2.353992 -9.169305
0.208330 -0.053459 0.140300 9.053855 18.876567 8.761432
0.138860 0.048421 0.116060 20.009737 11.320589 10.566678
-0.018001 -0.036243 -0.002980 12.816856 -0.031281 0.396397
-0.394730 0.092286 -0.209020 -4.452283 -1.874057 1.203169
0.082802 0.132650 0.151280 -4.265771 -4.779902 -6.525892
0.060594 0.064180 -0.096325 -3.274593 7.591231 -4.455833
0.238290 -0.159730 -0.054696 1.453446 4.483918 -2.333534
-0.152490 -0.106580 -0.009708 -3.952009 1.887693 6.493815
-0.020570 0.008299 -0.069681 -17.628802 8.799702 -4.039403
-0.103140 0.091369 0.090099 2.086580 7.683502 -2.253598
0.000736 0.008082 0.025977 -4.379562 11.565800 -1.023107
0.046429 -0.048590 -0.015064 7.537898 -2.185415 -17.514925
0.178860 -0.168810 0.009757 -2.391022 7.778552 0.608043
0.044503 -0.165610 0.026320 1.179119 1.995643 4.599632
-0.121560 -0.065993 0.108050 7.422631 9.372368 4.423301
-0.048134 -0.092571 0.025084 -9.638458 -7.444823 -7.481437
0.081751 0.156810 -0.110990 -6.212341 -20.612651 17.025553
0.113870 -0.174160 0.061653 5.824023 -10.705641 -3.601753
0.322400 0.079735 -0.059242 -11.361286 -3.727784 2.517051
-0.123240 -0.026547 -0.013922 11.760911 -8.132505 -3.859539
-0.064580 -0.032155 -0.044393 15.133683 2.485005 1.252086
0.053776 0.098842 -0.035930 4.822807 0.176089 2.431245
0.029538 0.074190 -0.097436 -11.262332 -1.272788 -9.496440
-0.144280 -0.161460 -0.110020 -14.297894 -5.268308 0.644691
-0.233810 -0.047732 -0.117270 10.634087 -0.141810 0.501077
0.075643 0.034056 -0.014004 4.284720 -2.690246 -15.437725
-0.090467 -0.016192 -0.014920 -1.242863 -1.215611 7.719779
0.065865 -0.038830 -0.024339 7.124453 -0.618486 -8.154082
-0.026398 -0.005771 -0.017184 6.939191 9.005168 -3.094840
-0.110170 -0.076590 0.153510 -11.936532 -3.033625 10.468961
-0.044152 -0.047204 0.114200 -2.532805 -1.834232 -8.253974
0.107660 0.071795 0.075363 -1.065190 -2.983126 4.301818
0.007631 0.206320 -0.223310 1.212096 2.127426 0.319885
0.015303 -0.008764 -0.019435 -17.196370 -1.422268 -7.780693
0.213280 -0.314990 0.000386 11.784916 -3.621890 -1.441645
0.055732 -0.037707 0.039294 -16.945427 -7.568705 -0.733160
0.001309 -0.073704 -0.017259 0.592961 9.498238 0.589433
0.081711 0.205770 -0.023114 7.277411 -0.410874 0.459411
-0.020390 0.040140 0.005467 -4.931888 6.978808 -5.311335
0.033228 -0.091292 -0.024850 9.148954 0.949042 7.843114
0.033349 -0.078860 0.144160 16.699382 0.433810 9.958841
0.010957 -0.001287 0.070605 8.440659 10.610195 -13.257919
0.020636 0.142820 -0.017059 4.570461 0.370815 4.661234
-0.724080 0.188900 -0.201060 24.025314 -3.742772 11.763757
0.007446 0.089238 -0.048948 -0.218820 3.976116 -7.147530
-0.053213 -0.093205 0.009201 4.259812 10.727796 16.164834
-0.023631 -0.038896 0.202700 -2.028173 -10.097717 -3.000949
-0.077728 0.170550 -0.031293 6.494252 -2.592806 6.113063
-0.011865 0.032723 -0.019321 4.952624 -0.191087 0.134020
-0.057994 0.059063 -0.015837 0.967580 10.845484 1.675107
-0.086567 0.013376 -0.011103 -15.470756 3.491274 9.448698
0.102160 -0.029838 -0.110290 -3.805712 6.833548 -0.004408
-0.016621 -0.023989 -0.048017 -11.468120 14.337411 1.990901
0.058755 -0.063123 0.036501 11.001907 -3.913297 8.415980
0.003745 0.012344 -0.009116 -1.766111 -21.939913 -12.428036
-0.443550 0.009472 0.860610 9.498196 1.104070 -14.099633
0.008305 -0.134510 -0.132040 -0.759208 -3.966758 -4.547599
0.086058 -0.064386 0.151000 9.671981 -3.668044 -1.584933
0.478640 0.069228 -0.233490 15.791908 1.633191 -5.283650
0.067884 0.041130 -0.014263 -5.914688 -12.285130 1.241259
0.085404 -0.148720 0.088033 3.411076 1.866674 0.474667
-0.672900 0.182710 -0.401320 3.598166 -3.023936 0.580787
0.013720 -0.304060 0.360460 -0.505824 19.322811 -20.613978
0.119910 -0.048681 0.003174 -18.013482 7.405721 -11.077143
-0.125510 0.035105 0.029627 -16.810503 13.459442 7.429531
-0.092962 -0.015417 -0.093972 4.809781 0.469979 5.882908
0.196000 -0.140600 -0.104810 -7.485678 13.245372 -1.126385
0.063571 0.025725 -0.048346 -5.576725 -3.551393 16.731923
0.062781 0.222980 0.138860 -0.619819 -2.347508 -0.543831
-0.078779 0.004598 0.114750 10.553746 2.139581 -9.232570
-0.015633 -0.079491 -0.015722 -18.791699 1.720054 5.566663
-0.067890 -0.018064 -0.076280 -7.440127 3.022634 -1.563715
0.051085 -0.083531 -0.185260 3.094237 -11.470917 -2.506997
-0.016235 -0.033689 0.031624 18.763853 -21.178370 0.498913
-0.142380 -0.061124 -0.221970 15.028211 0.256593 17.772622
-0.024811 -0.009569 0.101400 3.659912 -3.738556 19.728131
0.026422 0.000655 -0.039859 3.518127 1.703274 12.359008
-0.037743 -0.013762 0.004820 -8.442009 2.123912 3.722526
0.092056 0.027852 -0.032111 37.286498 19.025839 -5.752067
0.032410 -0.066974 0.025011 7.725956 -10.668088 12.526353
-0.073976 0.126390 0.026801 13.408550 -2.345153 -0.955812
0.168560 -0.092822 -0.080998 10.753574 6.673452 0.385570
-0.684060 0.314080 -0.429890 -10.483665 9.311724 -6.373856
-1.424300 1.118200 -0.548470 13.848953 -9.463609 2.341694
-0.009365 -0.058133 -0.004656 -3.647353 -2.337187 -7.231001
-0.144230 -0.009626 -0.099390 6.503122 0.485319 4.362749
-0.015905 0.017460 -0.006030 -2.723257 1.450085 -17.197082
0.373860 -0.435320 -0.321050 -12.611516 14.542581 9.709424
-0.006027 0.105540 0.068339 -7.301929 0.899259 8.087758
0.095805 0.074213 0.035710 -2.697205 -12.450731 0.300493
0.056454 -0.116300 0.023526 5.682332 23.459689 -7.620484
0.186240 -0.078157 -0.052519 19.307014 -5.579894 0.588404
0.087265 0.039435 0.043798 -10.241765 1.637610 -2.244372
-0.120890 -0.090866 -0.049205 10.560113 -3.933444 4.903981
-0.011309 0.010483 0.014814 -11.199594 -1.705512 -0.525341
0.044569 0.127870 -0.079159 -2.654998 7.383552 3.731091
-0.028579 -0.118650 0.049430 10.525832 -7.298076 4.544844
-0.007942 -0.034954 0.141160 2.425255 13.720627 1.585327
0.086774 -0.066942 0.113060 1.972909 1.495893 0.141094
0.185790 -0.259160 -0.343950 0.823614 -1.010471 -3.409374
0.026586 -0.075300 -0.009226 -19.329055 11.584897 10.854494
-0.039083 0.053143 0.089441 -7.444351 3.126574 8.924778
-0.067731 0.077541 -0.144800 -2.703681 2.936222 13.086342
-0.018454 0.010814 0.076222 -1.928341 1.533669 -12.825119
-0.296440 0.064785 0.253850 11.582245 -5.263191 -9.516540
-0.079401 0.079651 -0.064393 1.408145 2.541911 1.170861
-0.187250 -0.102830 -0.068416 8.439984 11.113641 2.659288
-0.093814 0.077282 0.150620 7.285382 -3.330356 -2.364878
-0.017938 -0.021042 0.053488 -1.279739 -9.927522 4.217388
-0.009884 -0.000989 0.053343 17.615110 -4.809638 -12.802807
0.001935 -0.102590 -0.003650 1.941488 7.380278 -2.696168
0.041215 -0.090504 0.033259 2.414603 11.974321 4.481970
0.005064 -0.104990 0.075164 9.635669 1.082929 -1.973143
