-0.103820 0.033986 0.040425 6.197700 -6.258200 -11.002000
-0.047390 -0.055912 0.008724 -12.442000 -2.968400 -3.597700
-0.064450 -0.003257 -0.059718 -6.577500 -12.908000 -0.467510
0.017653 -0.076561 -0.108190 2.040900 -13.083000 -0.596310
0.014277 -0.072564 0.051172 6.433100 7.674400 -1.627000
0.032720 0.182700 0.003301 -2.884600 -16.811001 -5.364500
0.092388 0.020626 0.097183 -2.216800 -5.657800 -5.578600
-0.019480 0.143680 -0.197470 -2.149600 5.791400 7.768600
-0.011711 -0.095766 -0.337930 -3.895700 3.571200 -5.841000
0.044569 0.127870 -0.079159 1.610300 7.111700 5.001300
-0.086321 -0.107390 -0.079247 10.188000 1.458400 -9.179300
-0.163070 0.011194 -0.009569 36.108002 1.500400 -5.911300
-0.101470 0.113050 -0.063363 4.674600 -8.847500 -2.805700
0.028581 -0.143780 -0.056894 0.984640 -6.061100 -8.123400
0.049770 -0.202960 0.027200 -1.819300 4.657100 -4.860800
0.036694 0.027750 0.092579 -8.354500 -4.536700 7.405600
-0.086187 0.060955 0.080980 -6.355400 11.341000 6.051400
-0.005996 0.131300 -0.034075 11.241000 -19.638000 3.117200
0.223910 -0.128630 0.279540 7.000400 -3.404600 9.412600
-0.459640 0.431540 -0.233370 -0.000949 -0.574810 1.777700
0.026970 -0.100130 0.141020 -4.455300 -4.054400 8.761400
0.040210 0.221630 -0.051986 0.104170 -10.474000 -3.932500
-0.050765 0.060103 -0.043343 -10.492000 -3.568600 2.005500
-0.017551 -0.078019 0.240390 -4.646000 -2.785300 4.713300
0.072096 -0.057294 0.068096 -4.328600 0.634460 4.021600
0.030835 -0.008766 0.047810 1.581100 -7.638300 -4.205400
-0.415510 -0.272840 -0.056089 -12.476000 -8.567400 0.498790
-0.079948 0.047620 -0.213220 -6.216700 -1.568000 -16.976000
-0.046352 -0.080895 0.025799 2.729500 -8.770200 2.974300
-0.052356 -0.066146 -0.077696 0.443750 0.963170 1.831900
-0.009844 -0.086107 -0.116430 -4.387900 1.807500 -15.899000
-0.084135 -0.079380 -0.176860 0.182930 -2.401200 0.857040
0.099678 -0.144150 0.269210 0.254650 -13.502000 17.919001
-0.048818 -0.039601 0.007392 -4.516000 -1.263800 -36.617001
0.036633 -0.091659 0.046417 -13.053000 -0.237060 -0.181490
0.057695 -0.039560 -0.123360 0.113520 4.896500 13.599000
-0.045736 -0.071523 -0.069085 13.285000 0.583360 -1.940300
-0.022728 -0.029517 -0.019400 8.126900 -2.511400 -5.376300
0.085622 0.056007 -0.008267 -6.103400 0.572520 -7.164100
-0.051327 -0.003999 0.008504 -10.348000 -16.327999 2.226800
0.031315 -0.014902 0.062177 -16.645000 -4.104500 -2.082600
0.026357 -0.037041 -0.021571 6.389600 -1.342600 -6.950300
0.068243 -0.003055 0.037819 0.014170 5.455900 -10.580000
-0.150840 -0.018301 -0.136840 -5.515200 -2.773900 0.374150
-0.025890 0.002968 -0.005614 30.061001 -19.805000 -25.785000
0.085892 0.007877 -0.074459 -8.062900 4.232200 12.704000
-0.092870 0.130160 -0.130140 0.632950 -2.661000 5.981600
-0.017021 -0.055877 0.000477 5.579500 -0.981080 7.144400
-0.189170 -0.134250 0.127590 -10.287000 -11.377000 4.671800
-0.076981 -0.026213 -0.151520 -2.614500 3.601800 2.803500
-0.042589 0.031640 -0.002916 -28.129000 13.996000 -2.145600
-0.050889 0.000926 0.012957 13.205000 -13.342000 9.878600
-0.130250 0.134440 -0.172320 -1.503000 -0.586020 3.581000
0.054325 0.032433 -0.230550 4.099500 1.325700 25.687000
-0.010292 0.046320 0.129340 4.932400 2.860900 14.149000
-0.092251 0.025907 -0.098781 -2.848500 12.204000 8.320700
0.169020 0.076249 0.260970 6.445500 -3.971600 2.791900
-0.033748 -0.069104 -0.030489 7.186300 -10.184000 -2.435600
-0.094023 0.154700 -0.014896 0.508880 5.711000 2.551600
0.108530 -0.034147 -0.092418 -5.916700 6.607100 -3.568300
-0.062948 0.040202 0.025945 12.037000 1.718600 -14.231000
0.010096 0.035566 -0.020588 5.012300 4.539600 -0.449920
-0.001199 0.011621 0.038038 11.493000 19.579000 2.170400
0.079478 0.022296 0.005799 -10.723000 7.419700 -16.259001
0.147730 0.076541 -0.010220 6.847900 0.042559 6.238400
0.012798 0.038249 -0.063096 0.709430 17.403999 -4.457200
-0.014100 -0.017856 0.043865 -9.122400 3.512600 -7.080000
0.033985 -0.046291 -0.157070 -4.845900 6.250900 12.260000
-0.378060 0.099923 -0.171560 -1.557900 -3.851600 -2.108000
-0.017637 -0.017848 0.012100 8.549300 -17.202999 -2.407100
-0.011181 0.027595 0.011507 8.859400 16.427000 -12.886000
-0.320430 -0.323030 -0.129500 -8.836300 -7.081600 -4.926800
-0.275650 0.558700 0.171160 6.410200 -10.083000 -3.811200
-0.261680 0.064168 0.118350 3.479200 -3.297200 6.207000
0.056788 0.024670 0.046357 20.872999 8.360800 -13.433000
-0.128950 0.069114 -0.031989 -1.575000 1.005900 2.735200
-0.145880 -0.028109 0.035044 -15.858000 1.568700 2.325500
-0.187100 0.159460 0.157350 1.760000 -1.396200 -3.748800
0.088369 0.075083 -0.221970 2.796200 -0.180610 -8.837300
-0.035435 -0.068023 0.026700 2.530300 2.654900 1.403900
-0.173810 0.166760 0.003153 6.889000 2.782900 -1.478500
-0.108840 0.048181 0.011481 -19.841999 12.798000 -11.916000
0.208500 -0.051682 0.136140 -9.960400 -4.963300 -12.054000
0.004302 -0.171410 -0.211480 9.955200 -5.340100 -8.378900
0.028437 -0.105820 -0.263570 2.670900 -4.844200 -24.280001
0.044399 0.016249 0.119210 4.326100 0.358810 -7.301300
0.084714 0.099789 0.013933 15.367000 19.716999 7.087500
0.065832 0.006762 0.109140 1.997300 5.328300 7.832800
-1.233900 -1.084500 -1.928400 -3.464500 -2.830900 -5.260900
-0.024146 0.038020 0.092984 -6.176300 9.012100 6.565200
0.269850 -0.057972 0.147620 -3.614600 1.011200 -7.758300
-0.180170 -0.099192 0.188910 -6.102500 1.559200 -1.775900
0.067046 -0.059602 0.029656 19.222000 -15.860000 2.265800
-0.244480 0.069090 -0.008938 -18.153999 -1.259500 2.972200
-0.034407 -0.032921 0.108740 -4.945700 6.634600 3.266800
-0.004850 0.020192 0.068916 -2.232200 -5.020000 5.013600
-0.025878 -0.011936 0.060565 -0.218980 5.898800 -0.070687
-0.086515 -0.019119 0.019403 0.854120 4.646800 13.308000
0.026027 -0.054764 0.050709 -22.337000 -14.374000 -3.033600
-0.002337 -0.045292 -0.011562 2.401800 -6.294300 10.355000
