0.078988 -0.164240 0.090197 -2.152835 0.125708 -0.118045
-0.014687 0.025949 -0.044123 7.374276 10.916991 9.245518
-0.002330 0.026117 -0.022709 -0.688739 -4.525091 -14.841806
0.614800 0.053908 -0.391710 9.456479 5.019804 -7.758971
0.029720 0.025990 0.069735 -5.630080 10.598533 11.083363
0.121770 -0.292870 0.164220 6.531806 -21.305455 18.969183
-0.007874 0.034250 -0.032794 7.627971 16.592536 -6.716008
-0.307710 0.156430 -0.079748 -4.644988 3.669406 -9.380970
-0.025129 0.016735 -0.050658 0.367956 4.398960 14.608758
-0.045910 0.003335 -0.037802 9.218573 12.402644 6.151402
0.118200 0.088107 0.074257 4.224043 -5.505731 -3.245304
-0.104500 0.006102 -0.027870 -1.796211 6.647846 3.468058
0.000818 0.069760 0.083274 5.682842 -2.270216 -2.068285
0.063059 0.040721 0.001600 5.138232 -6.192659 -4.717171
-0.003610 0.219510 -0.037050 7.608112 9.470901 0.111745
0.013456 -0.340380 -0.108390 -0.458878 6.706492 0.800519
0.189370 -0.390930 0.045750 6.563724 0.905677 -4.982799
-0.094903 0.129060 0.110600 12.083505 0.275555 -5.938106
0.020563 -0.018356 -0.043547 12.025514 0.191013 1.179104
-0.197750 0.132940 0.194960 2.952153 -0.572483 -0.514173
-0.120840 -0.430700 0.305270 2.747347 12.063070 -9.881438
-0.001777 -0.440550 0.117060 -7.085114 17.480046 0.386308
0.322400 0.079735 -0.059242 -14.564211 0.553570 2.757951
-0.006788 0.011158 -0.063926 -21.234863 4.766917 -2.277351
0.093216 -0.163330 -0.001633 4.489631 7.555401 2.145840
0.038590 0.037710 -0.019272 -2.082939 -6.760886 -2.231383
0.067271 0.020358 -0.030810 5.018066 0.085169 -14.089332
0.061949 -0.071181 -0.013347 1.103582 5.930549 4.518497
0.058493 -0.035695 -0.058782 -7.063238 9.257755 -4.791285
-0.002156 -0.124260 -0.059555 17.767620 -0.505243 -4.413261
-0.034509 -0.007601 -0.023501 -2.855451 -6.263222 7.679202
0.150720 -0.012573 -0.049743 8.540293 -14.137660 -1.954399
0.223470 -0.032340 0.247400 8.092700 2.623217 -4.374868
-0.087612 0.081461 -0.092244 5.037043 -8.411726 9.342128
-0.182410 -0.214430 0.111510 2.160605 2.943128 -1.391839
-0.166090 -0.362230 0.321840 0.084358 -1.812504 -10.677196
0.024699 0.005764 -0.019835 0.437604 -4.156633 17.365329
-0.139890 -0.024800 -0.014249 -6.492551 6.111161 -9.698032
-0.076868 -0.070316 0.046314 14.365295 15.281023 -0.794178
0.032014 -0.022130 0.008080 7.675000 0.198596 -4.371588
-0.046774 0.016269 0.019729 -2.526167 -16.524135 -5.794730
-0.058919 -0.047433 -0.015828 -7.317748 -6.643865 -5.392899
-0.013392 -0.114710 -0.141120 7.233547 -4.341576 3.523590
0.034997 -0.163830 -0.119910 -1.185557 -8.041340 -10.841419
-0.244950 0.000630 0.048852 0.918913 -1.762757 -4.429143
-0.031098 0.082326 -0.044603 1.152653 -4.630707 0.066879
-0.059712 0.005789 0.041416 14.107473 -9.897838 -3.513701
-0.032730 -0.039155 -0.014787 -0.345039 -0.408833 3.952803
0.198230 -0.049149 0.069945 -10.450110 6.155137 6.247909
0.029929 -0.002412 -0.036312 -13.050502 -7.201250 5.322870
0.117820 -0.131150 -0.080863 4.153768 1.035319 -10.519703
-0.024456 0.026407 -0.057679 -4.043192 7.086356 2.817067
-0.069230 0.036599 0.038687 -23.626065 -4.718652 -14.243020
0.066688 0.019605 0.007488 -9.073861 9.216723 10.006980
-0.019322 -0.018736 -0.048171 26.246389 -5.233402 -2.139719
-0.068044 0.018149 0.002861 -2.508632 9.922282 -3.927367
-0.066395 0.053201 -0.006460 -13.354016 12.922264 -35.335262
0.127910 0.038296 0.065332 -0.007997 3.285781 -3.688782
-0.109970 -0.050707 0.106030 1.575705 -5.954057 -13.005734
-0.019140 -0.060631 0.000224 -3.447992 20.456877 0.422493
0.004065 0.018497 -0.077350 -5.242405 0.121034 -2.196145
-0.078047 0.039546 0.096946 5.551152 -1.061541 -1.069773
-0.150170 -0.022208 0.055630 -10.972984 3.536941 -4.892987
0.134840 0.086496 -0.107730 -6.440053 -1.489267 3.311089
-0.066595 -0.025645 -0.086223 6.278264 8.178866 -13.215912
-0.104390 0.009014 0.028943 5.165232 7.537592 -5.460448
0.060155 0.015666 0.054881 -9.353436 -18.573899 6.275596
0.058632 -0.073785 0.215020 -2.780633 -9.577506 -4.255454
-0.050756 -0.070010 0.019873 1.515864 -18.898446 9.424349
-0.028494 0.013014 -0.017895 -15.458286 33.830466 -32.540336
-0.110830 0.060093 0.093822 -15.871960 -3.451257 3.022655
0.062704 -0.102110 0.027255 0.617192 11.269169 -17.374803
-0.010420 0.025534 0.114310 -1.747271 17.970559 9.178633
-0.045745 0.045418 -0.000273 20.538054 4.661841 -12.301621
0.041306 -0.034838 -0.001016 -1.516677 -15.724009 -3.430748
-1.235300 2.983800 0.320320 10.307109 -15.949724 -1.302405
0.025329 0.082202 -0.015974 -7.592647 5.423942 -14.693689
-0.012157 -0.409850 -0.120030 2.499677 9.239726 11.716094
-0.474540 -0.299780 0.691610 -8.342019 -9.305051 10.031244
0.186180 -0.009563 -0.006582 10.834833 -1.079286 -5.720482
0.014325 -0.073532 -0.017517 3.136831 -9.351743 3.766987
0.044156 0.086301 -0.019971 13.990921 3.107720 10.824445
0.053786 0.019936 -0.105210 4.457037 -2.330295 -3.068130
0.073966 0.016916 -0.018061 -14.418744 8.124487 -10.398445
-0.100210 0.176380 0.086550 -8.909996 16.909062 9.887674
-0.035340 -0.084763 0.061451 -6.702744 1.906277 -6.042147
-0.171190 0.315950 -0.080263 -5.730025 1.352204 -5.759929
-0.075492 0.142790 0.000827 6.838692 19.539633 14.786775
0.051404 -0.091555 0.063710 -11.476130 18.309825 -2.355291
-0.013492 0.086836 -0.068307 -11.279950 9.104917 4.524397
0.192670 -0.084008 0.031421 8.669986 -3.546272 6.856385
0.055863 -0.039665 -0.027656 -4.916708 10.016230 -2.301709
0.208090 -0.145450 -0.129390 -17.973365 3.755071 7.901261
0.069789 0.088668 0.226310 -6.477472 -14.463910 -16.726789
-0.043529 0.042544 0.005447 22.616331 -13.022499 0.100435
0.131690 0.031053 0.084967 -7.447790 8.427537 -3.504446
0.095391 0.087329 -0.181960 11.019693 -5.249618 5.859674
1.392100 0.327190 -0.256460 20.423841 6.381469 -1.727159
0.015023 -0.087693 -0.092519 -11.703662 -3.855742 -0.165643
0.023754 -0.131930 0.065595 -0.055317 -4.554122 -6.033167
-0.004218 -0.010194 0.034693 -14.083123 -5.897135 -4.004348
0.059962 -0.046326 0.097463 -5.507564 4.517561 -12.618404
-0.046110 0.029615 0.360650 6.855396 -2.934210 -16.151142
-0.110590 -0.100700 -0.232270 11.019327 -3.029041 7.150166
-0.076664 -0.068872 0.003844 10.756679 5.605868 -4.457418
0.090118 0.063565 -0.000174 20.874230 10.639279 -7.917251
-0.027672 0.043251 0.069661 3.608040 17.169004 -3.331354
-0.064295 -0.008208 0.035868 6.272113 -5.459803 -3.783192
0.004721 0.024990 -0.058413 -5.047849 -16.090462 4.469196
-0.018991 0.025282 -0.016442 6.132809 3.804929 -1.010502
-0.008929 0.028695 -0.046253 6.297326 6.491678 14.948470
-0.152550 0.113000 -0.042972 10.571166 -6.192690 -0.865956
0.037924 0.032783 -0.106610 -6.626421 -5.323997 5.080118
-0.000747 0.046006 0.040517 -14.795736 18.190217 2.100480
-0.032515 -0.047569 -0.001648 -4.084349 -26.560693 -1.263547
0.021881 -0.052684 -0.068208 15.939521 3.066688 -2.098528
0.004832 -0.046632 -0.008042 12.370356 6.749642 -3.396320
0.071990 0.037006 0.049753 1.389947 0.255929 1.154518
-0.160400 -0.048951 0.007675 -1.246568 -14.227674 7.687554
-0.049475 -0.097584 0.069226 0.614392 -4.687267 -2.524703
0.102160 -0.029838 -0.110290 -1.080475 3.330700 0.622073
0.018909 0.102000 0.017317 3.477000 6.023793 2.902894
-0.018191 0.239960 0.206450 -4.188061 1.753624 2.000010
0.046213 0.253050 0.019455 -1.870804 -4.697268 -0.560408
0.300580 0.613430 0.196360 -0.343491 0.348757 2.939625
-0.297910 0.053594 0.528720 -10.275546 10.526572 13.232179
-0.000200 -0.006707 0.191860 -10.346599 2.918501 18.730698
0.008518 -0.006349 -0.175150 -6.062616 10.500845 4.328497
0.006582 -0.171720 0.008620 -15.298941 9.061933 7.891405
0.119260 -0.003857 -0.016784 -7.358047 -1.710867 -1.727823
-0.022831 -0.089344 0.012822 -12.651686 -3.485793 3.368227
-0.055317 0.007739 -0.029996 3.069526 -15.210131 -5.828218
-0.058899 0.108820 0.080232 -6.722944 7.083647 0.023034
0.036821 0.033245 0.173860 4.782470 -0.454863 5.482301
0.250760 -0.105700 0.042527 -4.994439 5.110782 -7.832763
-0.098719 -0.242420 -0.181890 5.120154 -12.052727 -8.442315
0.045256 0.028197 -0.034034 -9.272468 7.376627 -6.108198
0.076298 0.099409 -0.056280 -14.119605 -21.064217 -2.278850
0.056261 0.048159 0.012184 8.698467 -3.258041 -4.486394
-0.259990 -0.003899 0.320710 14.060905 2.814456 -21.806480
-0.068917 -0.069737 0.149660 -5.477858 -8.730193 -5.978879
0.201870 0.036746 0.089814 -8.083928 -7.082775 -9.387609
0.036142 0.065769 -0.114700 2.470948 5.512744 1.955853
0.111280 -0.039294 0.048473 9.274187 5.826843 21.050980
0.157500 0.093933 0.411670 0.118507 -3.836536 8.527693
0.046949 0.331820 0.209240 0.729530 4.825072 0.474598
0.125800 0.044319 -0.041925 -2.883699 10.626065 2.839318
-0.192710 -0.455810 0.313770 -1.729840 6.552409 -4.158099
0.114110 -0.128110 0.027486 -5.390174 11.635753 -2.063980
0.108790 -0.048813 0.027940 -0.169461 7.186875 3.421848
0.020896 0.005617 0.014530 1.119419 6.676378 15.958905
-0.061899 -0.011582 -0.016412 -0.483395 13.926308 7.783595
-0.023120 0.132020 -0.009218 -11.478378 18.823190 -14.856256
-0.008028 0.004829 -0.003464 4.042377 -4.534288 -21.900093
-0.134170 -0.083349 0.192440 -3.173492 6.762927 -2.911578
0.149830 -0.081802 0.010280 -6.261994 9.217380 7.821194
0.064741 -0.019213 -0.015096 6.626083 3.168753 8.661577
0.232290 -0.020868 -0.232530 -2.823921 3.053950 5.614490
-0.093036 -0.077873 -0.016989 -10.648125 -14.318462 0.790814
0.155890 -0.005182 0.021231 14.153923 9.493462 -2.758317
-0.018720 0.065847 0.008420 -12.829016 -2.336588 6.437231
-0.005963 0.057794 -0.081412 -4.588829 0.892519 -12.688722
0.122130 -0.008930 0.104030 18.101235 8.113780 5.474099
0.042117 -0.025943 0.009852 14.747063 -13.646996 9.030313
-0.161890 -0.256050 0.040727 3.081715 -2.323261 3.231827
0.057131 0.039435 0.013164 4.854337 -25.097212 -6.301273
0.520150 -1.404000 -1.015500 13.825871 -33.597919 -25.917788
-0.140930 0.157790 0.109300 -0.439000 8.691227 14.758742
-0.672900 0.182710 -0.401320 6.571850 1.558604 -0.613926
0.090374 0.138060 -0.087776 4.834420 1.610624 -6.977599
-1.424300 1.118200 -0.548470 10.837176 -11.798307 1.729818
0.040103 0.054099 -0.120890 1.653528 -2.225055 -10.170137
0.478640 0.069228 -0.233490 19.012253 -0.821436 -6.605968
0.395930 0.072001 0.176510 -18.639216 -2.474807 -9.065991
-0.039508 0.039591 0.008048 1.975772 3.672333 2.645476
0.045756 0.075092 0.026938 7.494962 2.592444 6.334547
-0.367830 0.066388 -0.162800 30.063818 2.888928 5.688383
-0.009172 0.022989 0.002145 -1.988289 4.768485 18.610000
0.096566 -0.080286 -0.157640 7.681232 -12.910195 -7.419909
-0.077177 -0.092664 -0.112940 -8.236980 -4.917330 -4.696296
-0.044232 -0.145720 0.107720 1.584900 4.340682 -6.071383
0.152930 0.024241 0.101600 9.931125 -4.199060 10.269547
0.007112 -0.220750 -0.074931 -10.660413 -14.697779 1.265046
-0.110360 -0.050201 -0.011739 2.696790 -3.462640 -6.953627
0.287240 0.744930 -0.036445 0.731339 -4.472178 0.659980
0.011701 -0.014528 0.014608 -13.415166 3.694594 -18.000987
-0.367020 0.145160 -0.007683 5.244382 -0.518492 4.712005
-0.057669 -0.040111 -0.025120 14.683746 3.559068 6.476041
0.041195 0.060929 0.044927 -11.614955 -1.288386 24.005389
0.014758 -0.008563 -0.003774 10.639873 2.574083 2.439950
-0.000412 -0.012390 -0.061233 -19.020895 5.771029 1.859203
-0.022440 -0.153410 -0.092779 2.467337 10.116348 12.059437
0.064754 0.185320 0.165530 5.883442 10.220391 3.344480
0.065356 -0.074936 -0.079883 -11.225635 16.707827 6.138549
0.078895 0.034592 -0.080300 3.406230 -31.781635 -18.403742
-0.014080 0.097276 -0.180000 1.167518 21.715591 -6.333515
0.094406 0.145350 -0.393300 5.343530 3.411226 -5.698606
0.163580 0.052141 0.621270 -4.651112 2.706907 -8.516551
0.140470 -0.105470 -0.036495 -8.083619 -1.287652 -0.330466
-0.014083 0.125410 0.005783 3.982158 -0.462638 8.335172
0.036896 -0.233230 -0.145810 2.118774 -16.090039 -1.318053
0.030878 -0.045252 -0.020962 -3.959217 -3.833619 0.307591
-0.273990 -0.006568 0.275710 3.272856 -5.298941 -5.230904
-0.007149 0.007707 -0.221650 -1.916882 1.585876 -33.102054
-0.038470 0.055333 -0.101810 2.465235 -4.666419 -7.612657
-0.073864 -0.105430 0.369240 4.837600 5.894681 -3.318508
-0.039301 0.062667 -0.004129 -2.277866 2.774579 10.651961
-0.004850 0.020192 0.068916 1.053657 -7.135663 4.701291
0.041135 -0.126970 0.196460 7.113796 -7.648069 11.471148
0.002482 -0.031112 -0.033926 10.115707 -21.958106 -0.295561
0.059548 0.035373 0.002780 -10.109906 -9.752397 -1.585129
-0.011037 -0.076188 -0.003686 -1.835183 -27.829132 -6.297211
0.010798 0.058098 0.002941 7.971649 5.164076 6.183826
0.003643 0.037768 -0.074441 -7.987400 -5.175489 -6.896062
-0.000348 -0.083311 -0.009583 -9.248209 -16.593356 -9.281542
-0.072078 0.015359 -0.018388 1.090340 -10.832256 2.481957
-0.095380 -0.009588 0.059607 -20.772235 -10.221598 -0.550005
0.086662 -0.095578 0.117590 0.455640 0.366000 14.672702
0.007250 0.111780 -0.012077 5.647536 -23.949377 -6.560438
-0.291970 0.708960 0.116700 1.772544 -0.387170 -1.089814
-0.080807 -0.061073 0.111650 1.414380 6.111062 -7.298273
-0.012643 0.049452 -0.191440 6.919711 1.412345 -14.627419
0.096276 0.040942 -0.090868 9.630687 1.382467 -0.420016
-0.052422 0.069257 -0.039413 -0.693593 0.550992 0.925008
0.001671 0.011952 -0.143750 2.245442 -0.661844 -19.855653
-0.030441 0.116310 -0.314330 -5.107085 -0.813972 1.530559
-0.051337 0.146030 -0.044416 12.879284 -2.272927 -8.515219
0.022104 -0.022932 -0.073408 15.464957 6.767622 -9.777353
0.110800 -0.055288 0.004796 -7.383950 9.268535 -2.321449
-0.039692 0.029060 -0.001763 0.453152 2.753837 -19.670108
-0.291500 -0.037506 -0.231930 -12.041383 -7.677609 -13.858976
-0.203060 0.005473 -0.107110 1.140233 -3.061097 1.031578
-0.079973 0.037374 0.021302 6.701580 26.240290 3.343179
-0.049964 -0.207680 0.233210 -1.450584 -12.050487 13.443918
0.005878 -0.018876 0.045035 -5.134976 -1.152602 -6.342500
-0.010944 0.041678 0.054866 14.423935 -7.501769 -14.868254
0.018572 0.051316 -0.089227 -1.568294 -16.112649 -8.412196
-0.048704 0.006265 -0.179410 -3.877368 5.451286 12.602639
-0.056161 -0.067562 0.089565 5.983430 -10.262315 2.049548
0.010115 0.005402 0.017037 2.333772 19.993998 14.495641
-0.015993 0.055616 -0.062710 -4.752433 -10.603265 4.309174
0.316960 0.168500 -0.438010 5.576557 2.226181 -3.821468
0.027761 0.003220 0.035720 1.399541 -9.768374 5.294717
-0.063865 -0.128100 0.032156 -1.353514 11.155923 -1.434956
0.090581 0.254460 0.059838 4.382722 12.654325 10.178609
-0.010183 0.046696 0.020313 6.412052 5.546239 10.605409
-0.011472 0.017882 -0.011489 7.525318 3.138323 -0.285855
0.019430 0.105590 0.058221 -7.075405 7.631396 6.297764
-0.092583 0.015090 -0.014082 -4.733540 0.758744 2.683639
0.231450 -0.195130 0.433370 -0.507529 2.571312 -2.862387
0.052030 0.025856 -0.073735 -1.783121 7.674768 2.427032
0.019640 0.256750 0.172320 3.140321 -9.002250 -8.455708
-0.133140 0.044477 -0.189250 6.999337 -4.019136 -3.304311
-0.005141 0.004505 -0.043826 5.244070 1.695453 8.712394
-0.102190 -0.061631 -0.011803 12.712283 6.303349 3.703827
-0.051254 0.153610 -0.144980 7.693928 -10.646857 -0.651504
0.018970 -0.404410 0.067592 6.048580 3.578137 -9.231585
-1.423000 -0.151420 0.286930 -11.551196 -1.345613 -1.713229
0.024185 -0.059879 0.046081 -8.974852 2.721862 -13.942741
-0.017509 -0.027463 -0.007971 2.359860 -6.559067 1.331696
0.041802 0.057302 0.037412 -3.074639 4.584058 -5.187814
0.086486 0.024905 0.120170 0.495274 -6.202850 1.945355
0.087133 -0.027731 -0.040162 3.116474 -3.603009 5.385477
0.001927 0.032979 -0.039196 16.678372 -11.364995 1.135453
-0.073869 -0.079886 0.063345 -1.589710 7.433874 3.696633
0.057052 -0.011278 0.005885 -1.632974 -8.833640 11.465288
0.101080 0.099068 -0.045410 1.565646 -5.996792 -0.195963
0.030574 0.142500 0.223340 3.585968 -8.689811 -7.589851
0.049418 0.037899 -0.004646 -6.545552 21.252446 -16.807857
0.069573 -0.144810 0.214820 -6.587221 4.226562 -14.065072
0.098767 -0.086318 0.236460 5.905537 -2.315575 13.112743
0.069062 0.243750 -0.495610 -3.573820 -3.951968 2.417913
-0.071634 0.021229 0.030217 -5.923591 -0.410826 1.332454
-0.022331 -0.025728 -0.024923 15.892273 4.523694 3.441345
0.064296 -0.314670 -0.139720 4.375792 -3.081392 0.534904
-0.058519 -0.040514 0.040522 7.477764 -3.075679 -17.127034
0.069846 -0.028728 0.003112 2.270750 -8.661168 -11.499250
0.433130 -0.520600 0.176030 13.469369 -17.556641 8.877105
-0.036864 -0.071911 -0.044960 -6.863647 -5.230717 3.420835
-0.050217 -0.055739 -0.141740 -2.738664 0.021975 -0.408294
0.074387 0.111060 0.004507 6.729252 -23.805474 -3.056427
0.017950 -0.077157 0.065105 -4.483622 7.086535 -8.553053
-0.116910 0.014388 -0.024677 -11.506398 1.650710 7.129114
0.055467 0.008690 0.032456 -7.027204 -11.007579 -3.383312
0.048234 -0.012236 0.112840 -0.523915 -1.213171 5.842216
0.042635 -0.038065 -0.018298 -9.489627 10.696083 0.829074
-0.060102 -0.094829 0.278720 5.921418 -0.389543 -2.395608
0.108990 0.093458 -0.074458 9.146574 -7.817136 -3.577729
0.067752 0.054793 0.010152 7.152701 0.238564 -10.756844
0.047537 -0.114700 0.176060 -1.887065 -4.850883 -0.095962
-0.147450 0.030189 -0.103530 10.632219 -8.554248 0.222946
0.012775 0.169850 -0.001411 10.125178 17.286812 6.407412
0.315650 -0.479780 0.067787 4.691283 -7.617913 5.675128
0.301730 -0.170800 -0.019963 -24.459383 21.885132 2.444726
-0.008468 -0.021356 0.012054 7.220174 5.674416 -2.115145
-0.127630 0.069665 -0.126390 5.304493 3.773778 0.829592
0.101940 0.158040 0.042968 -2.978712 -3.225276 -2.986066
0.042864 -0.008039 -0.034876 -6.273411 3.868988 -2.432096
-0.062202 0.042407 -0.216450 -3.846384 -1.825645 -0.374516
-0.010303 0.009549 -0.023487 -14.229842 0.203854 -18.912629
-0.064680 0.001837 0.003090 1.865326 -0.550884 -5.373320
0.128310 0.053682 -0.149710 10.694659 4.494717 -13.893620
0.075538 0.213690 -0.118310 2.849285 15.716851 -1.280686
-0.049395 0.223440 -0.123860 -3.644809 2.038908 -4.561861
-0.111120 0.068627 0.250810 2.137016 2.628738 -3.201333
-0.023465 -0.078626 -0.131700 1.062541 3.617675 2.730258
0.055415 0.015617 -0.120680 3.548912 -0.624460 -11.565319
0.084437 -0.051782 0.122150 -4.624594 -2.038328 -1.341597
0.086916 -0.051773 -0.010323 -0.418154 11.796540 -16.485738
0.004242 -0.033925 -0.013045 3.325861 -10.870667 -12.228924
0.005633 0.121890 -0.046456 0.498315 8.500874 6.714108
-0.075283 -0.074593 -0.066121 -15.963392 -6.404131 7.516647
-0.016773 -0.039006 -0.036743 -6.429725 -8.028632 -7.329791
-0.006669 0.064378 -0.071418 -7.569966 8.624089 -3.344321
0.067066 0.036718 0.025897 14.493273 -2.836889 1.730858
-0.176800 -0.167550 0.141920 -3.233792 4.860955 -8.097271
0.014076 -0.010753 0.122690 -2.642398 -13.528426 -7.052745
-0.117220 -0.022940 -0.087342 -7.300028 -2.814790 4.732501
-0.146360 -0.139060 -0.071843 4.379990 13.079452 4.520052
0.116300 0.001992 -0.071892 14.162649 8.206506 -6.220748
0.086938 0.011780 0.099789 5.277363 -6.959143 11.557083
-0.023932 -0.043492 -0.015943 -6.854741 -4.295397 -1.593318
-0.025414 0.044575 -0.020324 0.682629 -2.896499 -4.021261
-0.207680 -0.055147 -0.047249 -14.356310 -3.300880 2.322265
-0.023074 -0.044840 -0.157890 -0.269748 -4.238492 -2.903257
0.042602 -0.086577 0.064036 -0.075611 29.224669 -5.518282
-0.058946 -0.042974 0.001059 -6.314718 2.834678 6.546654
-0.224480 0.141550 0.075984 40.124684 -29.023974 -3.004443
0.105030 0.052466 -0.020279 19.755313 -9.119993 2.503369
-0.095457 -0.032886 -0.110260 -9.916457 -1.234750 -29.470968
-0.150140 0.062087 -0.068103 3.530674 0.758756 5.595978
-0.010529 -0.082289 -0.006324 -4.822204 13.543608 -12.741070
-0.073150 0.015315 0.012099 20.625616 1.084168 -1.321423
-0.083429 0.058204 0.028777 -1.136696 -9.957024 6.440429
-0.187380 0.305400 0.073137 3.239931 -16.156604 -4.287784
0.088169 -0.207750 -0.041041 0.380230 -3.485306 -2.739969
-0.110170 -0.076590 0.153510 -7.739186 0.625094 6.069659
0.084915 0.164150 -0.031313 -2.519239 4.329378 0.191129
0.094423 0.087106 -0.003993 2.405293 9.055136 -19.790192
-0.128560 0.067220 0.109770 6.748745 -1.292969 8.362686
-0.066136 0.028772 0.038782 -22.681809 20.381898 0.343305
-0.051825 -0.006960 0.064492 1.956875 6.951345 3.007165
-0.051301 -0.029399 -0.053872 -8.615723 11.649693 -2.983778
-0.128910 -0.163930 0.005466 5.326855 8.928875 6.199158
-0.065951 0.059964 0.045618 6.577823 1.770841 -30.599657
0.174870 -0.065503 0.050172 -16.252416 3.424657 8.346820
0.039460 0.005218 0.049110 0.834405 -1.066207 -10.918255
-0.079410 0.001420 0.024448 -6.559246 4.316959 -5.075764
0.391040 -0.795560 -0.136140 -6.478396 7.776720 -1.889393
0.053296 0.263250 -0.027654 3.792920 -1.591827 -0.653320
-0.110770 0.040075 -0.244780 -2.448489 -5.657333 -0.111563
-0.052565 0.022345 -0.052916 -20.933279 -7.819069 -13.803928
-0.033830 -0.147590 -0.016588 -4.562648 -15.080843 2.619787
-0.011122 0.086149 -0.054082 -11.311110 -2.912771 -10.114415
0.108550 -0.130680 0.028802 -13.162148 -4.668947 -8.452463
-0.114120 -0.080513 0.068305 7.732103 -5.012706 2.649097
-0.002081 -0.044351 -0.106190 -12.539600 -5.845391 -18.160865
-0.102890 -0.028440 -0.016681 7.455545 7.389090 6.840163
0.192190 0.081471 0.077562 17.836882 -5.508627 12.776973
-0.067083 0.091684 0.073310 -1.126717 0.324581 -5.107589
0.041336 -0.071095 -0.034488 18.242469 11.122121 14.304801
0.061847 0.019443 -0.120850 -0.877748 -2.753850 -2.409550
0.008571 -0.053898 0.147970 8.054999 -2.180447 12.010555
-0.115290 0.051023 -0.018979 6.252043 0.937152 7.395641
-0.025163 -0.619720 -0.233130 7.477262 -18.850098 -11.416711
-0.003201 -0.064385 -0.080594 2.719715 -0.658118 -8.648298
-0.302930 -0.026012 -0.074759 0.432535 -8.617370 1.089487
-0.001429 -0.035444 0.038024 -22.595191 -20.479372 1.427828
0.119220 0.128020 -0.055328 3.911680 12.237802 8.821359
0.019403 0.063589 -0.022411 1.381860 -1.770549 -14.733541
-0.136570 0.054764 0.161340 -0.859865 -5.874305 -6.200451
0.145520 0.101780 0.270580 4.315265 1.137098 -0.656987
-0.041473 0.077521 -0.026399 -3.018702 -8.327330 1.048186
-0.080751 -0.139300 -0.115520 9.528933 1.339055 -0.003444
0.022878 0.005428 0.032493 -3.418309 15.506425 -14.237348
-0.077728 0.170550 -0.031293 8.679405 -3.843011 3.742779
0.179930 -0.134260 0.196790 5.406751 10.015455 10.336222
-0.203660 -0.125380 -0.023276 11.349011 9.179454 3.595406
0.149240 0.077605 -0.303510 -18.955777 -11.354965 33.706183
-0.200010 0.005744 0.139090 -12.616691 9.342632 9.531860
-0.624030 0.019630 -0.506670 17.858630 -0.977621 12.885728
0.151440 0.082271 -0.017664 -15.846760 -5.563945 -7.185871
-0.008319 0.013668 -0.095535 5.116937 -3.966820 -6.289604
0.025192 -0.114390 -0.036222 -4.697368 6.972378 8.469132
-0.031535 0.040007 -0.033840 1.435757 -12.605061 -8.528768
0.040781 0.049044 0.071499 -5.666112 -3.259911 8.628603
0.111580 0.081980 0.036532 5.684384 17.275539 0.301731
-0.059875 -0.019565 0.047948 -3.400676 -4.795321 -0.206227
-0.122080 -0.042244 0.330200 -0.653177 1.499356 2.417756
-0.053544 0.006867 -0.065336 -3.737608 3.790867 -11.532962
0.143400 0.013218 -0.006086 -7.857409 -2.003416 4.927022
0.053678 -0.064157 -0.035398 -1.812589 0.377125 -1.736581
0.277100 -0.057913 0.270220 -3.419973 3.431746 -0.561848
-0.032509 -0.017497 0.071375 -21.098976 9.764283 -13.073055
0.026586 -0.075300 -0.009226 -20.363047 12.837596 8.938588
-0.021988 0.057714 -0.016157 -1.228848 0.683701 8.312198
-0.063249 -0.038455 0.015876 21.500815 5.159602 -5.408708
-0.025080 -0.074254 0.024937 -10.518891 11.942320 -5.037353
0.043296 0.049396 0.068916 3.708511 1.749228 9.316004
-0.040466 -0.004890 -0.070095 13.786987 -14.812397 -1.560623
0.019820 -0.038366 0.030344 14.995388 0.766182 -3.429441
0.018130 -0.272280 0.167180 2.136807 -9.507681 5.136899
0.114880 0.063477 -0.056361 -0.156939 2.405238 -4.198609
0.047909 -0.068208 -0.004397 2.798879 20.694116 8.454272
-0.078175 -0.076848 -0.017196 -5.268208 -8.394794 -4.351461
0.139340 -0.099443 0.010632 -5.254187 -0.472348 -0.622517
0.094768 0.020625 -0.013909 2.734364 -8.741730 -3.089427
-0.024498 0.073066 -0.028364 -4.507257 -0.030687 6.631977
0.024420 0.011863 0.032150 17.397546 -7.031239 -5.378947
0.035852 -0.003305 0.045232 6.348802 -5.884209 -8.902660
-0.344930 -0.217140 0.017716 -4.805283 -4.537047 -3.425229
-0.032923 0.067199 -0.000173 3.389854 -8.161671 -3.873238
-0.035599 0.045589 -0.041203 8.804927 -3.673599 -0.285731
0.019352 -0.020265 0.131090 -3.261583 1.708829 -4.591604
-0.030328 -0.016243 0.000525 -3.238309 8.405453 -10.230837
-0.079650 -0.032933 -0.127870 -4.999554 -4.399319 -12.441645
-0.027345 -0.023916 -0.094756 9.559077 -22.746964 -22.461556
0.020636 0.142820 -0.017059 0.435345 0.560680 6.153315
0.089559 0.145500 -0.109780 4.176202 11.767899 -6.567511
-0.069431 0.046413 -0.066442 -3.661649 -7.945747 4.384722
-0.015328 0.067843 0.090366 -12.917509 -2.509391 -2.481372
-0.033252 -0.230140 0.183060 -1.419301 -12.411256 14.476025
0.187370 0.005737 -0.241670 -4.998410 2.092027 13.124974
0.040111 0.039802 -0.112640 -5.377388 -8.122080 10.108591
0.317380 -0.357380 -0.092384 5.275259 -6.271231 -3.736437
-0.008152 -0.007106 0.061421 -10.685256 -10.113136 -19.523710
-0.070206 0.152550 0.023707 5.258957 -17.374650 -6.426105
0.105600 0.026732 -0.036362 14.959226 -6.726805 -3.065637
0.315290 -0.255790 0.036402 3.236146 -3.510366 7.925496
-0.050765 0.060103 -0.043343 -10.343555 -6.329040 1.617359
-0.005231 0.017462 -0.037766 0.923016 -10.365502 -13.260713
0.023095 -0.047824 -0.040235 -2.270757 -1.345424 -4.040153
-0.034699 0.037767 0.040625 2.449113 -6.378051 -10.592906
-0.006165 -0.053224 -0.047264 -4.862430 -7.499518 -1.048155
0.042400 -0.056285 0.280980 -3.013711 -0.216676 3.456438
0.373860 -0.435320 -0.321050 -9.052535 17.451977 9.601332
0.007545 -0.005954 -0.102160 8.525794 1.241097 12.288217
0.107140 0.200090 -0.182530 1.338613 7.237928 -7.339292
0.045497 0.073108 -0.073972 7.783729 5.182638 6.070580
0.059675 -0.083516 0.050844 10.069813 -6.310637 -3.708455
0.002470 -0.052310 0.071261 -1.516246 9.092036 -8.375035
0.056252 0.019797 0.010759 7.403505 -5.374724 3.008120
0.107990 0.223030 -0.104480 5.552629 -19.229337 5.179715
-0.016346 -0.289740 -0.077406 8.516456 24.097416 -0.195107
-0.002715 -0.026977 -0.040061 17.993632 -10.211811 14.134163
0.002045 0.311380 -0.096214 -1.988175 7.750922 -0.327865
-0.021066 -0.038291 -0.025920 -7.660211 -11.570052 -10.760739
-0.048277 0.056866 -0.013752 24.613478 -0.255092 -4.054475
0.061852 -0.091186 0.131730 6.219133 -0.913142 -4.423475
-0.219250 0.398060 -0.070119 5.191502 -9.128297 4.478036
-0.039548 -0.070699 -0.077581 9.308603 -2.568770 3.262933
-0.485900 -0.560380 1.627700 -5.073485 -3.073313 13.113751
-0.054836 0.012698 0.104890 -0.974985 -4.643643 0.088618
-0.124600 -0.080159 -0.035114 -10.374597 -0.158296 2.932073
0.052902 0.125150 -0.021869 1.266238 -14.212609 -17.396632
-0.003797 -0.023585 -0.029178 3.307775 7.813090 1.621534
0.088443 0.033044 0.291040 5.579501 0.261154 -6.459317
-0.283600 0.035373 -0.611550 -0.957648 4.544460 -13.542472
-0.034736 0.037161 0.006243 -0.718330 4.011265 -27.380592
-0.115480 -0.039201 0.003135 11.410804 -5.812650 -7.589202
-0.706560 0.466710 -0.437660 21.405340 -11.216492 11.321101
-0.014320 -0.021070 0.032691 -2.940256 -12.481772 10.686704
-0.069223 -0.075405 0.318720 2.784293 3.005987 -6.454704
-0.137200 -0.047344 -0.080941 17.579781 -1.841849 7.362550
-0.064843 0.138920 -0.023491 -7.546975 0.324388 -7.415565
0.057270 0.071294 -0.140310 -5.013797 1.983514 1.566929
-0.059477 -0.070590 0.035465 -8.117524 -12.175311 3.910999
-0.023473 0.003720 0.009839 3.987817 5.288975 12.284492
0.034063 0.028499 -0.033077 11.202688 -4.823422 12.536898
-0.002149 -0.047542 0.137260 8.121280 4.953374 5.353670
-0.073589 0.168470 0.119190 2.359859 -3.808399 10.526549
0.020559 0.040427 0.068342 5.133801 10.932441 4.018322
0.022949 -0.044217 0.182530 -10.265460 1.677239 9.317534
0.223840 0.018984 -0.123410 8.488115 7.544040 -8.403908
0.031856 0.055479 0.128520 7.636667 4.404946 8.135324
0.038377 0.057927 0.075499 -11.415703 -8.137532 -20.601633
0.009083 -0.013212 -0.073526 -0.160355 8.727029 -4.610489
-0.266860 -0.298140 -0.039274 1.373186 11.706539 -0.238692
0.006272 0.009172 -0.041261 -16.147812 5.169320 4.312113
-0.031783 0.032228 0.014083 5.142803 -14.531465 11.949094
0.020689 0.048678 -0.012840 -9.482208 1.499569 10.367709
0.052634 0.167000 0.253010 -8.022873 -8.809607 -2.919813
0.007562 0.075535 0.039664 3.233147 15.312735 3.829900
0.027454 -0.021078 0.135220 4.020041 0.910547 10.417545
-0.051550 -0.057262 -0.046607 6.018553 7.699653 -10.530870
-0.033949 -0.018058 -0.023602 -8.761606 -3.532373 -11.656824
-0.087233 0.109330 -0.067213 -3.735828 0.510588 -4.111393
0.018252 0.017046 -0.094865 0.514951 -7.474150 5.076832
-0.097184 -0.076129 -0.006293 3.380217 11.074721 -12.148648
-0.079627 0.077495 -0.017030 3.686345 -3.075942 -2.179355
0.052453 -0.039167 0.000277 2.522962 -11.058493 0.187310
-0.178440 -0.284000 0.096016 3.361354 -3.917704 0.380848
-0.036603 -0.055996 -0.016963 -0.769437 -2.312381 1.091134
-0.055524 -0.013932 -0.054819 4.639016 1.008549 18.583561
-0.059900 0.164940 0.000503 -4.992665 -8.539956 9.609131
0.149990 0.037818 -0.024687 11.646860 -6.491225 -10.256883
0.037595 0.085579 -0.009052 0.111046 -10.739939 -3.084961
0.073033 0.073493 -0.023834 -5.288124 8.706475 4.457438
-0.402980 0.132450 0.326400 12.167654 -2.396368 -9.544388
0.034713 0.228970 -0.075732 -0.533776 -7.263133 2.355285
-0.127650 -0.015346 -0.186210 11.386542 -0.953290 10.806520
-0.010723 0.064376 -0.008522 0.199851 -8.564299 -14.341124
-0.036067 -0.015915 -0.129800 5.869210 3.061831 -0.383970
0.166980 -0.055903 -0.100900 -12.337096 -4.186000 -1.321781
0.008704 0.017155 -0.053584 -6.771612 -0.440463 8.466463
-0.066684 0.050875 -0.006805 -1.358335 -8.137170 11.504551
0.067884 0.041130 -0.014263 -4.989874 -14.138683 0.011965
0.031213 -0.017437 -0.044684 -0.917606 13.136234 5.006488
0.027950 0.340980 0.079437 1.076617 -11.655920 4.163191
-0.020097 0.083674 0.092895 -11.175293 -0.912374 -3.233707
0.150300 -0.058346 -0.015893 -16.508259 -6.936374 4.725314
-0.039506 0.035845 0.131820 3.093870 0.283547 -1.857995
-0.096702 0.024221 -0.300740 8.215650 -0.071474 1.573939
-0.091044 0.134120 -0.067961 -5.751140 2.141506 3.490401
-0.201560 -0.020020 -0.069474 15.942944 2.245808 9.384221
0.048469 -0.020785 -0.024407 -4.502497 -9.340134 6.096718
-0.016043 0.003197 -0.042250 13.635028 6.681585 2.357006
0.007020 0.014859 0.012914 26.273093 -11.217791 5.011104
-0.075743 0.035954 0.012417 12.657547 0.451701 5.282803
0.159270 0.077532 -0.165850 6.466022 3.036983 -5.197385
-0.085883 0.162780 -0.086840 8.049116 -1.692317 8.267503
0.010524 0.012072 -0.028345 -18.289113 4.924751 12.291549
-0.183570 -0.027331 -0.253330 1.037909 -2.197011 4.218271
-0.031305 -0.051643 -0.106910 -11.770337 -18.397244 -13.786934
-0.029408 -0.009095 0.075427 -14.177316 -3.150504 8.750386
0.228960 0.030027 0.124440 4.320189 9.550502 9.022133
0.082045 0.034117 -0.012328 15.201328 0.769415 3.051498
-0.017260 -0.054498 0.004661 2.944581 -4.798914 -7.800598
-0.239230 -0.261300 0.074102 -1.685542 -1.986438 3.005529
0.031174 -0.063239 0.052164 -2.152723 2.035773 -5.843289
-0.037334 -0.074956 0.028155 7.856660 6.103087 8.060189
-0.037810 0.000995 0.029738 4.238998 -0.246156 13.212652
-0.175470 -0.001823 0.028372 0.424709 3.007165 9.489552
-0.024456 0.010534 0.070677 4.959941 10.766496 -4.551701
0.185420 -0.215600 -0.057519 -2.536693 -2.718982 -8.446798
0.100160 0.034500 0.072659 24.184412 -4.274232 30.253298
0.231580 -0.155120 0.184560 6.574780 1.025645 3.961637
0.050862 0.084780 0.016976 7.162038 2.975099 4.350422
-0.011491 0.066510 -0.026280 0.503935 -8.380903 13.603135
0.079957 0.109790 -0.004869 -6.860624 -8.355842 2.917676
0.054325 0.032433 -0.230550 2.044630 -0.972252 23.665071
-0.011525 -0.073307 0.076726 4.431287 -1.511334 -8.423973
-0.045064 0.055865 -0.042320 13.715801 -11.649009 11.580666
-0.468170 -0.591140 0.019295 -17.492783 -22.000730 5.279641
0.019392 0.007222 -0.023101 -1.460799 -12.719672 6.429423
-0.200880 0.007628 0.323930 -1.987737 2.716156 7.361941
0.097058 -0.053436 0.068637 -0.692178 11.955876 2.781671
-0.147770 0.038755 -0.006416 -7.037212 7.983268 8.695876
-0.090507 -0.024022 -0.001460 6.488739 3.224579 2.198141
0.137500 -0.239770 0.035683 10.337873 -9.643262 -0.532600
0.094918 -0.131410 -0.136370 -9.300048 8.413789 7.259134
-0.116330 -0.018556 0.150820 -1.513156 -4.818051 2.825894
-0.227520 -0.057454 0.092524 9.939071 4.791156 -10.298263
0.119360 0.024934 0.016995 15.611194 6.114552 2.615872
-0.011090 0.083482 0.091850 3.822262 -1.347770 8.171878
-0.164630 0.479470 0.332180 9.010446 -17.765118 -21.724686
-0.003579 -0.021138 -0.032291 -16.725858 -4.306167 -3.232809
0.004205 0.015719 -0.037023 -5.709247 6.594163 -5.498592
-0.011200 0.021236 -0.067997 -12.306566 -10.337035 14.401016
-0.028724 -0.176260 -0.005340 9.009619 4.797625 -3.825145
-0.255650 0.176890 0.035789 -10.972955 7.737487 0.659087
-0.107370 0.030884 0.018032 6.214648 4.623598 -21.543843
0.003063 0.076278 0.037256 -0.811037 -7.337147 -2.146189
0.150970 -0.045081 0.101370 -3.983886 2.387225 1.910756
-0.108510 0.084610 0.029960 19.153685 -2.057851 -4.293537
0.081115 0.122650 0.118680 6.904581 0.910616 0.246275
-0.142460 0.177370 0.020160 8.241844 -0.712234 -2.949327
-0.069812 -0.002996 -0.029219 4.007692 3.943045 8.377857
0.083010 0.012579 -0.007665 -6.025551 -0.481391 2.804119
0.009040 0.011397 -0.129640 6.870370 1.809017 -0.428132
-0.059709 -0.031684 0.071852 -1.457094 10.397962 3.508872
-0.073817 0.070092 0.103380 -16.731289 -5.802030 -0.206207
0.067178 -0.135140 0.032734 -2.131977 7.181904 6.033483
0.057007 0.023107 -0.030615 7.773098 9.293094 -20.644645
0.029582 0.028417 0.006841 4.684823 3.250635 6.246253
0.018061 0.059212 -0.007556 -2.240256 16.480563 -6.039949
0.060098 0.036302 -0.027011 -5.277597 -16.502820 -0.356144
0.043364 0.005821 0.091297 6.209638 20.006442 1.841623
-0.248040 -0.074091 0.119040 19.874410 12.852133 -9.651234
-0.023319 -0.055937 0.026455 0.128085 4.111560 9.024549
0.051085 -0.083531 -0.185260 6.326461 -15.496401 -6.900337
-0.182630 0.201600 0.235110 4.325538 0.733819 -5.258767
0.028410 0.211490 0.147550 -6.024106 9.704611 6.635530
-0.262730 -0.145080 0.354890 0.431274 -4.790206 4.350920
0.067724 -0.112840 -0.044731 -1.139315 -0.886772 -0.612765
0.134950 0.759340 0.811560 -0.875104 -5.928927 -4.499701
-0.126080 -0.120750 0.006509 10.855336 -2.573624 -5.432006
0.478130 -0.048530 -0.498500 13.338805 -5.274253 -12.777957
0.015132 -0.056920 -0.011963 17.486632 -9.668498 -2.452453
-0.144750 -0.092672 -0.121230 2.371535 -3.663043 8.681575
0.011728 -0.005142 -0.019159 -1.575885 4.919821 1.555251
-0.375890 -0.151640 0.001504 14.428379 5.926664 -1.133914
0.015397 -0.088754 -0.107750 -17.378994 -3.434979 -10.248319
0.066121 -0.842090 0.610160 0.716318 -11.876644 10.033025
0.079436 -0.137770 -0.027987 16.167485 -7.372552 -8.283706
-0.078300 -0.103660 0.020835 -0.027001 -0.728332 -3.425086
-0.023904 0.042400 0.015395 3.756069 -6.075610 -2.046023
0.012216 0.027345 0.105840 5.809637 7.545037 -12.964153
-0.112960 0.223000 -0.195000 -0.758472 2.152555 -0.521409
0.069961 -0.012023 -0.052934 3.545528 1.112932 -0.480066
0.034875 -0.021915 0.167600 -2.006844 0.709046 -1.027231
0.200570 -0.183580 0.002728 3.406017 -4.189211 3.947685
0.032220 -0.179830 -0.083569 -2.862139 -7.189850 0.601719
0.068779 -0.155720 -0.030051 18.969063 -3.029805 0.355288
-0.059196 -0.625920 0.390810 3.879968 14.926843 -2.177947
0.061869 -0.186490 0.115020 0.190372 -4.834293 6.950345
-0.037670 -0.129540 0.021530 11.064243 1.400613 1.174488
0.027125 -0.086732 0.131660 -2.071633 -1.284567 -6.847442
-0.000970 0.004716 -0.079568 2.011522 -1.192975 13.081475
0.040947 0.038440 0.038745 10.826826 6.978352 -4.952480
-0.012328 0.002114 0.083405 3.881211 -2.821547 13.057669
-0.049638 -0.127080 -0.082066 -17.714938 15.189431 -11.023929
-0.634500 0.437430 0.028940 -12.599698 8.784264 2.514582
0.064026 -0.177300 0.001505 -6.310742 -5.477092 -3.047256
-0.002659 -0.162000 0.033427 -0.982645 0.173312 -4.210123
0.202690 0.058406 0.161720 -7.532242 0.313358 0.040345
-0.325710 0.093263 0.203500 20.531011 2.731591 -12.632163
0.101560 0.154900 -0.262970 -6.450398 -5.326350 1.476489
-0.047390 -0.055912 0.008724 -11.311086 -5.350738 -5.610959
0.061494 0.083684 0.040013 -1.408656 1.675963 -0.814458
-0.049072 0.046987 -0.054970 -2.147874 -6.475578 4.736522
-0.027696 0.102470 -0.004049 -1.197920 -18.595871 2.779439
0.011792 -0.076380 -0.047848 9.322963 11.715710 3.546237
0.046219 0.004652 0.017925 -6.679098 7.449587 10.195139
0.055551 -0.010709 -0.036171 -28.315717 1.604984 4.171573
-0.035102 -0.032545 -0.052761 1.402019 8.858569 1.535989
-0.003793 -0.211660 0.170690 9.645669 -18.181630 5.425078
0.401340 0.339180 -0.116410 -15.640672 -3.731457 2.937607
-0.067681 -0.097483 -0.039607 1.792210 1.020130 6.257510
0.103060 -0.957620 0.268210 -1.310238 29.090303 -2.702822
-0.006101 -0.274110 0.018423 -3.474325 12.370658 6.105891
-0.066210 0.013645 -0.145000 -0.732386 -5.767563 -1.785864
-0.006662 0.016385 0.013454 4.688729 -1.021317 -0.213308
-0.115700 0.101170 0.120340 -9.963871 -2.284995 -3.326768
-0.060739 -0.122560 -0.003063 17.579217 33.213920 9.624692
0.020593 -0.020542 0.034793 9.990387 -2.013567 -0.092417
-0.005102 -0.001012 -0.079492 -8.176578 3.200238 4.759402
-0.020722 -0.064982 -0.024245 -6.478359 -2.426523 3.906019
0.058330 0.173200 0.115120 1.882175 2.911248 -5.166248
-0.039572 -0.022812 0.086473 6.125135 -1.350475 -0.915488
-0.166620 -0.579420 -0.187400 0.205801 -4.308610 -2.634774
-0.048980 -0.041961 0.049294 -1.027333 7.659627 0.084183
-0.104820 0.069985 0.021987 4.949950 -5.393838 -3.555507
0.107000 0.193290 -0.220700 -14.433426 -20.774817 16.820070
-0.058580 0.092545 -0.005182 1.159537 -4.211867 -20.148425
0.021365 0.008293 -0.006477 14.627184 -9.166166 -0.027180
0.031645 -0.017818 -0.181930 -1.482514 -10.272660 1.339897
0.077130 -0.070282 -0.036825 -4.704056 -10.770915 -5.472966
-0.027658 -0.019863 -0.019347 -15.429311 9.193938 2.385281
0.067792 -0.092516 -0.167010 -1.855935 6.054551 -24.964973
0.138950 -0.737490 0.588660 -1.469425 18.306193 -13.023980
-0.076129 -0.092825 -0.052227 3.117530 15.455346 0.790051
-0.025404 -0.069514 0.057138 2.419292 4.543168 17.448775
0.224520 -0.212920 0.033735 3.186174 -10.207143 6.510021
0.048061 -0.117770 -0.185430 -3.016892 -0.692893 -5.093642
-0.093153 -0.179480 0.072644 3.960965 -2.711268 7.819003
0.290020 -0.088213 -0.031684 3.307403 -3.013557 5.041832
0.012382 -0.020199 -0.077619 -2.848854 12.077909 -11.322417
-0.101720 0.131320 -0.007567 5.519065 1.616630 0.243867
0.040127 -0.161380 -0.051230 13.741055 11.902719 8.569472
-0.048227 0.019256 0.005922 -7.067930 -2.964729 -0.268251
-0.018386 -0.007182 -0.042149 17.744082 0.216878 -12.222351
0.162720 0.098297 0.138900 -1.753662 6.041919 5.997469
0.002159 -0.160830 -0.253340 5.968942 -5.676246 -6.324778
-0.028842 -0.027451 0.007608 -7.965480 -6.532868 3.413503
0.146720 -0.014826 -0.040738 -2.184198 3.707245 -7.292246
0.020157 -0.081817 -0.217080 -0.439509 -3.526284 -5.412888
-0.015680 0.002608 -0.039451 -6.030796 -16.722215 -1.215100
-0.438280 0.102820 -0.380530 -26.807615 10.501281 -22.142495
-0.005799 -0.047357 -0.087346 -1.420729 2.221626 29.265865
-0.054366 0.049662 -0.026838 0.766498 -6.366207 -8.298557
0.005746 -0.010517 -0.040958 -12.280108 5.893178 -13.762824
-0.080163 -0.031069 -0.054133 1.968761 -2.118969 2.890444
0.057931 0.099331 0.012797 -1.496088 6.505674 0.758214
0.067112 0.032303 -0.026732 0.057528 11.099612 8.204356
0.007781 -0.006374 0.060011 -2.589057 1.164729 -14.900757
0.014687 0.064827 0.005139 -21.323719 -3.790765 -1.749958
0.156480 0.242330 -0.223330 1.319967 12.630474 1.502524
-0.016378 -0.036860 0.008342 -6.346315 -8.060841 3.404591
0.055741 0.032029 0.006373 -1.799383 -10.183825 -1.662995
0.041139 -0.044809 0.004003 -5.053407 -1.634560 9.706644
0.093410 0.052620 0.032556 1.075474 4.606378 7.113684
-0.007595 0.064426 0.036268 7.584776 7.204446 7.828843
0.064819 0.026665 -0.029759 19.701597 -1.939348 -10.391224
0.014519 -0.068189 -0.014407 -4.985505 7.185059 34.748863
-0.233990 0.072524 -0.033322 -1.825321 1.927982 -1.231008
0.013459 -0.383070 -0.018674 -1.329514 3.038743 -0.947867
-0.000827 -0.071991 0.074362 -0.111229 10.250764 2.595676
0.100780 0.019501 0.103710 -2.637118 -14.738135 0.001268
-0.168120 -0.273340 0.276470 -0.993366 -2.287876 3.906823
-0.035463 0.045368 0.073313 -8.771101 4.946716 12.867530
-0.085331 -0.044770 0.065879 -3.621173 -9.766723 4.565821
-0.136560 0.086198 -0.219380 -2.807138 1.809150 -4.519012
0.082540 -0.051809 -0.031409 -6.223270 4.641297 0.279117
-0.009119 -0.033231 -0.078399 -3.078367 -1.975827 4.278909
0.028437 -0.105820 -0.263570 4.997142 -4.861668 -25.774514
0.017583 -0.037568 0.164620 7.447611 1.566126 6.865942
-0.017296 0.031575 -0.019406 5.018460 -3.678999 -1.869474
0.047537 -0.021677 -0.220340 6.868969 -5.659417 4.487467
0.166200 -0.091474 0.149770 -12.065618 4.060095 4.372240
-0.085105 -0.170960 0.023779 2.983330 9.120334 3.684312
-0.117160 -0.263380 0.098064 -16.507819 -7.294286 5.233255
0.118510 -0.118280 -0.185060 8.520707 -11.441740 -1.879104
0.005215 -0.057938 0.026773 -3.382936 3.095397 -4.269041
-0.029191 -0.092310 0.036327 12.163226 5.604908 -0.936824
-0.021094 0.050875 0.118810 -0.709856 -3.889281 13.095991
-0.008826 0.068770 0.070289 5.616865 4.873708 2.857570
0.160350 0.088038 -0.068387 -25.546699 -11.185811 10.385907
0.024434 -0.101520 -0.001160 10.108527 5.146794 2.874745
0.052015 0.083453 0.001872 -3.337274 -4.876976 -9.830585
-0.084161 -0.168660 0.235180 -4.254745 11.308888 -0.125368
-0.112210 -0.092397 0.042719 0.763308 -3.392445 1.857460
0.017771 0.081152 -0.015644 1.292234 8.869542 6.687002
-0.034331 0.055168 -0.111760 6.818631 -5.503522 -7.379327
0.014816 0.014585 -0.041983 -4.653767 7.160963 -15.439473
-0.165290 0.052105 -0.106840 -7.460569 -3.730824 -5.041552
-0.005410 0.050691 0.008625 -4.030451 -8.745516 -3.344133
-0.190980 0.192330 -0.193070 3.305589 3.440410 2.034580
0.006878 0.030922 0.090199 4.932519 3.888059 9.876031
-0.177160 -0.219840 -0.012068 -26.790194 -13.852711 1.330410
-0.023489 -0.062399 0.005384 8.891104 -9.977152 -9.247965
-0.061838 0.095506 0.006507 7.555870 3.946187 0.505086
0.126760 0.275550 -0.242660 5.612746 16.933265 -6.691882
0.134830 0.372400 0.025357 -8.441859 -31.441100 3.688532
0.126610 -0.084799 0.312740 2.172859 -0.719960 -0.203842
-0.005241 0.016941 -0.029061 9.156688 -17.596222 0.853458
-0.035620 0.459420 0.359520 2.659835 -10.765026 -14.543868
0.208040 -0.302370 -0.262400 0.409021 -1.538512 0.147439
-0.113710 0.051544 -0.037904 -8.524022 10.574947 -20.266158
0.059727 0.296010 -0.068075 6.358830 9.254731 2.302568
-0.035083 0.053320 -0.134250 -5.225860 -11.096264 5.077997
0.043554 0.078626 -0.042253 1.123692 10.607896 7.001547
-0.027560 0.016629 -0.038702 -20.774962 11.782942 -30.926047
0.029858 -0.027646 -0.034727 -14.503403 2.500540 11.781072
-0.080579 -0.029361 0.029841 6.518477 -13.655889 -11.397146
-0.299230 -0.012632 0.085458 16.916191 -6.942421 1.384831
0.096624 0.091317 0.009270 5.228222 3.511609 2.118193
-0.077048 -0.092309 -0.084484 5.573458 -7.539575 -2.602650
0.069982 0.019266 -0.011771 -4.273212 9.884330 -0.367671
-0.041604 0.005540 -0.079149 9.307104 10.916955 -11.928524
0.040210 0.221630 -0.051986 -1.999553 -14.371581 -4.256542
0.114340 -0.170080 0.144840 3.356592 -2.977835 -0.372735
0.237720 -0.047203 0.610720 0.797245 0.454218 2.335072
-0.026120 -0.049769 -0.008130 -0.277374 -1.589929 5.206346
-0.065710 -0.044039 -0.159500 -5.055710 -6.907485 -7.468630
0.046104 -0.020584 0.028992 9.777367 9.504996 11.757986
-0.030279 -0.106620 -0.094249 -5.222523 11.390130 3.982875
-0.000526 0.161510 0.089149 0.090029 -6.446594 -2.992777
0.050732 -0.088113 -0.014327 1.263147 0.093205 -3.050608
0.036544 -0.006358 0.083016 1.992600 11.893570 12.257639
0.067660 0.056374 -0.025355 -2.723957 8.842295 -2.110309
0.060947 0.069761 -0.049361 11.795545 1.598738 -10.594035
0.232070 0.074955 0.094907 -6.414709 -2.890285 -6.859773
0.109080 -0.340120 0.071116 5.536534 -18.184392 9.766145
0.103840 -0.059915 0.176030 -1.157548 -1.367493 -5.398650
0.261040 0.141410 0.083027 -11.082904 -5.742941 -6.201231
0.017589 -0.071938 0.027297 11.682127 3.849450 -1.965274
-0.032197 0.003257 -0.065125 2.043429 -14.903758 11.344065
0.060347 -0.037938 -0.101030 -2.500140 13.129465 11.065554
-0.005533 0.036531 0.030034 -7.190863 -10.947520 -23.206062
-0.024472 -0.016476 -0.060260 -3.983059 -13.065948 -0.586653
-0.046236 0.037113 -0.054298 9.671348 -9.865211 -2.518290
-0.027836 -0.050463 0.032498 2.536061 -8.976815 4.557394
-1.518700 -2.527900 -7.087700 -5.426782 -0.874505 -3.077425
0.011881 -0.084118 -0.039811 -8.336576 -0.297430 -2.868079
-0.122450 -0.048896 0.047219 -8.852817 -3.415056 5.664567
0.171980 -0.023045 0.046394 -23.541333 4.686777 2.721850
0.053548 -0.242570 0.190410 9.540570 21.064367 -14.609579
0.063020 -0.002045 -0.002423 2.760310 6.452756 4.313511
0.076114 0.059477 0.037928 8.042759 7.509045 6.514172
-0.050454 -0.015987 -0.020172 -3.270704 -5.779529 -1.793937
0.023332 -0.074656 0.114610 -5.638308 -6.483867 6.022209
-0.030531 0.081046 0.067490 1.458402 0.996634 8.040539
0.028779 -0.043582 -0.030586 2.453715 8.749197 -14.703815
0.030773 -0.123200 -0.002646 2.067317 14.746175 -3.251902
0.172300 0.176520 -0.138880 4.310421 2.291329 -0.093107
-0.091746 0.014671 -0.036123 3.717940 9.212033 -4.381348
0.101810 -0.178900 -0.128550 9.317572 -12.824022 -4.497219
0.025448 -0.063069 -0.056358 -5.675430 0.563260 12.025829
0.270960 -0.259050 -0.244290 -0.062599 3.569086 0.387059
-0.159400 -0.063411 0.117900 3.253667 -7.774376 1.888342
0.077245 -0.084346 -0.045484 -4.607536 12.218057 -3.019656
-0.007459 0.085678 0.030588 3.584884 -0.352617 3.514823
-0.079097 0.062405 -0.066656 10.479216 -4.673663 -2.210208
0.004625 -0.002696 -0.039367 -4.616445 0.155355 -4.893484
-0.018454 0.010814 0.076222 0.773330 2.594377 -15.764221
-0.071628 -0.029759 0.080996 -1.551872 -6.637326 3.325098
0.116700 -0.129740 -0.017713 25.819715 -7.165983 -10.669774
0.148160 0.532700 0.025108 0.285834 -0.978874 3.339154
0.330060 -0.334290 0.197370 -10.842640 9.765542 -1.024289
-0.068473 0.077198 -0.127850 5.129293 -2.408308 2.349521
0.055172 -0.033096 0.041540 -17.820108 9.169177 -7.812842
-0.069294 0.050531 -0.025292 -3.658383 27.273821 -7.344454
-0.296440 0.064785 0.253850 12.569469 -9.871679 -13.513802
0.021872 -0.075141 0.050390 -3.469002 11.354072 -0.354772
-0.139550 -0.123200 0.038263 2.195072 2.262697 2.422496
-0.028723 0.209580 0.004063 -1.392920 1.008910 -3.094424
-0.038330 0.014573 0.008661 4.957817 -1.545434 -15.784371
-0.025183 0.000899 -0.029980 4.244894 12.429546 -0.233304
0.019855 -0.019556 0.113330 10.348647 7.826812 10.047917
-0.024083 -0.163480 -0.401820 -4.064134 -0.730987 -23.947418
-0.063262 0.068429 0.011440 -6.710871 9.021359 -7.363440
0.068266 0.047031 -0.031975 -0.059323 8.350552 -2.607169
-0.218010 -0.248180 0.178080 0.446241 -2.337980 7.571557
-0.019010 0.155140 0.125390 -2.259376 12.431774 7.915489
-0.019252 0.042328 -0.048900 3.139676 -7.351707 8.508429
-0.004642 0.016992 0.017398 2.572293 -11.498772 0.240606
0.012985 -0.094555 0.043933 -1.948862 13.695756 -2.057190
0.050549 0.066177 -0.076611 2.375768 5.829258 -9.981854
0.069909 0.010797 -0.021027 9.329768 -1.017203 -10.404870
0.340980 -0.137620 -0.333360 -13.591140 6.347244 10.693863
-0.071795 -0.102460 -0.003340 -2.810752 -0.351585 3.609161
-0.053334 0.103000 0.293390 -3.453451 2.838142 0.282775
0.135640 0.191100 0.033161 1.374581 -0.978793 4.865644
0.001774 -0.080742 0.120210 5.135573 -2.655413 5.732822
0.043260 -0.025792 -0.082850 3.412298 -14.898167 5.680120
-0.055624 -0.075679 -0.092316 13.090461 2.387199 6.838779
0.066347 0.058864 -0.088819 0.505569 4.667274 13.137997
-0.044966 0.038713 0.070410 8.534093 -4.211281 2.622263
-0.180230 -0.060195 -0.224290 -6.889658 1.485992 -1.239750
-0.007864 -0.013679 0.014914 4.690367 13.114112 5.119553
0.030062 -0.048126 -0.030285 -7.807236 9.373800 10.289336
0.199470 0.131070 -0.374200 -4.501529 -5.934403 16.399724
-0.113730 0.034801 -0.083962 -2.307088 -3.470384 -3.769669
0.067081 0.004461 0.007653 -0.211815 -3.236643 -2.119421
0.188880 -0.190620 -0.051353 1.340049 -4.560959 2.880321
-0.007705 -0.011702 -0.014275 12.171422 -4.289553 -6.987665
0.068574 0.032711 0.144900 3.101296 3.128864 -20.703680
-0.017612 0.029427 -0.036810 26.987669 -1.557023 -11.404904
-0.097952 -0.105150 0.022805 -9.927189 -3.365604 -6.883165
-0.004795 0.023348 0.047171 5.568726 19.224068 16.324768
0.120590 -0.113370 -0.154310 -1.619487 11.990187 -6.112384
0.036745 0.152280 0.127700 1.582569 -1.288512 -0.774904
-0.035891 -0.065042 -0.004788 -14.046625 -0.516234 15.999115
-0.075186 0.235810 0.089558 3.498838 -4.897400 0.279887
-0.051152 -0.440310 0.334950 -0.933627 6.658732 -2.776762
0.008726 0.018120 0.295990 5.624297 4.595702 -4.218055
-0.075356 -0.102500 0.060633 9.438108 4.015858 1.161282
-0.001871 0.106990 0.078781 10.127008 -4.155709 0.026690
0.019411 -0.035626 -0.052963 -0.728803 3.920953 -22.636282
0.138590 -0.085739 -0.115590 10.145934 2.325614 -1.630094
0.010116 0.063365 0.010992 9.364804 -9.010690 18.963029
0.087262 0.014562 -0.030573 -6.334225 8.968318 -3.707967
-0.012533 0.034319 -0.009911 -15.984232 -2.966584 2.325785
-0.003423 -0.091099 0.163390 -0.317514 -1.862599 17.180260
0.084023 -0.041987 -0.042289 -0.979814 -15.030997 -5.946791
0.086001 -0.050147 -0.406970 -2.297750 0.095970 10.563495
0.016801 0.001523 0.001038 -18.851745 1.295698 3.564118
-0.053075 -0.086322 0.077702 -11.288720 -8.126667 -6.349159
0.006328 0.011556 -0.065767 -6.661713 -0.751632 -9.442727
0.051116 0.150550 -0.070990 4.910847 -15.866348 3.564846
-0.119290 -0.075485 0.117130 -16.286751 -2.657966 3.938323
-0.041577 -0.027674 -0.022045 -1.997145 -7.453244 2.921618
-0.029710 0.064391 0.042482 -2.987579 -7.504763 -11.337999
0.016745 0.004159 -0.059860 -9.933303 -6.435335 3.935902
-0.027760 0.021707 -0.267920 -7.801573 -2.672332 7.800084
-0.103030 -0.041030 0.195770 -19.108774 -1.577675 15.286686
0.080548 -0.059120 -0.023755 -2.721014 3.209440 -2.295896
-0.165840 0.074364 -0.049571 15.266932 -7.637118 11.355639
-0.092993 -0.024295 0.070906 0.710430 11.201193 -2.563402
-0.001645 0.051737 0.056884 10.338462 13.941774 4.987063
-0.024100 0.012715 -0.066881 -7.044661 12.905409 1.454575
-0.008805 -0.033673 -0.066450 3.670940 -18.046013 6.928091
-0.011822 -0.003694 0.009337 23.434393 8.815321 -0.035873
-0.045736 -0.071523 -0.069085 12.577400 1.176942 -2.583122
0.076267 0.073890 0.100370 -2.058559 -6.257828 2.510423
-0.271170 -0.337970 -0.122020 5.054125 11.435962 7.099725
-0.013542 0.004826 0.051294 8.655191 -22.134093 -10.259031
0.072820 0.006313 0.010449 -7.332101 -4.169164 0.355681
0.020157 0.025546 -0.071575 -10.572486 -8.048296 -27.886640
-0.017718 -0.022597 0.125320 -4.533382 -2.211216 10.237162
0.014991 0.076966 0.007508 -15.661050 5.951074 -5.563207
0.021874 0.070188 -0.207120 2.812355 -14.630688 30.824689
0.108310 0.002571 -0.043479 -7.522897 -14.649760 17.282702
-0.066637 0.081424 0.003551 20.755314 -11.826341 0.823975
-0.064556 0.155850 -0.033668 4.836400 0.623244 -6.043612
-0.073884 0.049823 -0.066101 -1.135729 1.721232 15.195321
0.191890 0.109460 0.070870 -18.436405 -10.694197 -14.288311
0.053236 0.149070 -0.005648 -0.230508 6.657788 -3.062854
-0.017154 0.028848 -0.019805 5.701366 -6.120060 8.762799
-0.059673 -0.003238 0.022426 3.043119 -7.383624 -3.219697
0.070825 0.007013 0.011470 8.558522 -0.931855 -6.106534
-0.252010 -0.130710 0.080721 10.492744 3.523284 -8.667726
0.051029 0.107450 -0.010122 0.661566 5.005122 0.918314
0.052166 0.060515 -0.126540 2.299028 -1.916436 -2.983100
0.002307 -0.011140 0.094485 0.226241 10.132808 6.822656
-0.089178 0.012880 0.213270 14.434372 -11.797295 -7.263191
-0.078492 0.044623 -0.023334 -24.109760 1.794527 6.647402
-0.067885 0.022933 -0.000612 -3.028905 8.905235 5.994375
0.018919 0.003784 -0.076266 8.368640 0.413814 7.194766
-0.035520 0.006977 -0.052537 2.173514 -8.768231 -9.628421
0.043483 0.051852 -0.055790 3.207216 4.304965 -7.878085
-0.374830 -0.298240 -0.218020 -5.609761 -8.212644 4.773810
-0.112110 -0.071645 -0.291930 -0.744859 -3.170164 2.284037
-0.011493 0.006688 0.024187 15.368248 16.359065 -3.619357
-0.078156 -0.046829 -0.015245 6.151850 -9.405242 2.615186
0.030651 -0.020535 0.031056 9.021351 2.780098 -5.432137
-0.046086 -0.094734 -0.047829 10.030433 8.567927 13.266215
0.133540 0.048935 -0.152770 11.993397 4.230748 -17.999617
-0.031408 -0.021576 -0.004505 13.241908 11.870710 -9.514329
-1.322100 0.408510 1.688700 -2.378930 0.554594 -0.519439
-0.026711 0.006997 0.182760 2.756792 4.625822 4.763645
-0.031254 0.006793 0.002126 -1.003050 9.544879 -12.035724
0.093837 -0.055700 0.022641 15.004185 18.491882 -14.071537
0.022595 0.120460 -0.160180 -1.857517 -7.355485 10.793855
-0.017737 0.004312 -0.034660 10.054632 -5.110590 -0.266749
-0.078226 0.071050 0.012723 -4.565085 12.209376 7.201307
-0.101470 0.113050 -0.063363 5.131354 -11.228556 -3.603349
0.073142 0.001593 0.016206 -8.816981 -2.711684 -16.101317
-0.112730 -0.047043 0.033702 7.396313 -14.376712 -6.803595
-0.132110 -0.156350 -0.090583 -1.356230 -3.763111 1.094026
0.047813 -0.060630 -0.006628 -5.431384 3.504701 -6.641803
-0.154090 -0.162680 -0.068805 -21.849570 -21.207210 -8.778405
0.061251 -0.115720 -0.031488 2.031838 -8.836302 2.311562
-0.018831 -0.011128 0.020166 21.995927 0.937440 -11.132860
0.038237 0.129180 -0.005103 5.492660 9.338129 -6.085898
-0.020186 -0.081458 -0.009339 3.201455 4.866317 -12.995361
0.026719 0.017506 0.015683 9.617346 -9.391153 -7.138779
0.014446 0.033642 0.034590 1.179305 -3.913778 15.075560
-0.427270 -0.052833 -0.125830 1.327247 0.794916 -3.533813
-0.108870 -0.041688 0.074170 4.548634 -12.595866 -8.075055
-0.227670 -0.168630 0.208500 -13.924589 -18.810803 13.937526
0.015137 0.100780 0.001960 -3.854552 9.986829 -9.301247
-0.284980 0.167040 -0.014055 -7.407781 -2.754932 11.943737
0.106280 0.036694 -0.085295 6.157693 -5.905882 -5.377173
-0.012601 0.010730 0.045369 10.356192 4.288130 5.814214
0.036700 -0.074970 -0.000392 -0.202392 -6.283126 -2.307413
0.033246 0.048522 -0.010846 1.202428 -11.504923 20.415360
-0.057945 0.005709 -0.015552 27.090333 6.258175 15.077675
0.018307 -0.005870 -0.001775 -4.089431 -11.791153 -1.308145
0.188800 0.051407 0.113560 -6.203981 -1.509382 -3.690210
-0.056330 -0.006049 -0.065436 -5.229063 11.771807 -4.374117
-0.121080 0.041022 -0.124970 -6.501546 2.774589 -2.384426
0.038123 -0.005998 -0.019025 10.260143 4.813048 1.221415
-0.174160 -0.186620 -0.033870 -11.437283 -0.192019 -5.222927
0.023236 0.064224 -0.028800 0.814886 5.071612 -13.388870
-0.948850 0.729750 0.435780 5.739059 -7.905916 -2.077175
0.023425 0.039085 0.029458 -6.618432 -1.873766 5.090626
-0.001040 0.105600 -0.031062 -1.340847 -2.043160 -5.803498
0.085404 -0.148720 0.088033 4.389245 -1.634908 0.277599
0.011612 -0.075581 0.018871 2.382791 25.320911 1.967919
0.044888 0.011297 -0.027748 -10.117772 0.465252 8.064596
0.050387 0.123550 -0.143180 -4.868208 16.652764 -11.820830
0.067408 0.038018 -0.005824 10.409499 13.922533 -13.145120
0.079229 0.006359 -0.108740 0.611846 -1.609684 -2.779870
-0.030202 -0.247180 -0.039038 3.156685 31.185227 -0.350278
0.016280 0.093024 0.137690 2.947771 -5.369877 -7.231435
-0.021319 0.075094 0.062619 0.209420 3.000199 -6.841482
0.189360 -0.221460 -0.125120 -7.030387 7.310881 7.712498
-0.016220 -0.074023 0.064051 13.666022 -8.770774 13.104520
-0.047767 0.018613 -0.100400 3.159169 9.495602 -17.446058
0.144410 0.070976 -0.021222 0.398414 2.591929 -6.585882
-0.060851 0.024084 -0.134520 16.798954 4.712276 15.124891
-0.012606 -0.111070 0.024831 -11.470304 30.643525 3.506496
0.033527 0.005098 -0.111510 3.560996 -17.802059 -8.209935
-0.081749 0.122340 -0.246290 -5.045038 6.770900 -7.875616
0.019284 0.023816 0.014561 -5.205016 2.174066 -17.715273
0.026804 -0.025151 0.118770 -4.794301 3.862238 9.213229
-0.093378 -0.057255 0.113510 -4.111663 -17.436405 -1.762171
-0.114900 -0.230390 -0.029604 -6.178317 -4.540548 -1.856461
-0.022671 -0.057584 0.113730 5.669521 -1.852568 -1.650517
-0.163130 0.023424 0.062893 1.778350 5.319100 5.542775
-0.069155 0.045509 0.086914 12.894273 -3.455314 -1.112139
-0.101460 -0.038280 0.055136 8.486909 3.367930 -8.200185
0.021614 -0.015168 -0.275620 -4.369097 -9.554522 -2.129644
0.256410 0.024052 -0.146000 -23.710965 -4.199561 7.706514
0.003332 -0.082822 0.064052 -9.458649 -14.713894 0.874047
0.047036 -0.065995 0.000197 -3.601808 15.103296 -0.599482
0.078183 0.167840 0.038952 -8.826285 -2.062779 -2.363778
-0.074446 -0.417290 0.207100 2.115378 7.183585 -12.756840
0.049252 -0.039573 0.061573 -8.554204 -8.699749 -6.847520
0.038195 0.018897 -0.196610 2.580251 8.987567 -37.001599
-0.042358 -0.019775 0.023683 1.620213 1.940747 7.633325
-0.166360 0.034365 -0.093738 2.466243 0.926693 14.370627
-0.084310 0.068180 -0.063971 22.326122 -3.943585 3.852875
0.019041 -0.019533 0.006058 -0.789926 -17.244284 10.619759
0.209540 -0.164000 0.040575 12.734606 -1.085718 -0.321853
0.280270 0.211490 -0.038434 3.802744 -8.510861 9.843345
0.078494 0.033650 -0.114200 -15.227620 4.102944 8.010961
0.023451 -0.050975 0.061866 -11.327679 -3.007307 -8.326378
-0.019800 -0.007806 0.178930 2.310696 10.132520 -13.494044
-0.016582 0.036067 0.121710 4.608995 -1.909157 -9.572435
-0.031846 0.016656 0.061273 8.120181 -0.776226 -8.793439
0.051324 0.003746 0.155030 -7.192188 1.296043 3.133781
-0.027640 -0.037044 -0.056698 1.717532 8.990842 12.605047
0.148810 -0.046205 0.014118 6.707763 -2.251489 -3.851815
-0.205100 -0.306500 0.073356 6.676888 11.954768 -4.611692
-0.027081 -0.064297 0.056908 -0.974467 -0.555393 3.038692
-0.143010 -0.003125 0.010978 0.112979 10.569703 13.593840
-0.178380 0.043738 0.077102 -1.083985 7.390227 1.748301
-0.009002 0.043277 0.023804 25.091630 -0.737430 2.003581
-0.036553 -0.048932 -0.074514 -4.897634 12.971687 5.153750
-0.189260 0.001770 0.169940 3.222554 -0.254774 -3.352406
-0.011602 -0.212490 -0.058264 11.552974 -0.465228 2.228746
0.011028 -0.029941 0.013201 5.351585 -8.242057 4.733340
0.186400 0.047482 -0.107630 6.162153 6.997840 0.684576
0.140480 -0.012929 -0.128170 6.180597 -2.415964 0.175059
0.188730 -1.044500 1.664200 -4.319481 4.914428 -9.210030
-0.052243 0.124840 0.155200 0.191162 2.166759 1.835697
-0.022914 -0.039587 -0.073722 -5.141776 -8.708866 -14.326042
