0.065132 -0.171890 0.014398 0.792065 15.417755 -3.261208
0.035242 0.046773 -0.000010 5.742178 -2.347778 -13.909257
0.132910 -0.071297 0.000210 -0.916591 6.698032 5.493245
0.119220 0.128020 -0.055328 7.161232 12.094894 2.507765
-0.001393 0.001547 0.060605 12.204268 11.155230 -1.899883
0.098431 -0.170910 -0.004793 -3.991666 7.428197 1.563652
-0.001830 -0.012020 0.019136 -7.650951 -3.892063 -4.242010
-0.118850 0.192780 -0.049041 5.296628 -11.881606 8.083697
0.137650 0.086870 0.003446 -13.478986 -3.003627 2.153896
-0.117700 -0.034469 -0.040611 -1.894543 2.041611 3.809043
-0.010301 -0.056100 0.008634 16.225509 12.521505 6.252645
-0.091286 0.772300 0.271810 -2.121988 7.153895 -2.083852
-0.014974 0.087279 0.080757 6.204514 -1.765885 -9.731619
-0.019859 0.059188 0.088818 -3.296373 -2.593243 1.901666
-0.049893 0.114310 -0.018404 12.121407 -8.875225 0.689245
0.013678 -0.040334 0.077452 6.992566 -13.536479 -1.650399
-0.114120 -0.080513 0.068305 7.126643 -8.624155 2.358575
-0.036612 -0.025080 -0.055402 -2.477313 2.252165 -21.159625
0.056770 -0.243080 -0.479110 5.706731 -11.525836 -19.677007
-0.005336 0.070660 -0.169480 12.016979 0.579606 -3.898884
-0.071437 -0.023881 0.051102 0.107214 -3.194002 -3.930616
0.004007 0.076554 -0.052487 9.223421 -6.896535 -6.529065
-0.040139 0.022513 0.004714 -3.366159 -3.050048 -8.459478
-0.287140 0.255290 -0.070411 -9.797189 1.971961 -3.054819
0.010902 0.167190 0.022142 -10.785905 -17.818858 -4.172212
0.059259 -0.047852 -0.016458 -5.374042 6.473867 9.412942
-0.023605 0.004936 -0.086671 0.088276 -27.208993 -1.669657
0.136290 -0.055448 -0.241760 4.483864 -3.469173 -16.026282
0.360440 0.279750 0.232360 -5.438631 -3.569552 -6.186863
0.066473 -0.028956 0.052091 15.997124 -15.551261 2.133902
0.004624 -0.036354 0.060783 -5.989398 3.401955 -6.695029
-0.121320 0.396210 0.073149 -3.141672 21.839865 4.073603
0.027985 0.088833 0.045974 9.527033 -7.573256 -3.722279
0.006142 0.018692 -0.011958 5.541166 -4.992642 16.466172
-0.033989 -0.142430 0.075436 -8.745433 5.950028 -2.138097
-0.020983 -0.034720 -0.027967 0.442104 0.399940 -2.937562
-0.146680 -0.110590 0.069096 -12.622459 -1.452477 3.283749
-0.029413 0.010797 -0.104500 0.779400 4.175996 20.305725
-0.034995 -0.026024 -0.026018 -12.645284 -12.989891 -6.884371
0.075247 0.080591 0.021206 0.847001 -5.044105 5.194894
0.133390 -0.071756 -0.121560 7.535536 -3.631126 -10.930921
0.019190 -0.004496 -0.028287 -8.454356 1.980875 -8.827551
0.009083 -0.013212 -0.073526 1.611014 10.627406 -7.452079
0.079878 0.060179 -0.094412 -4.541778 0.425864 8.923760
-0.101590 0.092067 0.044825 -9.786550 7.824411 11.234567
-0.048253 0.002707 0.127380 9.654636 13.148221 -5.427953
0.119360 0.024934 0.016995 17.750833 12.896680 2.273740
0.058412 -0.036110 0.052726 4.035650 -2.374000 5.050063
0.150970 -0.045081 0.101370 -3.364807 6.306952 4.107338
-0.003312 0.026776 0.020218 -6.272707 1.622473 -11.568786
-0.072320 0.097496 -0.103870 3.165926 8.657842 8.929426
0.026679 -0.080059 0.043988 0.890102 -5.844710 4.327454
-0.164440 -0.070662 0.063991 1.478099 -1.486197 -3.503820
-0.087772 -0.073511 -0.145500 -8.782616 -1.104490 -8.195699
-0.005042 -0.011133 0.388750 1.367846 5.592320 -3.561729
-0.145580 -0.222900 -0.239980 -1.137588 -0.137927 -1.570765
0.128130 -0.018623 0.064009 9.905552 2.714266 10.645650
-0.045336 -0.049298 0.045722 -5.472412 4.586793 0.997898
0.072575 0.094929 -0.121010 -2.856431 5.039708 10.462907
-0.010738 0.035089 0.053930 5.738923 -20.165542 8.385885
-0.084288 0.106610 -0.033844 6.264466 6.116559 19.236661
-0.060506 -0.126340 0.116740 -4.094221 -5.486859 0.533127
-0.069261 -0.094399 0.094161 -15.864831 0.173659 -2.227324
0.033976 -0.021867 -0.005769 10.263425 -0.199836 2.185337
-0.286260 0.015632 0.043508 -18.950357 1.745520 8.513402
-0.312580 -0.442300 0.139390 1.573288 3.243035 2.378825
-0.048134 -0.092571 0.025084 -8.862548 -3.518332 -8.059741
0.053465 -0.025716 -0.023237 4.937525 -18.824544 3.608221
-0.244570 0.104670 -0.091845 12.021913 -10.223361 4.315869
0.028484 -0.013223 -0.019598 -5.519881 -10.174679 -8.258163
0.736970 0.814510 -1.147700 -17.523314 -16.487771 26.051047
0.201730 -0.006883 0.064475 -2.796238 5.107817 -10.927747
0.062930 0.028951 -0.042984 -3.310513 14.026335 -12.327073
0.035723 -0.045357 0.002686 -0.089551 -4.904578 -5.546834
-0.122210 -0.031253 0.166430 8.339795 -7.381014 -17.996513
0.071025 0.112230 0.096376 2.233123 4.481461 6.224430
-0.114630 0.006236 -0.102770 0.269791 2.840821 -8.246552
0.085312 0.182280 -0.174360 -1.308585 0.864848 -7.628947
0.077100 0.059247 -0.053078 0.802554 -19.121216 -1.334612
-0.204960 0.236420 0.213070 4.516750 -1.027754 -2.230544
-0.081741 0.026246 0.105220 -3.454069 6.809812 9.720048
0.075067 0.013192 -0.051945 5.591157 4.472181 3.911884
-0.050172 -0.023840 0.124170 6.540694 6.148481 -11.195793
0.014528 -0.020803 0.048465 -0.903870 -12.352561 6.945725
-0.050045 -0.009540 0.047312 -21.465322 -3.345859 11.736630
-0.074173 -0.156510 0.088697 3.018031 10.211034 -5.765956
0.102970 0.038288 -0.039086 2.414481 -19.467297 -6.004698
0.072052 0.029810 -0.006453 -17.953183 -5.615330 -5.000024
-0.305210 -0.674680 -0.166100 -0.773063 -9.038304 -3.432280
-0.164980 -0.080646 -0.050273 -13.135189 -12.054389 -7.584955
0.150720 -0.012573 -0.049743 12.154925 -12.441174 -0.276459
0.101230 -0.057502 0.020978 -12.045768 -0.830439 5.969405
0.012216 0.027345 0.105840 7.038657 10.203924 -12.813496
-0.038688 -0.074645 0.111150 -7.987580 -7.800207 8.712341
-0.145460 0.008861 0.601590 -2.174833 0.788185 12.958575
0.237220 0.187440 -0.236860 -3.134296 -2.609013 6.928396
0.149880 0.213840 0.011361 2.638230 22.198790 -1.268265
-0.043949 0.064634 0.038888 10.585805 -11.619424 5.203420
0.040026 -0.029303 0.019014 -2.117931 -2.551478 -4.758019
-0.050029 -0.128740 0.013200 9.285509 14.619658 -21.291507
-0.009076 0.066638 -0.066694 -16.724902 7.613814 -8.389706
0.069047 -0.005738 -0.096015 -7.490052 -7.666435 -9.040346
-0.072534 0.101520 -0.094203 -3.220449 -10.668572 -16.890331
-0.023904 0.042400 0.015395 4.507790 -3.849039 0.019728
0.103310 0.111870 0.057501 -1.107587 -8.029597 -3.711500
0.008578 0.081765 0.079326 -9.378408 -2.356051 -2.048895
-0.073884 0.049823 -0.066101 -0.025000 4.130052 16.000888
0.132520 0.031929 -0.029236 11.956033 -10.419329 -4.123168
0.009267 -0.183550 -0.090149 -10.066771 -0.113424 3.399096
-0.127180 -0.061498 -0.252390 4.621148 1.695730 3.938754
-0.034044 0.078246 -0.024471 12.345864 -11.849989 -5.323548
0.024807 0.020393 0.002476 25.778482 -4.695650 22.644718
0.018836 -0.024989 0.037727 -1.728437 12.493189 -11.875780
-0.021094 0.050875 0.118810 -0.630790 -2.248594 11.700033
-0.175670 0.023371 0.028287 1.721963 2.670064 7.447540
-0.091044 0.134120 -0.067961 -8.543584 4.001229 2.138414
-0.036436 -0.002936 -0.032763 -13.590303 -18.366658 -7.145777
-0.184870 0.043990 0.027133 4.401620 -8.620023 3.431351
0.119930 0.119510 -0.041838 3.557807 3.456270 -1.673628
-0.184470 0.026210 0.112350 -4.173910 0.052837 0.393744
-0.055524 -0.013932 -0.054819 4.864821 -0.561212 19.121086
-0.022628 0.003594 -0.027423 7.031822 -20.188773 11.453674
0.089715 -0.145640 0.003629 7.634188 1.303895 -4.463153
-0.023459 -0.082214 0.042995 6.813735 10.076677 -2.475790
0.074498 -0.065022 -0.010544 -13.531000 4.452372 0.977945
0.054321 0.524790 0.258580 -0.277091 -7.325738 -4.442661
-0.138900 -0.099109 -0.036079 -3.650520 -11.143296 -11.692210
-0.034438 0.013118 0.032687 4.125898 -0.297664 17.319235
0.020042 -0.188340 0.064861 -3.979008 -16.026626 5.240700
-0.177060 0.236910 0.064644 13.493991 -13.934051 -6.512530
0.013253 -0.148060 -0.176420 1.842179 -7.298579 -1.419055
0.144600 -0.126930 0.006461 28.648481 -6.246489 1.196711
-0.021247 -0.020688 -0.010972 0.111525 -3.822005 28.445184
-0.041332 -0.015835 -0.020057 -1.058176 4.369089 7.652931
-0.001763 0.032289 0.091179 -3.411216 5.345504 8.956968
-0.020994 -0.082456 -0.053107 13.530215 3.714094 8.228521
-0.050882 0.084471 -0.050598 -0.513260 -3.485784 8.427516
-1.022400 -1.884500 -0.445500 11.132230 14.710935 6.324669
0.042117 -0.025943 0.009852 14.518583 -15.789092 6.698968
0.077880 -0.052259 0.041797 -5.803878 -25.240103 -1.387259
-0.012677 -0.100100 -0.192420 1.495451 -3.786456 8.630265
0.020432 -0.032409 -0.063287 1.575099 -4.395485 -6.621509
0.127250 -0.094685 0.054676 -17.393378 -0.069733 -7.165333
0.052918 -0.101360 0.260740 -0.868615 -3.164349 11.288937
-0.155870 -0.015002 -0.018249 6.928967 -2.238053 -6.696080
-0.033482 0.020654 0.039346 -1.965058 -3.034266 -3.629614
0.140400 0.252500 0.054744 -8.538875 -9.368322 -1.309519
0.096560 0.114170 -0.046716 8.967929 1.700431 -7.832514
-0.129090 -0.258040 0.102420 -1.481320 2.201805 3.485425
0.086582 -0.150180 -0.142840 2.596799 -13.688883 -11.804695
-0.055258 0.191250 0.187330 1.143159 -8.070928 -1.119722
-0.011122 0.086149 -0.054082 -15.180645 2.679015 -7.897962
-0.040564 -0.023938 -0.050201 25.981461 11.320453 12.794387
-0.090515 -0.364780 -0.000214 -3.178501 -13.671031 -0.292882
-0.065941 -0.123660 -0.124060 1.467107 7.200361 5.352924
0.098709 0.013153 0.001334 4.822644 10.202206 -17.615078
0.022878 0.005428 0.032493 -3.290051 13.469572 -16.041917
-0.019865 -0.063318 0.036241 3.343742 0.919998 12.742600
-0.016820 0.016257 -0.024337 -3.420904 -7.016956 -0.462748
0.104990 -0.029658 0.026078 -13.386332 -2.498981 -9.206602
0.035955 0.192650 0.045041 -4.258376 -15.927187 -5.357736
0.029958 -0.248350 -0.111880 3.008305 0.846514 0.668496
-0.031586 -0.054902 0.137980 1.068703 -10.212310 1.153456
0.017021 0.039375 -0.010844 -2.540534 2.906482 12.180134
-0.011056 0.095196 0.079142 2.178840 7.985872 10.003887
0.000892 0.027715 0.459690 0.759408 -1.409427 19.239157
0.104330 -0.069333 -0.030543 -4.678686 -9.204878 -9.759327
0.027782 -0.032845 0.141650 21.308459 6.072440 3.795952
-0.089358 -0.082793 -0.094673 6.616697 15.405594 30.829607
0.024420 0.011863 0.032150 21.036450 -8.464973 -8.062498
0.014991 0.076966 0.007508 -12.670390 9.292037 -3.891116
-0.207880 -0.254530 -0.465820 -12.134757 -6.662007 -11.401376
0.007032 -0.028568 0.056204 -4.144481 5.382848 8.397416
-0.143020 0.048312 0.083064 19.712100 2.879315 -11.045070
0.052207 0.003575 0.039988 -5.835677 -9.530481 -4.130294
-0.005241 0.016941 -0.029061 6.718986 -18.048539 -0.374474
0.023686 -0.005136 0.015431 -8.236495 -7.202878 1.399297
0.047537 -0.021677 -0.220340 8.176590 -2.824644 3.451304
0.022949 -0.044217 0.182530 -7.438553 3.710334 9.834676
0.056261 0.048159 0.012184 5.189619 -0.363727 -1.031397
-0.065820 0.123200 -0.196840 -7.861498 -8.101725 4.372503
-1.430200 3.379000 -1.375100 -2.687663 10.221258 -2.715285
0.096097 0.042245 -0.138950 1.153819 0.666471 5.526526
0.039248 -0.081109 0.039929 6.043714 -8.091725 -2.900403
-0.123840 -0.100020 0.065833 -5.911213 -4.029349 7.294460
0.051916 -0.102310 -0.109520 2.001089 -4.017067 5.289634
-0.009911 -0.023691 -0.136430 -2.940126 -1.331772 -0.767288
-0.196690 0.017773 0.081804 3.838093 -0.855293 4.028655
-0.069173 0.084292 -0.141520 -1.982974 -10.422195 12.185490
0.061251 -0.115720 -0.031488 1.922776 -11.426659 1.758409
0.052634 0.167000 0.253010 -1.908488 -8.549946 -0.045153
0.129610 0.050846 0.205080 2.395830 1.555905 15.208663
-0.043305 -0.205830 0.099326 6.284625 -7.159642 11.315964
-0.001372 0.042918 0.129050 4.302556 0.788395 1.755790
0.420190 0.120000 -0.160610 2.713535 0.044628 -8.640786
0.250830 0.835290 0.798880 1.418608 4.253103 8.038288
0.052146 0.049303 0.029866 21.297666 -3.394466 -11.838702
-0.123710 0.170600 -0.151130 1.956322 1.817543 -7.585019
-0.058327 -0.078544 -0.023323 3.657439 -15.168165 6.089880
0.148260 0.049420 0.035387 4.599647 -6.254455 7.496571
0.262740 -0.094771 -0.047809 2.857721 1.790025 5.028071
-0.049003 0.000510 0.005744 3.775392 3.940608 -7.821418
-0.007660 0.164430 -0.026100 -4.642051 0.218483 3.974183
0.084714 0.099789 0.013933 15.389416 24.680119 9.933564
-0.062773 -0.108770 -0.033232 5.378270 3.447432 -2.227377
-0.001443 -0.002490 0.032018 -10.301603 -8.467342 -10.959894
0.082540 -0.051809 -0.031409 -7.165213 10.051946 -6.344592
-0.212980 -0.201890 0.107350 8.916063 11.140823 -8.049561
-0.012462 0.219400 -0.159460 6.341056 -4.983532 4.582008
-0.141790 0.043635 -0.087567 -2.386674 -0.920212 3.739029
0.226500 -0.095268 0.065837 2.516420 0.969932 -9.206630
-0.038785 -0.018337 -0.043537 -7.431190 -13.599599 10.438944
-0.371640 0.069612 0.157310 -6.191943 -0.005413 4.613433
-0.028112 -0.021076 0.000500 -14.159613 20.644674 11.761649
-0.097125 -0.087934 -0.044025 -2.962579 5.420922 -5.341566
0.013414 -0.126190 0.092195 1.481651 19.285718 -1.255530
0.035289 -0.228300 0.022413 -2.325784 4.458391 -4.330493
-0.122510 -0.034465 -0.002908 13.732617 -12.323027 1.802699
0.070825 0.007013 0.011470 9.424503 -2.395405 -5.411433
-0.068305 -0.051394 0.025477 -13.440956 6.154826 -5.303848
-0.125270 0.032075 -0.021202 5.446702 -0.678895 -7.129805
-0.081628 0.003584 -0.012982 -17.025720 12.937573 9.715022
0.022595 0.120460 -0.160180 -2.615260 -7.402829 12.220495
0.222240 -0.478460 -0.146250 8.917628 -5.943461 5.086261
-0.138380 0.185490 0.097869 10.902265 -6.014860 -10.289950
0.067792 -0.092516 -0.167010 0.517696 2.990519 -22.206242
-0.365560 -0.141010 0.085171 15.963074 2.260586 -2.612226
0.003583 0.070778 -0.029762 8.319394 -0.338628 -15.317883
-0.025973 0.049556 -0.008611 11.564303 -3.326881 8.182763
0.013312 -0.031530 0.031370 -3.263728 2.733411 9.126250
-0.103100 -0.100520 0.046690 -9.790281 -12.815759 2.552522
-0.091031 0.071622 -0.033565 11.255285 -9.320651 5.369405
-0.025723 -0.014690 -0.014434 2.142668 -3.259747 -5.510040
0.085895 -0.008155 0.075459 15.778763 -8.129055 1.339403
0.021057 0.046908 0.076536 -2.507378 0.414957 -0.697089
-0.064725 -0.075926 0.065546 -3.466290 2.009125 -0.946528
0.006641 0.013287 -0.018671 -5.630137 -7.946990 9.075085
0.087539 0.013462 0.028576 15.475846 12.305904 -10.504823
0.060618 0.002104 -0.009258 0.765179 8.261695 -3.444945
-0.063705 0.152970 -0.089974 -0.029806 10.449280 -5.781829
-0.025006 0.124880 0.159790 -1.160775 -4.714245 -7.435292
0.456250 -0.438560 0.345050 -5.370703 0.221654 -0.864425
-0.011424 0.010865 0.004859 -29.543309 14.746011 -2.038531
0.186870 0.022206 -0.048081 6.448010 5.428076 4.480183
-1.488300 -0.502070 0.316060 -0.238022 -2.312521 2.117305
0.066249 0.100300 0.188610 -0.572698 -0.137492 -1.245502
-0.050398 -0.035270 -0.030369 -5.786656 -16.305744 -6.965490
0.091381 -0.113000 0.150910 -11.285580 14.397147 -4.613085
-0.064406 0.098890 -0.128540 -7.304774 23.139047 -19.167742
-0.012057 0.003803 0.012225 4.212766 -5.036228 -3.540427
0.445190 -0.189760 0.162940 4.021541 -3.359910 2.594223
-0.099103 -0.009410 -0.121470 -9.902766 -16.189843 5.880559
0.016556 -0.110530 0.142570 0.205328 5.528116 5.789158
0.062531 0.146410 -0.055006 -12.149311 -1.358383 -9.397166
0.183540 0.164210 0.210820 6.555289 16.209180 -1.552085
0.069062 0.243750 -0.495610 2.019200 -5.050170 0.542689
-0.166030 0.207000 -0.055471 -32.737041 23.682895 1.436889
-0.054418 0.008750 -0.134850 1.670640 1.235778 1.859938
-0.048529 0.005837 0.024741 0.274890 0.098853 -13.000533
-0.030408 -0.029833 -0.037385 2.030684 11.464429 3.691419
-0.026083 -0.026341 0.024650 5.028084 8.014205 5.198840
0.159250 0.073864 -0.073426 18.505459 10.820445 3.234981
0.070548 -0.003155 -0.048670 13.679774 5.051886 -9.225946
0.123790 -0.041750 0.130730 -0.618186 0.887134 -0.859262
-0.077728 0.170550 -0.031293 8.858740 -8.175599 3.267807
-0.023319 -0.055937 0.026455 0.565992 1.714077 10.735464
0.066111 -0.012455 -0.040851 1.380225 -14.211594 6.826758
-0.106180 -0.122650 -0.088245 -10.761911 -23.458028 -6.784250
0.019975 0.040423 -0.062149 -1.680540 -0.424424 -4.875940
-0.048056 -0.044206 0.128020 2.448226 -4.577386 3.058882
-0.136190 0.062306 0.006777 -6.824484 -8.192917 -1.919403
0.104210 -0.090099 0.044758 14.588664 -0.847347 0.754847
0.022747 -0.138490 0.046020 -1.754990 9.407609 -7.181250
-0.420570 0.352390 -0.069689 -12.429402 13.181451 1.857527
-0.039467 0.047077 0.066621 4.557328 3.373332 4.175147
0.026586 -0.075300 -0.009226 -15.962269 8.494601 3.520900
-0.002143 -0.024822 0.016022 4.159315 -4.451227 -2.015818
0.057073 -0.001329 -0.074121 6.742632 2.780387 18.597084
-0.072649 0.081508 -0.118750 0.229470 -5.595522 7.505699
0.101940 -0.022557 0.060818 13.361078 6.191628 8.009908
-0.036319 -1.006900 -0.087412 -1.553220 11.024438 1.978489
-0.015085 -0.104580 -0.043549 1.630324 3.512995 -11.398892
0.069518 -0.042287 0.044643 -1.923345 4.250347 -5.917167
0.032014 -0.022130 0.008080 1.550336 -0.307699 -4.428348
0.097288 -0.038389 -0.058823 11.278897 -5.059577 -16.334027
-0.039429 0.027571 -0.049885 -11.490579 6.832745 -7.894553
-0.020390 0.040140 0.005467 -6.942766 6.522077 -5.044681
0.055095 0.067777 0.015961 -6.522657 -13.349971 -1.197066
0.148890 0.013070 -0.004830 -2.228743 -5.784316 -13.001213
0.050997 0.102420 -0.020796 20.667978 -15.196767 4.043072
-0.009125 0.050232 -0.027436 -1.610456 15.207261 15.893575
-0.036019 -0.008228 0.081224 -8.041900 6.521090 16.338742
0.017864 -0.057026 -0.016376 -9.884056 -22.842021 3.332333
0.051042 0.009346 -0.066032 2.493986 -0.189044 -0.084962
-0.016621 0.050985 -0.025605 -15.119692 2.304763 -5.180451
0.017095 -0.089062 -0.026613 2.635464 14.813808 -5.071870
-0.099227 -0.002068 -0.040471 17.007806 -3.093262 7.527031
-0.174160 -0.186620 -0.033870 -9.249637 -1.225060 -0.132587
0.042615 -0.025827 0.071089 -19.944534 1.002566 -1.915586
-0.028716 0.050159 -0.043873 2.648343 3.972970 3.608296
-0.036003 0.003628 -0.019915 -9.070909 -3.290231 1.591903
0.049053 -0.038758 0.043053 2.078796 -4.566791 16.533004
-0.072576 0.066197 0.068092 12.121050 1.593105 -4.951882
0.181350 -0.087200 -0.080101 0.136994 0.039751 2.884467
-0.104190 0.035089 0.066558 0.946272 7.882679 -2.221487
-0.226760 0.218860 0.087361 4.489147 -9.232416 -9.397744
-0.121470 0.035772 -0.054594 12.132819 -1.387795 -0.124780
0.091632 0.030357 0.089417 6.731257 -0.661128 11.859152
-0.108430 0.018385 0.013742 11.213388 -8.227346 -0.472855
-0.006694 -0.031986 -0.055910 0.588335 10.708720 -0.816754
-0.081606 -0.055774 0.049064 19.343777 12.026832 5.213154
0.155690 0.392200 -0.318720 0.689101 -5.963247 3.059138
-0.060373 -0.090767 0.139870 -0.162523 -8.819220 -1.652856
-0.011473 0.084557 0.079269 2.451907 -11.116291 -16.081069
0.021872 -0.104500 0.074326 -5.697629 8.872921 -0.345453
-0.135040 -0.137410 0.244980 -7.754302 -2.728004 -0.628839
-0.021081 -0.133790 -0.026765 2.936799 7.645381 -11.795088
0.051305 0.095465 -0.002096 6.855367 1.112398 -0.852963
0.104910 0.223700 0.185670 12.504488 6.142049 0.314843
0.045614 -0.105110 0.058263 12.547163 -6.268517 1.445906
0.048754 -0.043297 -0.062252 -2.871439 11.926563 -4.356085
-0.078632 -0.073512 0.074569 -2.043581 -5.310957 17.655896
0.039267 0.067017 -0.045501 4.420307 13.187858 -7.059151
-0.031732 -0.026599 -0.057728 -8.801613 -12.072747 -2.512670
0.088643 0.033752 0.116260 4.096437 -0.178337 -5.342238
0.088755 0.088309 0.072590 8.072341 6.309827 -1.351222
-0.187380 0.305400 0.073137 6.039827 -11.622441 -3.999967
-0.079097 0.062405 -0.066656 8.555633 -3.249410 -4.207880
-0.063700 0.077347 0.161630 4.556513 8.124846 -0.754267
-0.005192 0.059981 -0.095585 6.649322 7.879709 -12.828727
0.362640 0.351840 -0.309940 5.535705 -1.789351 -4.951885
-0.040512 -0.026744 -0.134120 1.667647 1.686490 -5.644259
0.000073 0.064795 0.008844 -7.794314 16.258135 0.761142
0.044888 0.011297 -0.027748 -6.123209 0.551803 3.408074
0.108700 -0.052863 -0.093788 -4.512349 1.166238 3.111017
-0.096399 0.088672 0.171690 -1.541455 -10.240062 0.908539
0.395170 -0.008555 -0.201090 9.311382 2.272344 -1.212434
-0.020722 -0.064982 -0.024245 -5.278586 3.153697 4.786456
-0.291970 0.708960 0.116700 3.840594 1.125025 -1.458305
0.017586 0.006687 -0.079820 7.923010 -1.224855 0.263714
0.482490 0.018416 -0.221990 -23.498796 0.693163 11.291661
-0.048818 -0.039601 0.007392 -6.593494 1.940792 -37.446037
-0.017787 -0.049709 0.007393 -4.249511 23.404229 0.403648
0.293900 -0.098100 0.280400 11.670647 1.121082 0.105325
-0.067219 -0.006034 -0.118450 -4.793896 9.936746 13.220410
-0.034690 -0.067636 -0.086696 8.225977 12.539226 8.533517
0.053296 0.263250 -0.027654 4.041087 -3.056155 3.976208
0.047120 0.115270 0.021514 6.063810 1.328767 -0.452055
-0.070157 0.088908 0.050536 5.809654 -15.884234 -9.109704
0.051164 -0.045936 -0.034678 -2.508735 5.130065 13.184580
-0.090882 0.150900 0.511790 0.414377 1.230982 -0.372702
-0.056648 0.042556 0.047470 -14.013207 -0.410064 14.169294
0.140070 -0.012532 -0.113260 -2.086926 0.707091 8.846993
-0.071754 0.204480 -0.149700 -5.001731 0.303415 14.207475
0.068524 -0.089415 -0.039163 1.968103 -0.899462 4.232873
-0.056126 -0.013654 -0.016207 7.627232 3.668239 9.948881
0.061327 0.034289 0.174030 -0.383552 8.390571 -8.380368
-0.008085 -0.037662 -0.011807 -24.276545 14.534604 -12.590153
-0.078047 0.039546 0.096946 4.285525 -3.120983 -1.422225
0.159020 0.042274 0.091692 1.412614 2.178408 1.012283
-0.040366 -0.023576 0.128710 4.374815 -16.708949 0.792969
-0.058346 0.046700 0.089572 2.893632 -1.522188 4.764327
0.114750 0.031606 -0.070788 -4.025434 -4.980594 -11.644508
-0.038566 -0.007128 -0.105700 1.296380 -16.080601 -13.012706
0.000710 -0.046717 0.020516 -1.497370 -0.470270 14.692513
-0.110390 -0.057569 -0.010973 -3.488502 -1.105047 3.466886
-0.223310 -0.015007 -0.080923 1.730599 7.793052 -3.354695
-0.021989 -0.042463 -0.136540 -0.866528 -5.514443 9.570587
-0.086321 -0.107390 -0.079247 9.249991 -1.994749 -5.146039
-0.096702 0.024221 -0.300740 8.088552 -0.284257 -2.470362
0.051449 -0.015876 -0.186090 0.239157 -0.018139 -7.410972
0.066920 -0.069419 -0.126360 -0.682299 -14.585771 -0.224857
-0.107730 -0.024792 -0.126150 -18.861090 -2.678802 -23.874706
0.136320 -0.139530 -0.028772 13.482446 -13.305816 1.196864
0.063431 0.070764 -0.017826 7.253202 10.662167 -4.127033
0.021908 0.084696 0.089562 -0.269705 0.268709 -10.864975
-0.098826 0.022453 -0.084053 16.698919 -1.985353 -0.509133
-0.071150 -0.019506 -0.116280 -3.737539 -7.486177 -10.430686
-0.017791 -0.004259 -0.003813 7.404987 -9.850276 17.626368
-0.038760 -0.183830 0.145290 -0.929884 0.008781 -0.496070
-0.008352 0.013970 -0.060976 9.641341 5.348952 -4.013864
0.171980 -0.023045 0.046394 -21.491850 3.938615 1.391454
-0.001746 -0.098160 0.011492 12.935754 -11.260259 6.184396
-0.004321 0.085328 0.069601 19.771669 -27.050619 3.280201
0.095805 0.037171 -0.193170 -4.574721 -3.353859 4.456707
-0.052535 -0.115390 0.035716 -8.691766 -17.624724 1.804674
-0.054366 0.562020 -0.163710 -2.977234 5.053613 -0.968225
0.065189 0.054271 0.040047 26.869254 15.391740 10.325616
-0.073331 -0.080606 -0.000391 1.615468 -5.847180 2.540750
0.013256 0.010212 -0.055047 -1.927457 -5.571723 -7.017947
0.049418 0.037899 -0.004646 -6.702957 24.204867 -16.904033
0.054311 0.019700 0.039961 -12.841544 6.614533 -2.667174
0.079542 -0.086441 0.053231 -17.612020 -2.685722 -4.619245
-0.060341 -0.098810 0.135120 -0.887878 4.016957 -3.633503
0.787480 -0.272470 0.056523 2.248606 -1.995421 -1.778139
-0.022533 0.013858 -0.047604 14.397609 3.646650 6.193056
-0.163620 -0.092722 0.087599 23.358582 17.487766 -8.856615
-0.057474 0.022353 -0.022401 14.345591 1.261425 0.687392
-0.032322 -0.095855 -0.032282 4.619302 2.207045 0.229043
-0.061330 -0.064445 -0.033622 -6.096537 -6.926561 7.765668
0.053012 0.033179 -0.039849 -9.077328 10.333507 -10.201496
-0.162480 -0.268320 0.013839 6.069340 7.098258 -2.132600
-0.046086 -0.094734 -0.047829 9.530519 8.486879 18.373413
0.005878 -0.018876 0.045035 -3.707642 -0.808433 -6.337516
0.335320 -0.186330 -0.010737 1.911283 4.349122 -3.404013
-0.204370 0.066060 0.557330 7.610829 -1.657840 -20.419678
0.307330 -0.072807 0.155380 -11.272828 -1.269941 4.067784
0.275690 0.041642 -0.027501 15.082642 2.213033 -0.185747
-0.055401 0.015409 0.001624 -3.553564 13.882985 1.867881
-0.008319 0.013668 -0.095535 4.186317 -6.024748 -4.992743
-0.734110 0.713110 -0.416160 2.979614 -1.253909 -2.322448
-0.024146 0.038020 0.092984 -7.541437 7.270750 7.740598
-0.086340 -0.031251 0.057426 -18.297963 -24.190409 18.468182
0.031807 0.164160 0.027449 3.553197 4.877625 1.635756
0.283950 0.047882 0.002063 17.787483 7.343344 7.963176
-0.025575 0.027615 -0.066926 -2.127216 -5.094148 19.809327
0.048773 -0.029170 -0.014883 -4.950014 -6.689887 -12.293304
0.182760 -0.029760 -0.253360 -9.364441 1.703836 9.647004
-0.047624 -0.120280 -0.071673 10.760037 2.119377 -9.912419
0.049727 0.005730 -0.057423 -4.426659 -0.706970 3.184013
-0.017434 -0.047387 -0.277280 -3.421377 4.430641 8.429572
-0.031846 0.016656 0.061273 10.247966 -1.383104 -12.422850
-0.014346 0.180110 0.043358 1.231632 2.412186 -5.112609
-0.038749 -0.020403 -0.040847 6.801372 19.273883 7.442293
0.119920 -0.117520 0.030574 -4.192928 0.454315 -2.119126
-0.141130 -0.005011 -0.073577 12.671932 -4.454084 13.400697
-0.068431 0.025294 0.093141 7.407894 6.894405 3.745048
0.082390 -0.039509 0.097096 -1.529517 -15.173720 1.693785
-0.030433 0.069482 -0.076161 -0.194531 -2.932150 -19.750459
0.080548 -0.059120 -0.023755 -3.163462 6.989515 -1.542725
-0.017688 -0.123860 -0.013945 -0.232862 8.040215 -1.054167
0.019276 -0.076034 -0.023777 0.751475 5.404502 -2.135268
0.008548 0.235930 -0.124990 -3.176133 -8.562374 -1.332755
0.009713 0.031041 -0.184960 0.965636 7.069596 -0.449522
-0.092369 -0.092295 0.021741 1.950064 6.883495 0.610439
-0.337920 0.254900 0.171970 7.601284 0.216389 -3.931254
-0.125010 -0.007206 0.159870 7.771333 -4.405567 -8.054136
0.073142 0.001593 0.016206 -9.366507 -3.968944 -13.348711
0.004870 -0.020458 0.073130 -0.750651 -8.981573 -3.028193
0.014139 0.046270 0.072137 -5.256578 0.142395 4.014356
-0.056924 0.143650 -0.068620 -0.949561 -1.726467 3.057998
-0.036043 0.169690 0.067685 3.481575 21.280232 9.056387
-0.042788 -0.080520 -0.160250 17.509952 -1.529077 -4.500881
-0.029816 0.003363 -0.020384 13.341297 8.554144 1.061084
0.018056 0.072823 0.011762 -1.696063 2.863234 -3.463062
0.068266 0.047031 -0.031975 4.276582 9.689955 -4.172225
-0.122270 -0.057265 -0.185010 10.599186 12.301973 15.761441
0.002178 0.001481 0.028400 -19.649345 15.768237 0.680526
0.178110 -0.044429 -0.062800 9.257609 1.056343 -9.533995
-0.053384 -0.051476 0.060851 -3.802270 2.313058 -1.898932
0.057810 0.055969 0.100870 -15.874058 -3.626150 -1.078253
0.021139 0.101430 -0.046110 -5.383571 4.836589 10.627042
-0.092962 -0.015417 -0.093972 6.287142 -0.135129 8.514593
-0.252270 0.633240 0.248340 -0.036364 -6.956432 -5.328855
-0.016659 0.023925 -0.050838 0.284827 7.666002 0.793401
-0.071589 0.015727 0.043493 -9.708905 0.986745 10.864478
-0.014394 -0.026033 0.000886 12.239946 12.269117 0.828354
0.248060 0.052781 0.043739 7.981337 -1.258118 -0.919290
0.318500 -0.628450 -0.070529 9.613288 -14.640470 -4.570803
-0.365560 -0.372260 0.676510 -7.274464 -4.112155 17.477846
-0.101460 -0.038280 0.055136 5.394222 7.065945 -16.601027
0.086639 0.088379 -0.014323 8.072169 3.290622 -10.029236
-0.029512 0.024327 -0.023041 -0.951335 6.523129 8.813664
0.024354 -0.077699 -0.093895 -6.561152 -18.178900 -3.130989
0.062203 0.027087 -0.026724 -0.785557 4.643288 -24.702106
-0.033026 -0.066035 0.033584 -6.012414 3.792886 3.046340
-0.001539 0.046767 0.024257 -0.916884 1.577717 1.860314
-0.029309 -0.022649 -0.071928 9.863765 13.202081 19.013994
-0.039082 -0.039643 0.158920 -0.586131 -5.670060 -5.954193
-0.038300 0.036205 0.021543 40.255150 -7.607529 0.412732
0.065865 -0.038830 -0.024339 3.441516 2.085183 -9.836852
-0.145370 -0.140730 -0.059040 8.708960 2.724652 2.131732
0.140210 0.021205 0.009798 11.647971 -4.838296 -2.340849
-0.001997 0.030038 -0.018438 1.796955 -6.428580 13.524725
0.028581 -0.046340 -0.006810 3.608935 2.873745 -5.011117
0.018711 0.047519 0.036126 -0.592519 2.909112 -6.211614
-0.028826 0.059083 -0.093518 -2.304478 12.055635 1.340344
0.058181 0.070777 0.079883 -12.464636 -1.298503 5.052260
-0.112870 -0.024311 -0.066616 1.381468 -2.596018 4.022544
-0.062202 0.042407 -0.216450 -2.582376 -5.041794 1.329282
-0.012783 0.006874 0.021609 11.361028 9.459894 -13.103825
0.002520 -0.064879 0.137200 1.563928 0.949250 -12.045244
-0.062291 0.211500 -0.035520 0.136732 10.021111 -3.949139
0.222730 0.312070 0.347920 9.169083 14.796660 7.870661
-0.164630 0.479470 0.332180 6.110161 -22.974143 -18.454573
-0.035967 0.239910 0.089430 2.894472 5.339506 5.375758
-0.554040 -0.252560 -0.282390 8.638772 8.446500 6.070383
0.065061 -0.030259 0.045165 -8.435087 6.151885 -4.581755
0.004065 0.018497 -0.077350 -3.424760 4.786379 -2.814566
-0.050454 -0.015987 -0.020172 -3.012244 -3.584223 0.129742
-0.111290 -0.036224 0.009047 -8.862369 -5.323260 11.232863
0.113690 -0.239510 0.031247 0.553636 5.240869 0.458288
-0.001071 -0.015106 -0.039602 15.279561 2.539119 -20.866647
-0.007649 -0.042542 -0.090765 1.289152 -6.919594 0.721558
0.383380 -0.074364 -0.351780 -15.719827 -2.225290 16.779622
0.001935 -0.102590 -0.003650 -2.596195 -1.272325 -3.074842
0.174010 0.135830 -0.113010 5.534112 8.407922 -2.926885
-0.045663 -0.031681 -0.132120 10.450574 1.678440 -3.666427
-0.005264 -0.081466 0.011424 2.076293 0.783165 -6.815088
0.046293 -0.123090 -0.115920 -15.668894 5.823880 -1.677588
0.035922 0.201420 0.299440 6.881050 5.132194 5.940885
0.307380 -0.170600 -0.100080 23.446833 -11.318086 -8.886434
0.014416 0.039543 -0.054893 -5.512920 -13.618959 0.434014
-0.274370 -0.263120 -0.281910 0.438005 -4.930682 1.234298
0.096566 -0.080286 -0.157640 5.270793 -10.258192 -6.449139
-0.110600 -0.103790 -0.108650 6.332845 4.676257 4.483448
-0.228600 -0.003038 0.008266 -4.394727 -3.982145 -4.137953
0.049157 0.010598 -0.143920 -3.712644 -6.009438 6.250355
-0.008873 0.144000 0.104570 2.854159 15.436929 16.338275
-0.012746 -0.012410 -0.007681 -14.706482 -11.021643 0.472978
0.071820 -0.036734 -0.041749 -10.326391 -0.644089 1.418485
0.079123 -0.002935 -0.077438 12.130876 4.661710 -5.262471
-0.018878 -0.042855 -0.125370 -3.485781 -5.034155 14.447555
0.199350 -0.230200 0.015891 -5.888114 -3.588656 8.216466
-0.111310 0.050057 0.086943 1.848118 -2.687504 3.141226
-0.053700 0.082538 0.023429 -0.223613 -17.239786 -12.912946
-0.040091 0.051487 -0.044837 -16.380820 6.599860 -13.035447
0.095943 -0.054107 -0.031201 -14.614878 14.870762 4.526409
-0.292930 -0.162000 0.033314 -2.488628 -1.047855 1.671923
-1.099600 -0.015293 0.252150 -2.381208 5.624355 -0.887557
0.025828 -0.071711 -0.083818 -7.922684 8.186113 1.503044
-0.276420 -0.030296 0.543890 4.597369 -0.708999 -13.111634
-0.028238 -0.148310 0.022354 4.597518 -3.442411 -1.534978
-0.009727 0.095889 0.109600 -2.569629 -3.975551 2.884306
-0.314360 0.025542 0.311060 -8.434443 -1.883882 13.237007
-0.035520 0.006977 -0.052537 0.468473 -5.227795 -4.690433
-0.019980 -0.236030 0.188850 -3.077878 8.080093 -5.247522
0.054080 0.049507 -0.038288 -10.408399 -0.076576 -1.910828
-0.089575 0.128050 -0.048934 2.796588 4.998259 -3.770210
-0.024083 -0.163480 -0.401820 -4.133173 1.063751 -23.302397
-0.060000 -0.150650 -0.121880 -3.907605 9.575700 3.807907
-0.325710 0.093263 0.203500 22.974229 -5.034065 -7.699951
-0.252040 0.014817 -0.031206 30.965072 -5.801363 15.784002
0.330060 -0.334290 0.197370 -12.614813 10.337109 -0.045707
0.102500 0.164270 0.150650 3.991063 4.157181 13.119649
0.031645 -0.017818 -0.181930 0.262789 -8.207130 0.830897
-0.150450 -0.034305 0.063663 -1.854445 8.673870 -16.514085
0.016984 -0.123400 -0.108850 -1.272764 -1.751743 1.848961
-0.047026 0.099942 -0.082769 -13.588644 12.387453 -28.036961
-0.037760 -0.001630 0.102130 -4.089975 -9.555451 -5.065940
0.022493 -0.039054 -0.113020 4.804908 2.752641 -2.875734
0.053893 0.006623 -0.080960 1.456032 -4.043280 21.900982
0.022606 0.172280 0.019523 2.122924 -1.381178 -2.063991
-0.133370 0.231030 0.144570 4.849647 -8.448950 -8.282070
0.044925 0.004968 -0.023964 7.507472 -5.353847 15.978103
0.089121 0.036491 -0.042434 -28.119535 -0.275115 19.658027
-0.081229 0.091171 0.033464 10.505564 4.374469 0.062630
0.109080 -0.340120 0.071116 3.214141 -14.321024 8.599816
0.118840 -0.024646 0.110650 -3.945135 7.135449 16.812094
-0.315050 -0.227830 -0.344640 5.585516 5.631977 10.973202
0.018093 0.056172 -0.092701 2.520344 3.733870 -8.994158
0.035407 -0.018463 -0.010896 -8.664938 5.826446 5.044020
-0.105140 0.189740 -0.143400 5.623543 -10.214625 -0.538698
-0.062599 -0.110030 -0.052029 0.250516 0.208329 -1.492815
0.034610 -0.001869 -0.017455 10.482173 -0.001585 -5.625462
0.172640 -0.110980 -0.194540 -5.316928 5.863308 3.436808
-0.126150 0.051972 0.052303 -11.435334 13.909600 -8.377804
-0.071634 0.021229 0.030217 -6.163053 1.050271 -4.388588
-0.303730 0.322910 -0.165720 1.802219 1.179254 -2.791403
-0.018563 0.063140 -0.107270 -2.203050 -1.613085 -6.494954
0.211810 0.022484 0.141530 8.652051 1.148312 9.578968
0.116630 -0.001725 0.087935 2.872278 3.458658 6.431319
0.088350 -0.001068 0.109140 -1.827435 -1.470771 5.524351
-0.194390 -0.049838 -0.032736 0.146364 -9.655546 -3.407872
0.226080 0.106050 0.094790 -6.751464 0.097198 -0.115588
0.289060 -0.466080 -0.205290 -8.328719 1.728532 5.366061
-0.094973 0.123740 0.012283 9.218122 -5.028921 -13.637165
0.026902 -0.031955 0.057913 4.237212 4.166660 2.910073
-0.226480 -0.255050 -0.089045 -12.636961 -12.882967 -3.988169
-0.046107 -0.031067 -0.000080 13.648864 11.466307 -15.492395
-0.008044 -0.001193 0.025468 8.450684 -0.523536 4.144561
-0.068689 0.053162 0.111550 1.580844 8.445985 -24.863714
0.196170 0.040319 0.189440 1.459486 -6.021836 0.276338
0.069288 -0.026264 -0.048245 5.861694 4.853355 8.026282
-0.004742 0.015030 -0.032603 -4.225138 1.339064 8.246515
0.035005 -0.032878 -0.041157 20.355800 1.613759 -9.067266
-0.012050 0.037320 0.026288 -0.646475 -7.333775 13.863258
-0.033436 -0.031572 0.169550 5.047359 -13.265278 13.727119
-0.053425 -0.038726 0.088227 1.440405 -11.642071 7.967525
0.047041 -0.149170 -0.137290 0.749641 -10.860701 -8.050377
-0.047660 -0.012130 0.104960 0.464010 -3.221276 21.501660
0.078498 0.140190 -0.208880 2.629040 3.742852 -2.877088
0.102710 0.048367 0.043491 -2.219723 7.980839 -3.940731
-0.085873 -0.057264 -0.037852 -15.950217 1.861085 -9.260869
0.275390 0.074805 -0.178490 -6.320718 -0.537048 6.903614
0.122130 -0.008930 0.104030 22.996382 4.915360 4.026348
-0.079956 -0.028217 0.118660 4.204001 3.862651 1.400552
0.054240 0.073316 -0.003929 -14.817478 13.539394 -15.465827
-0.006629 0.016761 0.039942 5.961189 -0.046173 -18.297436
0.064159 0.034510 -0.089971 1.051563 -2.168528 -0.708441
-0.017551 -0.078019 0.240390 -4.052386 -5.352533 2.305552
0.550660 0.128020 -0.541000 4.104411 -0.363263 1.754929
-0.098049 -0.115400 0.019101 8.091402 -2.729298 1.934932
-0.055779 -0.012608 0.075207 -7.965780 -2.144085 11.359367
0.056881 -0.100590 -0.066477 -4.678504 30.429311 19.026827
-0.195490 -0.411630 -0.204280 -6.468545 -1.414106 -2.144061
0.272440 0.039085 0.015617 6.873278 2.822859 1.457363
0.033534 0.004974 -0.019854 -2.904600 8.465027 -0.725283
0.142250 0.129160 0.158180 -4.157301 -7.703650 2.325040
-0.144280 -0.161460 -0.110020 -16.723890 -4.693822 -0.464606
-0.005702 -0.037791 -0.011675 -8.428637 -0.839994 7.184030
-0.014181 0.013694 -0.010341 -13.205868 2.695096 -6.304585
0.008005 0.289400 -0.093534 -0.338357 -2.604029 -0.234057
-0.039193 0.030963 -0.141390 -8.840725 -1.155200 -1.144879
0.091742 -0.034189 -0.025910 0.283734 2.229184 8.725684
0.014672 0.001362 -0.113240 -2.417820 -9.771767 -0.497081
0.107680 0.345030 0.433890 1.698683 6.492407 3.759335
0.068110 0.080570 -0.013867 10.218604 -0.815549 3.302157
-0.110970 0.089155 -0.073687 20.107937 -6.226476 4.826526
0.126320 -0.004374 -0.013659 9.783763 0.053710 5.276153
0.082531 0.000846 0.005077 -10.802173 -8.836753 1.232544
0.123110 0.001527 0.064242 -1.697373 -3.384082 -7.725891
-0.043256 0.063153 0.202910 1.925314 2.898259 7.025395
-0.079924 -0.115610 -0.011727 -1.015767 5.146531 -3.060894
-0.023120 0.132020 -0.009218 -11.633056 19.961715 -11.752163
0.022011 -0.130400 0.154640 -2.705854 -3.254045 2.458148
0.004425 -0.041251 -0.082390 5.303051 -6.603281 4.952076
0.048841 0.063539 0.010302 1.673354 -2.777047 -13.278605
0.026767 -0.033504 0.055933 1.199168 5.788177 11.217928
-0.110830 0.060093 0.093822 -15.456517 -0.513754 2.436979
-0.010401 -0.049077 0.030388 -3.219524 -16.209391 -4.003967
-0.022967 -0.053525 -0.025788 -3.901794 5.371618 16.279735
0.215120 0.153730 -0.035494 -9.375332 -5.752100 6.737363
0.045192 -0.004394 0.058632 3.660751 -0.083917 -0.655679
0.055736 -0.577520 -0.443140 -3.461900 3.793583 -2.117652
-0.022967 -0.126900 0.295360 -3.137266 -0.440242 5.248609
0.005444 0.057238 -0.053306 0.375199 15.617422 -1.538344
0.247970 -0.168410 -0.075390 -18.169644 3.716477 6.852724
0.108330 -0.027483 -0.075061 0.993140 2.641077 -6.281866
0.097504 0.086254 0.072743 -8.728571 -9.610964 -1.297908
0.176120 0.117160 -0.080535 1.672547 -0.707669 2.584465
0.031213 -0.017437 -0.044684 4.256797 8.104899 3.842285
-0.023710 0.081094 0.005396 4.903655 -24.391150 8.947104
0.034475 0.045292 -0.004652 -5.781954 -7.762438 17.602432
-0.210940 0.078727 -0.103250 2.675623 4.949220 0.571346
0.095533 0.031269 -0.116580 6.668887 -7.993845 -0.214254
0.083454 0.055892 0.061764 18.174760 2.222552 27.688843
-0.075053 0.027077 0.044925 15.992979 -13.777169 3.348759
-0.113820 0.247260 0.210550 -0.881958 -9.109943 3.579477
-0.164700 0.074393 0.094509 -5.581391 5.282999 2.560108
-0.024678 -0.035153 -0.190260 16.014909 6.633165 -2.579180
0.131900 0.272360 -0.342370 -0.900157 -4.996632 12.459786
0.030927 -0.032014 0.020243 -9.369711 7.774971 -1.256992
0.041201 0.027061 0.018951 3.357836 11.792314 -15.030616
-0.016356 0.018980 -0.006938 4.264632 -20.945295 -5.294743
0.227020 -0.153660 0.163590 -1.865451 3.811838 -3.779154
0.105340 0.076166 -0.082573 -4.481135 -15.031359 9.034943
0.099916 -0.035568 0.156470 2.649098 -8.463482 5.903419
0.071197 0.095154 -0.043550 -12.809652 -7.144573 2.021161
0.599470 0.152420 -0.105350 13.703363 6.566447 2.092222
-0.041696 -0.004056 0.031864 -5.411744 -7.303937 -8.349147
0.000650 0.000899 0.045168 -11.014937 -22.526889 8.287783
-0.030448 -0.038271 -0.002157 16.395181 0.141612 -11.241919
-0.078996 -0.254660 0.098567 1.541329 7.386443 -8.529607
-0.019491 0.258990 0.148140 3.453159 4.178101 8.433688
-0.087869 0.026901 -0.102750 1.609296 -5.874909 5.223680
-0.005511 -0.031330 -0.050898 12.133174 0.365014 -9.528908
0.106320 0.285330 -0.187810 4.911487 -1.524538 3.772997
-0.005245 -0.162540 -0.384950 -2.858580 1.474272 5.144108
-0.047929 0.048443 -0.198650 -2.117684 10.131804 -40.388299
-0.069672 -0.071839 0.064081 -0.655963 -0.071629 5.645646
0.021077 -0.012560 -0.007597 12.670233 -21.715762 -2.289462
-0.035865 -0.317200 -0.090866 -9.272727 -6.990656 -7.196797
-0.154020 0.216570 -0.020955 -2.495280 9.520890 3.540646
-0.124610 0.050567 0.042561 4.720845 -0.354486 5.911671
0.003208 -0.148370 -0.041178 7.519473 -5.407691 -8.940615
0.029946 -0.062227 -0.055358 2.151959 7.203377 -2.959499
-0.057024 0.000521 -0.012983 5.424562 -7.772787 9.383552
0.034473 0.040295 -0.001057 9.201777 -8.680156 6.701960
-0.023917 -0.105220 0.047494 -2.463794 -7.204845 -6.505972
-0.101760 0.075389 -0.029858 5.945470 -10.524141 10.842564
0.020079 -0.059380 -0.022022 6.178326 8.707460 -2.297949
0.057851 0.047757 0.017232 1.031121 -2.952304 -10.390307
0.012299 -0.033012 0.074988 0.609360 41.552477 -15.669563
-0.184540 0.134420 0.133280 9.070139 1.269341 -11.272175
0.051210 0.061315 0.081245 -3.727822 7.708234 -2.086265
-0.272610 -0.270190 -0.093911 -3.187496 3.414271 -6.551895
0.062905 -0.014326 -0.115830 0.253345 -7.953973 4.051839
0.008595 0.044041 -0.113830 2.819286 4.185533 -1.354559
0.030878 -0.045252 -0.020962 -4.935969 -4.315037 3.162449
-0.011752 0.012327 0.078732 4.261078 -6.109859 -12.298202
0.051849 -2.630800 2.898800 1.965356 -0.623376 6.284125
-0.035463 0.045368 0.073313 -5.618493 10.309661 8.881271
-0.104390 0.009014 0.028943 4.127709 7.803720 -2.607619
0.052892 0.053951 0.041864 4.115609 10.686328 0.880830
0.072119 0.018049 0.008235 1.674865 8.237247 -0.862471
0.051680 -0.058425 -0.093927 6.334858 -14.624983 1.630343
-0.219250 0.398060 -0.070119 9.591134 -12.151135 3.082535
-0.141670 0.131260 -0.024044 5.267362 1.318925 2.424139
-0.037358 0.022258 0.012846 3.177273 5.695861 13.104632
0.059023 -0.050344 -0.042609 -6.466758 -2.324445 2.004174
-0.034971 -0.023231 -0.000435 0.522147 20.246443 -7.347717
0.067708 -0.266710 0.090761 0.397619 -24.913438 11.021031
-0.049823 -0.098460 -0.028422 -3.930879 13.595802 -9.145592
0.342850 -0.918470 -0.168040 7.214317 -16.128291 -6.002417
0.055748 -0.058293 -0.078640 -8.177962 0.256941 -19.647898
0.005000 -0.032091 0.013231 -19.434006 7.241680 2.716556
0.060815 0.024457 -0.006595 15.403990 3.555498 4.352037
-0.004793 -0.036215 0.020332 -2.364436 13.518356 -0.415643
-0.117950 -0.200500 0.120500 -0.394571 -7.343309 -2.949674
-0.113890 -0.229360 0.143550 2.812453 0.254520 -0.364710
0.437410 -0.292600 -0.467550 -16.903038 6.178754 18.717042
-0.070143 0.094048 -0.015132 0.139017 14.876088 -2.840333
0.014417 -0.055324 0.025102 15.771936 -0.298546 10.748477
-0.289750 0.021196 0.050850 8.880554 -1.596558 -7.698267
0.040288 0.020137 -0.023285 -3.620422 4.842869 -0.769154
-0.054175 0.021141 0.149360 -7.221197 8.454328 9.241226
-0.024667 0.133010 -0.026845 -0.293799 -8.373813 0.841537
-0.052049 -0.014495 -0.043061 -3.946020 -0.147776 0.528943
-0.148500 0.075702 -0.308210 -3.759022 -0.376347 2.033842
0.047771 0.056189 0.004769 -6.818901 -4.647706 2.728808
0.442650 0.318850 -0.967300 -11.813396 -5.454916 17.957224
0.030737 -0.178520 -0.027885 13.433439 -26.630807 -4.582421
0.091626 0.081804 0.062335 -0.009045 2.575195 -3.034087
0.090401 0.062129 -0.098523 -11.210114 9.497611 -9.676316
0.039846 -0.020700 -0.125940 -1.131368 -1.911367 4.895287
-0.041250 0.051325 -0.064878 -3.178190 10.939499 9.410332
0.010116 0.063365 0.010992 11.937098 -6.647539 18.554538
-0.043033 0.074596 -0.014965 -2.477323 -9.481721 -12.406629
0.002643 -0.014805 0.141350 12.717961 4.395911 4.095529
-0.014080 0.097276 -0.180000 -3.598828 24.368370 -9.605676
0.019488 0.038344 0.032192 9.286872 3.271067 3.110505
0.171900 -0.433540 -0.311960 -1.259015 3.876839 1.059161
-0.028717 -0.070375 -0.109510 -4.123256 -4.775274 -14.735999
0.159270 0.077532 -0.165850 3.372570 5.631110 -5.680809
0.036117 0.008203 0.053007 13.268787 -4.977935 -15.885646
-0.296440 0.064785 0.253850 10.998879 -5.446440 -10.450084
-0.010639 -0.035574 -0.015009 -7.774899 3.765746 8.404297
-0.003509 -0.033135 0.037987 -11.127169 8.898660 -2.296207
0.059171 -0.067252 0.015435 9.960162 -5.919738 10.457144
-0.012205 -0.079926 0.082638 2.183598 -1.280411 -9.291141
-0.209900 0.058422 -0.003013 16.471769 -6.303414 6.712316
-0.041244 0.215580 0.198510 0.342764 3.213175 11.553663
-0.001551 -0.058556 0.158920 -10.739938 -10.906663 2.996706
-0.027696 0.030511 -0.009259 -18.693586 11.828160 -0.544189
0.232070 0.074955 0.094907 -7.119324 -3.568940 -3.742578
-0.039998 0.008246 0.040985 0.729942 9.408469 -5.446573
0.026027 -0.054764 0.050709 -19.309956 -14.695383 -7.615124
0.033866 -0.005644 -0.021887 -6.552039 16.571457 -1.287958
-0.031595 -0.002855 -0.134630 2.844706 8.918225 -14.123864
-0.049129 0.020616 -0.109560 -11.186636 -10.883836 3.707679
-0.166130 -0.101920 -0.101830 -4.269224 1.005382 -9.178078
0.013056 0.038165 0.018832 -2.541122 1.917806 5.984355
0.014751 -0.051398 -0.035746 2.876334 -2.930796 10.038896
0.085404 -0.148720 0.088033 1.668521 -3.090243 2.461758
-0.061169 0.009231 -0.180140 4.330537 -0.443537 3.124247
0.044156 0.086301 -0.019971 9.331995 4.815003 12.089555
-0.032596 -0.026644 -0.064627 -1.721449 2.883148 12.065164
0.017400 -0.123320 0.004785 -2.921668 3.119721 -6.031436
0.052547 -0.005303 -0.026703 -0.532678 -3.701186 -5.572397
0.048262 -0.049337 0.020356 -12.722105 2.892397 -9.580150
0.163860 -0.234110 -0.042506 -2.324465 -6.743099 -2.018600
0.148670 0.378960 0.071977 6.264090 19.088570 -0.368047
0.121430 -0.002868 0.016706 -2.901918 4.252023 5.676953
-0.006430 0.065461 0.052984 13.811604 -1.519407 6.283018
-0.071635 -0.162990 -0.021511 14.373220 20.432039 -5.522480
-0.059712 0.005789 0.041416 12.946378 -8.903111 -9.957618
-0.136570 0.054764 0.161340 -5.866718 -4.640282 -0.903750
0.107660 0.071795 0.075363 1.585595 -0.277731 4.040443
0.028071 0.053489 0.016861 15.016136 -2.621476 0.395542
0.039526 -0.142170 0.019669 -2.190956 6.485480 -6.970590
0.065101 0.312090 -0.070965 11.576303 12.384772 -5.279025
0.147730 0.076541 -0.010220 7.769747 0.830920 4.515855
-0.076054 0.085158 -0.002464 4.778183 5.394922 3.730976
-0.011423 0.067884 0.003745 3.566072 6.175774 4.692746
-0.023473 0.003720 0.009839 0.693574 9.210445 10.035602
-0.095419 0.030553 -0.020696 -1.104982 11.869370 4.036417
0.119310 0.068675 0.113010 7.143683 -4.492799 2.294513
-0.124470 0.031591 0.012186 -9.704490 1.522162 -7.540252
0.064819 0.026665 -0.029759 17.196875 -4.886859 -15.160745
-0.100750 0.030907 -0.044258 -8.093850 1.617272 -2.798106
-0.062948 0.040202 0.025945 15.443387 -0.376367 -13.232277
-0.020570 0.008299 -0.069681 -20.449148 7.841426 -7.369446
-0.171250 0.074033 -0.108240 -10.731481 4.192206 -28.949557
0.083880 0.155370 0.064654 -5.954117 12.889619 2.810295
-0.018454 0.010814 0.076222 -1.204881 1.071103 -13.031139
-0.152310 -0.057138 0.084765 -0.303931 -10.596186 -2.527828
0.074487 -0.153260 0.194330 2.520870 2.563812 -11.315478
0.114520 0.041020 0.045529 -9.323213 -12.837236 -12.943542
-0.031958 0.035932 -0.015197 -6.051930 11.265998 22.806225
-0.050492 -0.019414 0.124340 1.146821 6.391351 -7.347040
0.053031 -0.063659 -0.058279 15.137743 -12.443514 -6.596603
0.040312 -0.019321 0.047230 3.437510 -5.435959 -6.174378
0.034468 0.011669 -0.030623 3.701411 4.370374 8.069494
0.112780 -0.003105 0.027916 -20.799937 5.730280 7.978932
-0.131200 -0.066595 0.018448 5.026869 -2.798231 -6.317983
0.052145 -0.062189 -0.026031 15.574033 -6.576351 -21.610492
0.157220 -0.019687 0.006329 -15.548860 2.572569 -2.871203
-0.095797 0.470260 -0.010070 3.403576 7.959533 -0.324551
-0.103120 -0.068288 -0.105430 5.838641 4.816287 -1.834903
-0.075059 -0.467670 -0.570510 2.069474 11.530073 9.976041
-0.038267 -0.027121 0.078350 5.245570 0.187988 2.371737
-0.106740 -0.098898 -0.135290 12.817135 5.046177 5.212481
-0.070246 -0.040874 0.092870 18.715253 0.322278 -30.043050
0.020761 -0.046604 0.017337 -12.527909 -16.204824 -17.180857
-0.048433 -0.030280 -0.285930 0.174215 -0.218156 -0.998378
-0.097091 0.017959 0.196320 1.659973 -5.395489 -17.144569
-0.116860 0.077118 -0.109650 16.122057 -0.420493 14.678848
0.002433 0.022717 -0.031271 5.781584 -3.812666 -1.086811
-0.026289 -0.039014 -0.132740 13.204396 5.011949 22.576038
-0.013935 -0.019018 -0.020637 -5.905134 9.158307 8.727747
-0.053672 -0.316330 0.167610 0.884141 -11.078308 9.756703
-0.092800 0.116970 -0.044637 4.249242 -19.001008 3.780929
0.091761 0.059940 -0.045017 -6.089774 8.473934 6.610649
0.050549 0.066177 -0.076611 4.782446 6.885981 -8.488437
0.098428 -0.022416 0.000552 -6.994569 -4.542515 -18.997339
-0.016864 0.018548 0.010517 18.919135 -18.164813 3.851338
-0.059762 -0.166530 0.011204 -2.046705 -17.044414 8.706772
0.152850 -0.072492 -0.036314 -6.614905 1.819226 -1.905953
0.094573 -0.057107 0.107910 3.115800 -6.227992 -6.974995
0.030883 0.007233 0.020056 19.033971 -1.162900 6.667295
0.059853 0.049185 -0.038897 6.304855 -13.695226 -2.519904
0.051291 -0.075100 -0.018406 -14.366101 7.327639 17.554072
0.092179 -0.023314 -0.058637 1.551754 3.272399 7.246674
0.112310 0.009835 0.157080 -2.055671 -1.894145 -8.439985
0.013668 -0.066362 0.014088 3.751565 -7.189050 5.010742
-0.184150 -0.135510 0.177950 4.739216 12.425903 -3.375479
-0.015412 0.013812 -0.031329 -0.368695 -12.053664 -11.203538
0.114470 -0.092712 0.026863 -7.530366 -3.007647 6.363001
-0.096613 0.057136 0.089270 7.797961 -2.147505 -7.096228
0.136090 0.090607 0.001131 -11.192951 -3.874087 -4.110980
0.003250 -0.079266 0.012941 -16.834660 -2.221025 -8.044517
-0.038200 -0.139310 -0.017976 1.935978 -12.756340 0.087922
0.081839 0.115700 0.114510 -16.841085 -9.814722 -7.931055
0.131200 0.333270 -0.287000 10.384722 9.244429 -12.713623
-0.038580 -0.019322 0.082716 2.072547 11.115361 -17.582386
-0.012408 -0.122220 0.059793 5.254085 -15.539675 2.975001
0.055879 -0.233860 -0.151070 2.838060 14.288410 1.320854
0.269850 -0.057972 0.147620 -0.729269 4.590899 -8.107385
0.019991 0.047295 0.013364 3.485639 12.911262 29.720540
0.110730 -0.054466 0.085584 -5.721507 5.327931 0.249207
0.006861 -0.050623 0.006661 -6.809619 11.014761 4.111438
0.013728 0.019462 -0.035837 15.666070 11.341427 7.346588
0.151440 0.082271 -0.017664 -15.331429 -5.702628 -5.381362
0.079903 0.048902 0.036887 0.903397 -9.982660 0.034470
-0.041562 -0.038605 0.024684 13.020868 -7.407529 2.385166
-0.043576 0.131430 0.108510 -4.153565 18.354645 20.260569
-0.026423 -0.062482 -0.262920 -3.772427 7.160483 8.128298
-0.056330 -0.042863 -0.284160 -2.239531 -6.868106 -7.018179
-0.000722 0.037315 -0.061472 -9.974706 -11.090075 -16.959755
0.000993 -0.094183 0.137510 7.075128 -5.409882 15.910847
-0.196840 -0.027756 0.094155 -14.886888 -1.022566 1.650622
-0.031195 -0.021573 -0.005644 3.718930 10.411403 -5.340589
0.078832 0.034073 -0.032453 0.366328 -10.035188 1.024846
0.004361 0.064662 0.005203 2.616928 -2.426134 13.618652
-0.033445 -0.087410 -0.084886 -0.435068 -9.852068 -7.220414
-0.005758 -0.042776 0.072995 -10.206167 -0.050950 -6.777154
0.209540 -0.164000 0.040575 13.863880 0.895781 -1.038244
-0.097127 -0.213810 -0.119450 -0.753487 12.671411 9.379181
-0.224620 0.403180 0.015040 3.871701 -12.138604 1.053805
0.041593 0.030407 -0.123610 0.304353 -7.252953 8.276589
0.033876 -0.276170 -0.042076 2.621608 15.785431 -6.999348
0.186480 0.017156 -0.162780 7.211976 3.172655 -9.425798
0.020872 0.044919 0.127730 -13.412137 -8.604945 -19.085067
-0.064663 -0.059813 -0.016197 2.592970 3.923874 17.794195
-0.003695 0.041643 -0.087555 -3.715883 -2.237138 -20.044003
0.144700 0.025221 -0.279820 3.935683 3.145130 -23.021783
-0.010984 0.007411 -0.036189 -10.571601 6.621239 -15.456055
0.117970 0.051656 -0.010454 -9.097598 -0.720884 -8.186259
-0.075848 0.171050 -0.166420 -2.869338 10.536513 -9.467182
-0.004068 -0.166300 0.080172 4.191455 -19.551519 -0.478220
0.022413 -0.020633 -0.076527 -9.338212 -0.768551 -1.090258
0.013683 0.222610 0.011391 4.051652 5.400347 -9.503109
0.000275 0.083521 -0.081076 2.141474 5.276781 11.651841
-0.029604 -0.027843 0.051721 12.276627 1.698225 2.833935
0.079660 -0.083578 0.137280 -10.468061 10.503489 -18.712216
-0.056782 0.075330 0.144000 -2.357650 6.635568 25.976034
-0.231640 0.084481 0.332340 5.282332 -2.069947 -7.220522
0.096340 -0.067287 -0.017827 14.307053 -7.346413 -6.835770
0.322400 0.079735 -0.059242 -13.682293 -4.275520 4.103585
0.034268 0.021770 0.085242 -3.853029 5.436355 -3.921666
-0.123080 0.105670 0.256740 2.475654 -1.445819 3.681660
0.048109 -0.072607 0.089319 2.457095 0.870136 -10.978257
-0.228000 -0.239760 -0.076753 -13.057072 -10.911018 -2.544754
0.107630 0.001439 -0.193310 2.020437 7.820674 0.896940
0.033048 -0.122690 -0.079843 5.510885 8.970165 4.342847
-0.121080 0.041022 -0.124970 -11.618750 -0.432512 -7.952490
-0.082288 0.033529 -0.071304 5.190280 -4.442584 20.324042
-0.036503 0.187940 -0.253090 -4.492737 20.972473 -17.685717
0.039226 -0.022476 -0.104740 -4.706522 10.131322 11.782640
0.039285 -0.034848 -0.143810 11.810592 14.370346 -13.792995
-0.163890 -0.094950 -0.087665 2.136715 10.288100 -6.514181
-0.039977 0.020575 0.008545 -4.067031 -1.670163 -11.908320
0.074534 0.069145 -0.065734 2.302571 11.742550 -17.871315
-0.005461 0.024936 -0.002356 8.356341 8.258432 -7.059033
-0.011472 0.017882 -0.011489 4.862573 4.392298 3.074996
0.039640 0.011981 -0.078578 -12.223473 -4.737389 4.765666
-0.039792 0.100320 -0.026768 -2.660754 19.159653 5.332516
-0.018621 0.054185 -0.031255 0.095136 13.267189 -1.766965
0.051448 0.073901 0.067570 9.241603 -15.706216 -8.038026
-0.013642 0.020236 0.025807 3.598627 2.887881 -6.481363
0.099064 -0.071192 0.063629 1.526367 -4.125132 -3.504233
-0.012622 0.075995 0.016433 5.583262 0.758262 2.387469
0.010566 -0.060977 -0.020330 2.789585 7.318734 -14.632167
0.003050 -0.007923 0.048625 11.997769 -6.352554 1.268020
0.035464 0.033188 -0.014304 -9.955297 18.792449 -14.477511
0.012530 0.024518 -0.042334 4.054608 6.793506 18.979518
0.031613 -0.037044 -0.083291 3.316684 -9.783311 1.876880
-0.092120 0.045326 -0.010691 -23.989047 11.109857 -5.059749
0.018909 0.102000 0.017317 -0.833988 5.940211 -1.184815
-0.041476 0.183230 -0.114040 2.297905 3.219108 5.861799
0.045809 0.273000 0.041350 3.738649 6.651797 4.131708
-0.010874 -0.001555 -0.101400 6.385601 0.526331 4.887709
-0.011493 0.006688 0.024187 13.913693 11.517394 -3.834023
0.268570 -0.416970 0.015247 3.409049 -3.456274 -1.498611
0.006665 -0.031850 0.017415 2.558437 20.481975 -5.121204
-0.046076 0.012511 0.034063 3.190393 -4.133547 -12.147857
0.116560 0.051288 0.134330 -1.980621 -6.483066 -10.279849
0.008704 0.017155 -0.053584 -5.235569 0.566887 4.379124
-0.030711 -0.025118 0.114840 -9.799560 11.402534 13.365845
-0.014083 0.125410 0.005783 4.253949 -1.310137 5.066743
-0.026054 -0.077109 -0.016272 -1.289088 9.877156 5.333858
0.220330 -0.025036 0.020340 4.775197 0.239416 2.102520
-0.065143 0.081618 -0.037836 1.035651 -16.970098 1.624299
0.134120 0.045551 -0.036042 -6.214098 8.728876 -6.736226
-0.047693 -0.050537 -0.067182 0.884267 -9.017769 2.846550
-0.061817 -0.007771 0.147260 -0.022947 1.050981 7.852737
-0.018617 0.162730 0.018423 2.150099 -7.955300 7.700482
0.052335 0.106060 0.040485 -0.384723 -5.840637 -10.075455
0.061183 -0.129430 -0.010689 6.703459 8.696502 3.835097
0.014105 -0.030596 0.292950 0.606785 -1.757044 -11.707721
0.317380 -0.357380 -0.092384 1.914701 -3.368564 -1.685970
0.078224 0.310970 -0.422540 5.181661 7.365182 -9.986382
0.085009 -0.040060 0.109020 0.105096 7.377268 10.745772
-0.028505 -0.130540 -0.034420 10.779172 -9.096342 -5.057152
0.008058 0.084419 0.156790 -3.654691 -3.466062 -14.990576
-0.141010 -0.106890 -0.113960 -13.971240 -7.229717 -2.378996
-0.002115 0.172790 -0.145970 -2.422513 -9.231291 3.649998
0.044320 -0.015103 0.044349 -16.828899 -5.615267 -7.782558
-0.044290 -0.067570 0.055759 14.201719 -2.348391 -5.229876
-0.043036 0.034385 -0.001537 4.685797 10.033333 -2.198177
-0.009089 0.017056 0.127470 -5.620036 -3.123501 -18.362656
-0.083429 0.058204 0.028777 0.302211 -4.611217 4.416794
-0.011553 -0.019521 0.050272 0.520796 -9.460904 11.248920
-0.025841 -0.015579 0.006580 2.605884 2.869787 -7.961301
-0.043224 -0.004778 0.025245 18.506869 5.742679 -1.884016
0.010006 -0.103320 -0.002911 -1.874484 2.597225 3.700503
-0.008994 -0.127300 -0.044381 5.492008 -6.695708 -0.574277
-0.051964 -0.031380 0.027888 21.195376 -15.763924 -12.387329
0.060947 0.069761 -0.049361 7.191006 -0.719184 -9.981689
-0.015391 -0.004582 -0.060706 -12.819667 12.684145 3.049901
-0.054585 0.370020 0.266250 -4.081576 -11.302364 -7.762289
0.061793 -0.196860 -0.012895 9.863467 -15.110140 1.712261
0.101080 0.099068 -0.045410 1.203921 -6.350880 0.283030
0.005712 -0.014039 0.119060 11.373418 5.037763 11.209248
-0.009278 0.107180 0.095302 8.349787 7.237156 2.052496
0.101420 0.022261 -0.011846 -18.057357 -8.311458 -2.653830
0.012374 -0.012732 -0.015147 4.890075 -7.762190 -9.853638
0.073786 0.010162 -0.015242 -6.955149 -0.205981 0.472584
-0.075562 -0.045871 0.030445 5.647432 2.769482 4.821178
-0.006693 -0.084294 -0.072219 3.212065 -17.658628 5.923488
-0.168470 0.246260 -0.103310 -4.289480 2.118496 1.358779
0.093848 -0.078526 -0.026443 14.843287 -18.166430 11.476713
-1.350200 -0.458530 -0.343120 7.464661 -1.899429 2.195039
0.021609 -0.021691 0.029955 -4.068882 10.510989 -6.888028
0.102310 0.145770 -0.161620 1.031258 3.028424 -14.788969
0.054911 0.175750 0.128730 1.303496 8.212124 2.183120
-0.107540 -0.052810 -0.064174 -1.954097 4.209425 -2.390158
0.038841 -0.016698 0.013756 -14.668664 -20.669492 -1.500747
-0.031399 -0.059118 0.027373 8.839490 -13.159566 7.011393
-0.176800 -0.167550 0.141920 -0.732276 5.138509 -1.811640
-0.077420 -0.022590 0.055793 -5.967761 4.048469 -3.689336
0.147260 -0.253840 -0.078313 -0.801985 3.646763 4.796678
0.018252 0.017046 -0.094865 0.130605 -1.533117 3.689662
-0.030670 -0.039922 -0.040728 8.400431 -21.001415 -18.636266
-0.109680 0.251700 0.096659 9.594146 5.937215 -8.621706
-0.009172 0.022989 0.002145 -2.341345 6.866513 17.320579
0.196860 0.161820 0.037392 12.923877 9.766875 0.597270
-0.025967 0.002278 0.079907 -25.243278 -19.541885 7.958835
-0.236160 0.027901 0.141160 11.139968 -8.108412 0.836386
0.003012 0.027038 0.103080 0.709745 -2.506087 -12.137883
-0.006669 0.064378 -0.071418 -5.901163 7.553895 -0.376713
-0.144330 -0.095246 0.171610 7.110681 -5.396421 -8.551844
0.209860 -0.040541 0.108330 -12.955829 1.932762 -9.976223
-0.014174 -0.071200 0.051172 -0.143890 -12.281714 4.025933
0.155010 -0.118590 0.469600 -5.553149 5.253511 -23.841870
0.086486 0.024905 0.120170 -2.500562 -6.686660 2.518273
-0.000576 0.013443 -0.011932 11.063076 -13.801230 5.255344
0.003384 0.069164 -0.097028 0.577295 -7.724648 8.228316
0.063140 0.046766 -0.145250 -2.501328 7.979181 -6.838145
0.057061 0.062041 -0.021603 11.869962 4.574970 -5.745454
0.082791 -0.147840 0.038062 -13.136549 2.743189 10.403029
0.199690 0.110620 -0.161430 1.686273 2.950326 -1.823328
0.028364 0.056936 -0.017149 -4.364439 1.540506 -18.260212
-0.142150 0.198840 0.033579 12.131663 -12.550146 9.706675
0.181900 0.025643 -0.186110 5.050289 -0.378937 -20.288668
-0.018050 -0.106110 0.046323 -7.744755 -14.849024 -0.550245
0.051494 -0.144750 -0.145220 -6.453481 -4.971566 0.419945
0.334440 0.440970 -0.386630 6.556602 5.041745 -7.038119
-0.051612 0.022735 -0.267880 2.923953 -4.008583 1.350457
-0.106870 0.257280 0.058886 6.737028 -19.529566 -4.787141
-0.075014 0.047357 -0.021423 -9.110880 -14.952197 -15.685238
-0.042075 0.256280 -0.122210 2.814807 26.324539 -13.366951
-0.050775 0.014483 -0.043715 3.953554 5.546787 -5.229758
0.023095 -0.047824 -0.040235 -3.339752 -2.656721 -2.156889
-0.301070 0.064278 0.385170 16.410910 0.590507 -10.433923
-0.085987 0.110950 -0.113530 -9.825555 8.806346 -11.074897
-0.127820 -0.031118 0.035364 -11.247092 -2.514553 -13.840323
0.025892 -0.013086 -0.011408 -6.996738 -12.107603 -12.306961
0.026030 0.092419 0.061487 -0.972311 -2.343384 -1.615526
