0.069789 0.088668 0.226310 -4.411104 -14.531090 -19.107720
0.010770 -0.034600 -0.077368 4.073019 -7.585885 4.243705
-0.014029 0.018558 0.045625 25.027611 23.779130 -25.945246
-0.045064 0.055865 -0.042320 11.417411 -9.717068 14.072240
-0.061899 -0.011582 -0.016412 -3.895320 11.428507 10.608180
-0.052349 0.073067 -0.180460 1.001604 -4.133343 2.913484
-0.003077 -0.044353 -0.126470 8.897441 4.079746 8.692132
-0.113100 0.090131 -0.297620 3.730922 3.081740 2.319533
0.012545 -0.010702 0.027207 11.628057 9.283062 -7.263513
0.028548 -0.001585 0.028716 6.356114 2.411681 -3.323023
-0.000598 -0.001435 0.014524 4.355636 4.489954 -15.476809
-0.006458 -0.027682 -0.010424 1.111484 26.662547 -3.320628
-1.800400 -0.294560 -1.135300 14.023829 2.798168 7.011245
0.060594 0.064180 -0.096325 -1.558325 1.519530 -6.393796
-0.034034 -0.022624 -0.073343 2.560413 1.127666 -4.722366
-0.048277 0.056866 -0.013752 25.444965 -8.607116 -5.026927
-0.068918 0.054084 0.223190 3.013634 -5.475818 -4.310487
-0.020381 0.031609 -0.037035 -5.967207 6.753221 -6.939834
-0.004519 -0.006711 -0.006241 21.596053 1.214860 -5.318643
-0.098933 0.071613 0.060182 8.920772 -2.909811 7.345761
0.109150 0.075672 -0.122270 3.273673 6.590839 2.649743
0.067081 0.004461 0.007653 2.222271 3.760211 -3.192371
0.045050 0.040899 -0.045559 2.863556 -15.739799 8.425725
0.039678 0.100880 -0.025595 5.721539 6.529622 1.051623
0.145240 -0.035246 -0.103300 -10.331333 -2.891275 15.147332
0.010117 -0.013530 0.000384 7.005629 -2.711553 -4.702769
-0.081749 0.122340 -0.246290 -5.416684 6.205386 -5.574740
0.026770 -0.025013 -0.009480 -10.047100 7.353823 -10.328058
-0.070246 -0.040874 0.092870 17.050361 1.285165 -23.957665
-0.015261 -0.073647 0.037272 -14.605916 -13.367328 16.531808
0.019782 -0.051830 0.041499 -13.761581 11.470122 -6.233245
-0.015883 -0.033056 -0.060824 -1.269064 11.942402 -11.978708
0.024807 0.020393 0.002476 23.467673 -1.189592 19.363669
0.043088 -0.218040 -0.074444 2.231205 0.070451 -3.576548
-0.038557 -0.256720 0.060815 -11.952333 -37.902593 11.337849
-0.073422 -0.049146 0.002131 8.490032 14.332324 1.100597
-0.042330 -0.023563 0.037557 1.215119 -6.780746 16.050802
0.652150 -0.004436 -0.434510 -12.730158 1.498735 7.212834
-0.187250 -0.102830 -0.068416 13.705984 10.787575 -1.644825
-0.056841 -0.042865 0.129520 -5.256589 -1.080561 14.875033
0.307380 -0.170600 -0.100080 24.047305 -7.964960 -8.507536
-0.013164 -0.005877 -0.024976 2.113234 11.175540 -5.181601
0.107680 0.345030 0.433890 6.873014 7.306526 3.295361
-0.280540 0.150560 -0.094176 27.536188 -7.988815 9.096203
-0.090012 0.209130 -0.135030 5.387673 2.959814 5.276359
0.055741 0.032029 0.006373 -0.478444 -11.730386 -0.582516
-0.037363 -0.008118 -0.163280 -2.634851 17.638037 -13.401505
0.005108 0.052523 -0.050044 9.912164 8.986816 2.147208
0.069897 -0.029210 -0.002402 -8.660124 13.196930 -6.654269
0.041486 -0.067152 -0.049625 7.378887 -9.884700 10.393604
-0.019925 0.012097 0.103080 0.539616 5.815901 2.263147
0.060404 0.075482 -0.060236 18.888756 12.949589 -5.615994
0.076004 0.039349 -0.103160 5.073654 0.886903 -0.467177
-0.051327 -0.003999 0.008504 -11.955723 -11.930861 0.861647
0.146870 -0.134370 0.092052 -17.204254 13.527041 -8.447054
0.001809 -0.062043 -0.017436 -3.928031 2.338852 6.204813
-0.080482 -0.075005 -0.091193 10.393157 8.373025 -2.139305
0.024776 -0.131410 0.113100 3.229137 10.900602 -12.714254
0.119010 -0.078121 -0.240600 -0.928958 -4.634880 -2.563670
-0.014321 0.169240 0.141190 0.285372 -9.730644 -9.822241
-0.023026 -0.074350 -0.044743 6.436479 -11.269794 -6.962521
-0.001245 0.026060 -0.001025 -13.257221 3.362745 -11.296843
-0.028262 0.071544 0.118390 9.001430 -9.712379 4.795412
-0.000416 -0.192800 -0.025228 -13.320454 -9.145128 6.464062
0.001847 -0.019294 0.104950 -5.581194 -6.460669 -8.051226
-0.073869 -0.079886 0.063345 -0.824702 6.409237 0.354127
0.174130 -0.144810 -0.034934 -30.720332 14.474186 -1.033143
0.137740 0.159590 -0.026179 1.352846 -10.442852 9.627806
0.050732 -0.088113 -0.014327 7.148753 -3.477084 -8.159439
0.068049 -0.036541 0.181220 6.015413 -8.056309 2.992955
-0.046947 -0.051983 -0.058297 1.695809 -1.934368 -7.380076
-0.205720 -0.215300 0.115910 -10.671804 -12.658838 6.244544
-0.027683 -0.061573 0.085611 -1.714887 26.828384 3.414924
-0.036808 0.003019 -0.035959 6.273052 -15.710039 6.628453
-0.103030 -0.041030 0.195770 -18.650135 -3.419928 18.307635
-0.212010 -0.218180 0.145410 -5.237975 -5.224908 17.435373
0.118090 0.051329 -0.019435 4.788470 -3.831385 2.415331
0.045393 -0.043600 0.040618 9.821760 -1.181443 -0.304448
0.550660 0.128020 -0.541000 -1.075080 -0.224668 -1.287319
-0.045578 0.040044 -0.071707 4.230393 -6.133927 12.822977
-0.045209 0.026942 -0.012853 -0.678162 2.386802 0.345646
0.025747 0.038323 0.042659 2.620437 -9.931838 -6.438089
0.002538 0.026114 0.156860 -9.862883 3.412494 -4.747765
0.025911 0.019995 0.292350 1.090151 1.008783 -3.371983
0.002879 0.006982 -0.029525 -4.622183 2.944113 11.274454
0.069706 -0.011698 -0.024559 -6.075594 0.514298 8.425826
0.005218 0.197530 -0.057735 0.824360 11.067107 -5.181159
0.050412 0.020154 0.028893 -9.329827 -17.401742 -8.311779
-0.128560 0.067220 0.109770 3.142124 0.748388 3.527970
-0.001443 -0.002490 0.032018 -11.580560 -8.274356 -10.343991
0.097288 -0.038389 -0.058823 11.211186 -7.510835 -18.819428
-0.052933 0.001420 0.055148 6.182271 1.118663 -11.862592
0.082294 0.002967 -0.070681 -1.040886 8.240498 0.250797
0.000460 0.058936 -0.010182 -0.778699 1.024221 25.453636
-0.155030 0.132600 -0.055847 3.651097 1.643098 2.256964
0.068409 -0.001441 0.024978 6.224478 -2.299507 1.848764
-0.205920 -0.099971 0.141300 -6.439878 -1.524010 5.081195
-0.015620 0.067434 0.122140 8.980315 -7.419354 -8.311907
-0.438600 -0.040992 -0.104710 12.590057 -0.203835 -0.290086
0.084915 0.164150 -0.031313 -1.543625 4.103092 -2.280739
