0.065132 -0.171890 0.014398 -1.126600 14.502000 -1.138100
0.035242 0.046773 -0.000010 8.299300 -2.486400 -14.482000
0.132910 -0.071297 0.000210 -4.921300 6.123800 7.482100
0.119220 0.128020 -0.055328 6.429700 10.437000 6.017100
-0.001393 0.001547 0.060605 7.394300 9.962200 -0.959640
0.098431 -0.170910 -0.004793 -1.305000 8.990800 0.503890
-0.001830 -0.012020 0.019136 -8.639500 -3.566100 -3.718900
-0.118850 0.192780 -0.049041 4.700200 -13.375000 5.135000
0.137650 0.086870 0.003446 -14.028000 0.400960 0.862060
-0.117700 -0.034469 -0.040611 -3.254200 4.776500 3.330200
-0.010301 -0.056100 0.008634 17.591999 12.517000 5.144500
-0.091286 0.772300 0.271810 -3.768100 5.663000 -0.453930
-0.014974 0.087279 0.080757 5.607300 1.881600 -8.324900
-0.019859 0.059188 0.088818 -3.673800 -4.458300 3.756700
-0.049893 0.114310 -0.018404 13.541000 -8.234800 1.117100
0.013678 -0.040334 0.077452 5.283000 -12.526000 -2.024300
-0.114120 -0.080513 0.068305 8.787800 -6.700100 1.929800
-0.036612 -0.025080 -0.055402 -7.016000 4.240000 -21.629999
0.056770 -0.243080 -0.479110 1.763000 -10.572000 -19.596001
-0.005336 0.070660 -0.169480 12.126000 1.334000 -1.412200
-0.071437 -0.023881 0.051102 -3.021600 -2.442700 -5.098000
0.004007 0.076554 -0.052487 10.050000 -4.454700 -3.003100
-0.040139 0.022513 0.004714 -4.266700 -1.472100 -9.753800
-0.287140 0.255290 -0.070411 -7.479500 6.122900 -3.342400
0.010902 0.167190 0.022142 -9.357400 -17.993999 -2.288900
0.059259 -0.047852 -0.016458 -6.386800 5.853700 7.716300
-0.023605 0.004936 -0.086671 -1.041900 -30.797001 -2.232500
0.136290 -0.055448 -0.241760 6.697700 -2.182300 -12.559000
0.360440 0.279750 0.232360 -5.471500 -4.538100 -3.067500
0.066473 -0.028956 0.052091 13.199000 -16.332001 2.521200
0.004624 -0.036354 0.060783 -3.731700 3.220000 -3.985000
-0.121320 0.396210 0.073149 -5.684400 17.636999 5.236100
0.027985 0.088833 0.045974 8.631600 -4.229000 -2.231400
0.006142 0.018692 -0.011958 1.894000 -4.140400 17.421000
-0.033989 -0.142430 0.075436 -7.956100 9.094000 -3.899400
-0.020983 -0.034720 -0.027967 0.443970 -3.903000 -3.164100
-0.146680 -0.110590 0.069096 -6.813400 -1.193900 4.264200
-0.029413 0.010797 -0.104500 0.902700 4.379700 20.200001
-0.034995 -0.026024 -0.026018 -8.704400 -14.059000 -3.504100
0.075247 0.080591 0.021206 1.601200 -4.356100 5.063200
0.133390 -0.071756 -0.121560 4.654400 -2.540800 -8.471500
0.019190 -0.004496 -0.028287 -9.206300 3.647200 -7.664700
0.009083 -0.013212 -0.073526 1.894700 8.108100 -5.296500
0.079878 0.060179 -0.094412 -4.002800 -1.134700 6.727500
-0.101590 0.092067 0.044825 -9.726700 7.080000 7.476400
-0.048253 0.002707 0.127380 9.558000 9.281000 -7.324300
0.119360 0.024934 0.016995 15.812000 10.383000 3.143900
0.058412 -0.036110 0.052726 3.552900 -1.671200 4.622300
0.150970 -0.045081 0.101370 -3.575500 2.825800 3.754600
-0.003312 0.026776 0.020218 -6.219000 2.854200 -9.253100
-0.072320 0.097496 -0.103870 2.294400 9.960900 6.384100
0.026679 -0.080059 0.043988 1.777500 -6.536500 3.892400
-0.164440 -0.070662 0.063991 2.776700 1.942500 -2.050800
-0.087772 -0.073511 -0.145500 -7.173800 -2.694600 -7.055200
-0.005042 -0.011133 0.388750 2.230400 1.869000 -4.875600
-0.145580 -0.222900 -0.239980 1.711800 -2.239800 -0.254340
0.128130 -0.018623 0.064009 9.669400 3.370100 11.302000
-0.045336 -0.049298 0.045722 -3.910100 3.163200 2.309200
0.072575 0.094929 -0.121010 -1.687500 4.938800 9.320100
-0.010738 0.035089 0.053930 6.134100 -22.839001 7.851200
-0.084288 0.106610 -0.033844 5.977300 1.453600 19.737000
-0.060506 -0.126340 0.116740 -2.976900 -5.778000 0.527860
-0.069261 -0.094399 0.094161 -12.261000 -0.929360 -2.488100
0.033976 -0.021867 -0.005769 11.880000 0.615260 3.941400
-0.286260 0.015632 0.043508 -17.709999 4.819700 4.130500
-0.312580 -0.442300 0.139390 3.775500 1.169100 -0.016840
-0.048134 -0.092571 0.025084 -8.180200 -5.686400 -8.580500
0.053465 -0.025716 -0.023237 6.718500 -15.308000 3.104300
-0.244570 0.104670 -0.091845 16.813999 -10.419000 5.277400
0.028484 -0.013223 -0.019598 -6.349900 -8.727000 -8.953200
0.736970 0.814510 -1.147700 -16.941000 -18.451000 28.921000
0.201730 -0.006883 0.064475 -1.526000 2.882500 -8.736200
0.062930 0.028951 -0.042984 -2.825900 9.123900 -13.515000
0.035723 -0.045357 0.002686 0.034612 -4.069300 -6.013200
-0.122210 -0.031253 0.166430 8.739300 -6.685100 -19.792999
0.071025 0.112230 0.096376 4.021100 4.567600 8.608100
-0.114630 0.006236 -0.102770 -2.669300 0.471190 -6.876200
0.085312 0.182280 -0.174360 0.599010 2.673100 -5.372500
0.077100 0.059247 -0.053078 1.065400 -15.458000 -0.962220
-0.204960 0.236420 0.213070 3.899500 -2.129200 -1.381100
-0.081741 0.026246 0.105220 -3.858300 7.964600 7.528100
0.075067 0.013192 -0.051945 5.576100 6.011700 1.002600
-0.050172 -0.023840 0.124170 7.023200 5.316700 -11.341000
0.014528 -0.020803 0.048465 -1.823900 -8.833500 3.112500
-0.050045 -0.009540 0.047312 -19.610001 -1.970400 9.547100
-0.074173 -0.156510 0.088697 2.683900 10.549000 -3.115700
0.102970 0.038288 -0.039086 0.003762 -15.968000 -6.751400
0.072052 0.029810 -0.006453 -14.536000 -4.327300 -4.706900
-0.305210 -0.674680 -0.166100 -0.425650 -6.921200 -3.194000
-0.164980 -0.080646 -0.050273 -13.259000 -5.472800 -5.969400
0.150720 -0.012573 -0.049743 9.525300 -11.418000 0.097459
0.101230 -0.057502 0.020978 -12.906000 -2.039300 6.832500
0.012216 0.027345 0.105840 5.835800 10.895000 -15.375000
-0.038688 -0.074645 0.111150 -5.799200 -5.762300 6.486800
-0.145460 0.008861 0.601590 -4.025800 -0.794980 12.398000
0.237220 0.187440 -0.236860 -6.071800 -5.221700 4.999600
0.149880 0.213840 0.011361 2.635700 17.348000 -2.055400
-0.043949 0.064634 0.038888 10.526000 -11.401000 5.681900
0.040026 -0.029303 0.019014 -2.756000 -4.130400 -2.650000
-0.050029 -0.128740 0.013200 9.267800 13.108000 -23.789000
-0.009076 0.066638 -0.066694 -15.972000 4.310100 -6.236300
0.069047 -0.005738 -0.096015 -6.005000 -8.022500 -7.466100
-0.072534 0.101520 -0.094203 -4.605800 -12.309000 -12.689000
-0.023904 0.042400 0.015395 5.980600 -5.151200 1.330600
0.103310 0.111870 0.057501 -1.324800 -9.403500 -4.231800
0.008578 0.081765 0.079326 -7.590100 -3.150400 -7.149300
-0.073884 0.049823 -0.066101 -2.765200 2.626700 14.774000
0.132520 0.031929 -0.029236 8.445600 -9.504100 -3.542800
0.009267 -0.183550 -0.090149 -7.883400 -1.920100 4.558600
-0.127180 -0.061498 -0.252390 5.340400 0.007818 5.883800
-0.034044 0.078246 -0.024471 13.550000 -15.184000 -6.469300
0.024807 0.020393 0.002476 23.228001 -3.489700 21.056000
0.018836 -0.024989 0.037727 -2.338500 14.989000 -15.667000
-0.021094 0.050875 0.118810 -0.365890 -4.389700 11.146000
-0.175670 0.023371 0.028287 0.215490 1.336100 5.548900
-0.091044 0.134120 -0.067961 -7.506200 3.939800 2.697800
-0.036436 -0.002936 -0.032763 -12.529000 -17.287001 -6.949800
-0.184870 0.043990 0.027133 0.934100 -9.050900 1.590900
0.119930 0.119510 -0.041838 1.763800 4.035200 -1.845200
-0.184470 0.026210 0.112350 -1.763700 1.361000 0.497650
-0.055524 -0.013932 -0.054819 4.237000 -0.001543 21.208000
-0.022628 0.003594 -0.027423 5.353900 -18.806000 13.581000
0.089715 -0.145640 0.003629 7.113100 -1.732500 -1.460700
-0.023459 -0.082214 0.042995 3.220600 9.096300 -0.343090
0.074498 -0.065022 -0.010544 -13.054000 4.937200 0.758110
0.054321 0.524790 0.258580 -0.111320 -9.372100 -4.503800
-0.138900 -0.099109 -0.036079 -4.776800 -9.364700 -11.775000
-0.034438 0.013118 0.032687 4.164600 0.329320 18.726999
0.020042 -0.188340 0.064861 -2.169100 -13.957000 5.328500
-0.177060 0.236910 0.064644 13.322000 -16.422001 -4.546400
0.013253 -0.148060 -0.176420 3.081200 -7.505600 -3.367400
0.144600 -0.126930 0.006461 30.204000 -3.008400 -0.160290
-0.021247 -0.020688 -0.010972 -2.884300 -3.888500 26.870001
-0.041332 -0.015835 -0.020057 -0.428060 0.818820 7.004400
-0.001763 0.032289 0.091179 -2.290100 2.097600 6.005300
-0.020994 -0.082456 -0.053107 15.126000 2.606000 7.664600
-0.050882 0.084471 -0.050598 -3.098000 -1.654300 4.664300
-1.022400 -1.884500 -0.445500 9.015000 15.260000 4.549600
0.042117 -0.025943 0.009852 13.847000 -12.443000 9.038800
0.077880 -0.052259 0.041797 -3.084300 -21.823000 0.675470
-0.012677 -0.100100 -0.192420 1.852100 -1.734800 3.881200
0.020432 -0.032409 -0.063287 0.165010 -1.932200 -5.903300
0.127250 -0.094685 0.054676 -16.481001 -1.294100 -6.301100
0.052918 -0.101360 0.260740 -0.217400 -0.531590 11.427000
-0.155870 -0.015002 -0.018249 6.127800 -2.553500 -3.682700
-0.033482 0.020654 0.039346 1.654300 -5.212900 -3.907700
0.140400 0.252500 0.054744 -8.228900 -9.604500 -4.382000
0.096560 0.114170 -0.046716 5.607500 2.861400 -7.394400
-0.129090 -0.258040 0.102420 -2.320000 2.793900 0.106940
0.086582 -0.150180 -0.142840 3.569900 -13.253000 -10.246000
-0.055258 0.191250 0.187330 0.274380 -7.652800 -4.407500
-0.011122 0.086149 -0.054082 -11.223000 0.025815 -10.157000
-0.040564 -0.023938 -0.050201 23.768999 13.082000 14.797000
-0.090515 -0.364780 -0.000214 -3.165800 -16.469000 -1.376900
-0.065941 -0.123660 -0.124060 1.475700 7.138900 2.796100
0.098709 0.013153 0.001334 6.090100 7.695500 -15.623000
0.022878 0.005428 0.032493 -2.276600 13.361000 -13.786000
-0.019865 -0.063318 0.036241 3.381200 1.312600 9.655100
-0.016820 0.016257 -0.024337 -4.056900 -4.352100 1.658500
0.104990 -0.029658 0.026078 -14.565000 -3.108400 -6.103700
0.035955 0.192650 0.045041 -2.205500 -14.739000 -3.978300
0.029958 -0.248350 -0.111880 2.370100 1.891300 -1.519500
-0.031586 -0.054902 0.137980 0.723890 -8.876000 -0.638980
0.017021 0.039375 -0.010844 -3.473400 1.391900 10.071000
-0.011056 0.095196 0.079142 1.625700 6.681000 5.830000
0.000892 0.027715 0.459690 0.200480 2.336100 18.260000
0.104330 -0.069333 -0.030543 -3.255300 -6.939300 -5.984500
0.027782 -0.032845 0.141650 18.237000 6.254300 3.707600
-0.089358 -0.082793 -0.094673 5.850700 18.898001 28.736000
0.024420 0.011863 0.032150 18.339001 -8.278800 -7.648800
0.014991 0.076966 0.007508 -15.477000 8.975200 -4.237800
-0.207880 -0.254530 -0.465820 -9.015600 -8.783400 -9.975700
0.007032 -0.028568 0.056204 -3.267900 6.988800 9.533700
-0.143020 0.048312 0.083064 21.194000 -1.904800 -11.021000
0.052207 0.003575 0.039988 -8.506400 -5.585500 -8.474400
-0.005241 0.016941 -0.029061 8.213700 -17.146999 0.716910
0.023686 -0.005136 0.015431 -9.821200 -8.630400 1.440900
0.047537 -0.021677 -0.220340 5.315100 -4.237800 2.560900
0.022949 -0.044217 0.182530 -7.250000 3.505600 8.952100
0.056261 0.048159 0.012184 7.726900 -3.093400 -0.416180
-0.065820 0.123200 -0.196840 -2.819600 -5.491300 2.071400
-1.430200 3.379000 -1.375100 -2.575800 5.741900 -2.508400
0.096097 0.042245 -0.138950 -2.479400 0.482910 9.333300
0.039248 -0.081109 0.039929 4.625000 -5.940700 -2.533900
-0.123840 -0.100020 0.065833 -8.583500 -1.867600 5.889400
0.051916 -0.102310 -0.109520 3.699500 -3.431900 5.461600
-0.009911 -0.023691 -0.136430 -0.496750 -0.051694 0.175020
-0.196690 0.017773 0.081804 1.841200 -1.154000 4.053000
-0.069173 0.084292 -0.141520 0.388130 -8.416000 14.258000
0.061251 -0.115720 -0.031488 3.893400 -11.517000 2.119100
0.052634 0.167000 0.253010 -3.438000 -8.762500 -3.205500
0.129610 0.050846 0.205080 4.789600 2.305900 13.400000
-0.043305 -0.205830 0.099326 8.009600 -7.919200 8.348900
-0.001372 0.042918 0.129050 3.095700 1.979000 0.647340
0.420190 0.120000 -0.160610 2.567700 0.420610 -6.723700
0.250830 0.835290 0.798880 3.014400 6.122900 9.731200
0.052146 0.049303 0.029866 21.238001 -3.455900 -14.193000
-0.123710 0.170600 -0.151130 4.133200 -1.108800 -6.847000
-0.058327 -0.078544 -0.023323 4.520700 -8.899300 5.195900
0.148260 0.049420 0.035387 2.969300 -3.015000 7.999900
0.262740 -0.094771 -0.047809 3.772300 -1.397500 4.638600
-0.049003 0.000510 0.005744 4.783900 4.756100 -7.999400
-0.007660 0.164430 -0.026100 -3.505100 -2.506900 3.110900
0.084714 0.099789 0.013933 15.367000 19.716999 7.087500
-0.062773 -0.108770 -0.033232 2.705100 4.314100 -2.472200
-0.001443 -0.002490 0.032018 -11.363000 -8.118700 -11.159000
0.082540 -0.051809 -0.031409 -6.771300 9.545100 -3.957000
-0.212980 -0.201890 0.107350 7.766300 13.343000 -6.288800
-0.012462 0.219400 -0.159460 4.606600 -3.934900 3.993900
-0.141790 0.043635 -0.087567 -1.240000 -0.699090 5.184800
0.226500 -0.095268 0.065837 2.766500 5.488200 -5.759600
-0.038785 -0.018337 -0.043537 -5.461800 -12.648000 8.990300
-0.371640 0.069612 0.157310 -6.110100 2.453200 2.953000
-0.028112 -0.021076 0.000500 -10.038000 18.690001 11.921000
-0.097125 -0.087934 -0.044025 -1.465400 5.834600 -5.224300
0.013414 -0.126190 0.092195 1.579600 16.790001 -1.227600
0.035289 -0.228300 0.022413 -3.373200 0.647530 -3.732100
-0.122510 -0.034465 -0.002908 13.702000 -10.005000 2.237100
0.070825 0.007013 0.011470 9.564600 -1.064700 -2.845300
-0.068305 -0.051394 0.025477 -15.750000 5.398700 -4.066000
-0.125270 0.032075 -0.021202 5.841800 -0.136610 -5.730300
-0.081628 0.003584 -0.012982 -15.568000 11.433000 8.541800
0.022595 0.120460 -0.160180 -1.625300 -6.398000 10.072000
0.222240 -0.478460 -0.146250 6.877600 -8.529300 3.819200
-0.138380 0.185490 0.097869 10.377000 -5.177900 -8.641300
0.067792 -0.092516 -0.167010 -1.126800 5.715100 -23.410000
-0.365560 -0.141010 0.085171 11.216000 1.744700 -2.945200
0.003583 0.070778 -0.029762 7.009700 1.163600 -15.554000
-0.025973 0.049556 -0.008611 11.278000 -6.239300 7.672700
0.013312 -0.031530 0.031370 -5.147200 2.154000 9.711500
-0.103100 -0.100520 0.046690 -5.722500 -8.308600 2.333100
-0.091031 0.071622 -0.033565 12.807000 -8.784100 4.492300
-0.025723 -0.014690 -0.014434 1.785300 -1.101600 -6.535000
0.085895 -0.008155 0.075459 14.791000 -4.794700 2.763200
0.021057 0.046908 0.076536 -2.589100 2.840900 0.331740
-0.064725 -0.075926 0.065546 -3.617100 0.210290 -0.336500
0.006641 0.013287 -0.018671 -6.480900 -10.665000 9.158700
0.087539 0.013462 0.028576 10.247000 12.647000 -14.513000
0.060618 0.002104 -0.009258 -0.511610 6.319200 -0.325300
-0.063705 0.152970 -0.089974 -1.242900 7.929900 -6.404500
-0.025006 0.124880 0.159790 -0.489450 -8.037800 -10.276000
0.456250 -0.438560 0.345050 -3.247100 -2.913000 -1.157900
-0.011424 0.010865 0.004859 -26.063999 15.136000 -0.583160
0.186870 0.022206 -0.048081 4.347900 5.914800 6.943100
-1.488300 -0.502070 0.316060 0.855930 -2.230900 0.405830
0.066249 0.100300 0.188610 -0.432130 0.411610 -2.905400
-0.050398 -0.035270 -0.030369 -7.475000 -15.742000 -6.995000
0.091381 -0.113000 0.150910 -11.231000 13.624000 -3.317300
-0.064406 0.098890 -0.128540 -3.333500 24.598000 -18.478001
-0.012057 0.003803 0.012225 6.673000 -1.035600 -1.930400
0.445190 -0.189760 0.162940 5.388000 -3.078500 3.647700
-0.099103 -0.009410 -0.121470 -5.088000 -11.522000 3.543100
0.016556 -0.110530 0.142570 2.772500 3.145600 7.849300
0.062531 0.146410 -0.055006 -10.402000 -4.499800 -6.801800
0.183540 0.164210 0.210820 5.648200 14.540000 -0.102690
0.069062 0.243750 -0.495610 -1.047700 -6.147800 4.170000
-0.166030 0.207000 -0.055471 -32.141998 23.264000 1.699000
-0.054418 0.008750 -0.134850 2.395500 -0.363060 -0.226400
-0.048529 0.005837 0.024741 1.962700 -1.495200 -10.981000
-0.030408 -0.029833 -0.037385 0.810100 15.315000 3.585800
-0.026083 -0.026341 0.024650 4.279600 6.829900 2.909300
0.159250 0.073864 -0.073426 14.757000 11.018000 2.436100
0.070548 -0.003155 -0.048670 11.510000 6.518500 -8.458700
0.123790 -0.041750 0.130730 0.226560 2.094700 -2.972900
-0.077728 0.170550 -0.031293 7.158600 -4.019000 4.273900
-0.023319 -0.055937 0.026455 -0.846870 2.221200 8.059100
0.066111 -0.012455 -0.040851 -0.727590 -14.257000 2.379000
-0.106180 -0.122650 -0.088245 -9.932000 -22.666000 -6.518400
0.019975 0.040423 -0.062149 -1.139300 -1.844100 -6.653600
-0.048056 -0.044206 0.128020 1.676800 -1.449000 5.619900
-0.136190 0.062306 0.006777 -6.059700 -6.402000 -2.469200
0.104210 -0.090099 0.044758 12.536000 0.569370 4.416800
0.022747 -0.138490 0.046020 0.109860 7.217400 -6.067200
-0.420570 0.352390 -0.069689 -10.111000 14.099000 0.043140
-0.039467 0.047077 0.066621 4.511900 -1.668500 1.117900
0.026586 -0.075300 -0.009226 -17.474001 9.257100 5.671000
-0.002143 -0.024822 0.016022 2.158700 -0.895250 -4.807700
0.057073 -0.001329 -0.074121 9.102100 1.683100 19.524000
-0.072649 0.081508 -0.118750 1.520500 -4.576700 5.219300
0.101940 -0.022557 0.060818 10.012000 9.193400 9.468100
-0.036319 -1.006900 -0.087412 -1.257400 12.892000 1.414900
-0.015085 -0.104580 -0.043549 2.750500 0.774920 -9.412800
0.069518 -0.042287 0.044643 -2.884600 5.609000 -2.788800
0.032014 -0.022130 0.008080 1.708100 -1.692700 -4.550700
0.097288 -0.038389 -0.058823 9.316100 -4.930300 -16.773001
-0.039429 0.027571 -0.049885 -15.103000 2.726000 -7.189000
-0.020390 0.040140 0.005467 -5.053400 9.334400 -5.084500
0.055095 0.067777 0.015961 -5.159400 -12.839000 -2.757100
0.148890 0.013070 -0.004830 0.367930 -7.313600 -11.887000
0.050997 0.102420 -0.020796 17.846001 -13.661000 -1.095100
-0.009125 0.050232 -0.027436 -2.667000 11.256000 14.255000
-0.036019 -0.008228 0.081224 -8.112900 7.516500 12.344000
0.017864 -0.057026 -0.016376 -12.290000 -18.358000 1.907700
0.051042 0.009346 -0.066032 3.392900 0.031793 2.580500
-0.016621 0.050985 -0.025605 -13.595000 1.190300 -6.388000
0.017095 -0.089062 -0.026613 2.089100 17.546000 -6.710500
-0.099227 -0.002068 -0.040471 16.877001 -2.251500 3.938100
-0.174160 -0.186620 -0.033870 -10.635000 -0.270640 -1.240600
0.042615 -0.025827 0.071089 -17.767000 2.120800 -1.572600
-0.028716 0.050159 -0.043873 -0.243760 6.281200 -0.281320
-0.036003 0.003628 -0.019915 -8.482000 0.435170 3.297800
0.049053 -0.038758 0.043053 3.321200 -3.659700 13.935000
-0.072576 0.066197 0.068092 11.016000 0.658190 -7.021000
0.181350 -0.087200 -0.080101 0.675430 -2.940700 3.574900
-0.104190 0.035089 0.066558 0.167290 8.096500 -0.301230
-0.226760 0.218860 0.087361 5.391600 -12.524000 -8.068500
-0.121470 0.035772 -0.054594 10.188000 -0.861080 -2.239000
0.091632 0.030357 0.089417 10.411000 -1.597100 9.975100
-0.108430 0.018385 0.013742 11.597000 -7.625200 1.093700
-0.006694 -0.031986 -0.055910 1.401000 9.867700 -0.983100
-0.081606 -0.055774 0.049064 20.452999 9.450500 3.945800
0.155690 0.392200 -0.318720 -0.753790 -7.482400 5.594500
-0.060373 -0.090767 0.139870 -0.379380 -6.730600 -2.783800
-0.011473 0.084557 0.079269 5.098700 -11.317000 -14.503000
0.021872 -0.104500 0.074326 -3.860800 8.154600 1.992200
-0.135040 -0.137410 0.244980 -6.840000 -2.953400 7.639800
-0.021081 -0.133790 -0.026765 1.918300 6.705800 -7.089800
0.051305 0.095465 -0.002096 5.471800 0.370460 -0.938660
0.104910 0.223700 0.185670 10.138000 7.326300 0.244370
0.045614 -0.105110 0.058263 13.308000 -8.405600 -1.466700
0.048754 -0.043297 -0.062252 -4.817700 9.003400 -1.972100
-0.078632 -0.073512 0.074569 -0.789220 -4.480900 13.681000
0.039267 0.067017 -0.045501 4.676600 14.071000 -7.664600
-0.031732 -0.026599 -0.057728 -7.712200 -7.801300 -0.712070
0.088643 0.033752 0.116260 6.914800 0.381170 -3.658200
0.088755 0.088309 0.072590 9.314700 6.705900 -1.444700
-0.187380 0.305400 0.073137 6.318700 -11.895000 -4.695700
-0.079097 0.062405 -0.066656 10.445000 -3.737800 -3.345600
-0.063700 0.077347 0.161630 -1.402800 5.648900 -1.807800
-0.005192 0.059981 -0.095585 7.780100 4.740000 -14.115000
0.362640 0.351840 -0.309940 4.016500 -0.131480 -4.840800
-0.040512 -0.026744 -0.134120 2.384600 2.457600 -4.075200
0.000073 0.064795 0.008844 -9.161700 13.887000 -0.357180
0.044888 0.011297 -0.027748 -7.788900 -1.508700 7.118400
0.108700 -0.052863 -0.093788 -3.386900 0.574700 -0.727100
-0.096399 0.088672 0.171690 -0.378680 -5.891000 1.386200
0.395170 -0.008555 -0.201090 7.080700 -1.207900 -0.942110
-0.020722 -0.064982 -0.024245 -6.324800 -1.083100 5.404000
-0.291970 0.708960 0.116700 1.485300 -1.822700 -1.376800
0.017586 0.006687 -0.079820 8.793000 -4.017900 -1.173900
0.482490 0.018416 -0.221990 -20.249001 -0.223700 9.983500
-0.048818 -0.039601 0.007392 -4.516000 -1.263800 -36.617001
-0.017787 -0.049709 0.007393 -4.947000 22.631001 -2.950800
0.293900 -0.098100 0.280400 10.321000 2.813000 3.636100
-0.067219 -0.006034 -0.118450 -3.481700 10.085000 10.991000
-0.034690 -0.067636 -0.086696 5.679000 11.887000 6.705500
0.053296 0.263250 -0.027654 3.625000 -0.585950 0.507990
0.047120 0.115270 0.021514 6.690000 -2.064800 -1.921300
-0.070157 0.088908 0.050536 5.450100 -15.873000 -12.953000
0.051164 -0.045936 -0.034678 -3.500000 6.680900 11.036000
-0.090882 0.150900 0.511790 -1.741400 2.281400 -0.289450
-0.056648 0.042556 0.047470 -12.173000 0.358290 14.768000
0.140070 -0.012532 -0.113260 -5.428100 2.166500 5.070700
-0.071754 0.204480 -0.149700 -2.614900 -1.472300 10.030000
0.068524 -0.089415 -0.039163 -0.199650 -1.365400 1.204300
-0.056126 -0.013654 -0.016207 6.153100 6.708900 5.760100
0.061327 0.034289 0.174030 0.270810 8.875100 -10.098000
-0.008085 -0.037662 -0.011807 -25.434000 10.522000 -12.470000
-0.078047 0.039546 0.096946 4.938500 -1.924300 -1.697400
0.159020 0.042274 0.091692 2.089900 0.757880 -2.410000
-0.040366 -0.023576 0.128710 4.206400 -13.675000 2.029000
-0.058346 0.046700 0.089572 2.934400 -4.731600 6.974100
0.114750 0.031606 -0.070788 -3.383200 -3.118600 -10.093000
-0.038566 -0.007128 -0.105700 -0.361000 -12.654000 -13.055000
0.000710 -0.046717 0.020516 -2.978700 -1.699900 14.305000
-0.110390 -0.057569 -0.010973 -1.624700 1.387600 0.543440
-0.223310 -0.015007 -0.080923 0.030287 8.926200 -2.292000
-0.021989 -0.042463 -0.136540 -3.332100 -3.574000 4.502500
-0.086321 -0.107390 -0.079247 10.188000 1.458400 -9.179300
-0.096702 0.024221 -0.300740 8.609100 -0.333030 0.856510
0.051449 -0.015876 -0.186090 3.658300 -2.241600 -7.531500
0.066920 -0.069419 -0.126360 0.174940 -15.052000 -1.649200
-0.107730 -0.024792 -0.126150 -18.745001 0.596580 -23.141001
0.136320 -0.139530 -0.028772 12.679000 -14.869000 0.347420
0.063431 0.070764 -0.017826 8.189200 7.131900 -5.910400
0.021908 0.084696 0.089562 -0.001865 -1.306200 -8.745300
-0.098826 0.022453 -0.084053 14.484000 -1.897300 1.761700
-0.071150 -0.019506 -0.116280 -2.738100 -3.599500 -11.762000
-0.017791 -0.004259 -0.003813 12.360000 -11.866000 16.858999
-0.038760 -0.183830 0.145290 -0.477430 -2.054700 -0.260150
-0.008352 0.013970 -0.060976 10.690000 7.057900 -8.018700
0.171980 -0.023045 0.046394 -22.715000 3.927800 1.998600
-0.001746 -0.098160 0.011492 17.728001 -13.776000 8.277900
-0.004321 0.085328 0.069601 18.673000 -26.801001 3.931200
0.095805 0.037171 -0.193170 -8.320100 -2.095300 6.186600
-0.052535 -0.115390 0.035716 -6.803000 -13.617000 2.918900
-0.054366 0.562020 -0.163710 -4.796600 3.720800 -2.375800
0.065189 0.054271 0.040047 25.660000 12.725000 6.851200
-0.073331 -0.080606 -0.000391 -0.666410 -5.338800 1.983100
0.013256 0.010212 -0.055047 -1.900200 -6.478800 -4.938400
0.049418 0.037899 -0.004646 -8.149400 21.577999 -16.014000
0.054311 0.019700 0.039961 -13.710000 9.822800 -4.232600
0.079542 -0.086441 0.053231 -15.488000 -2.448700 -4.989500
-0.060341 -0.098810 0.135120 -3.011400 4.821600 -6.578300
0.787480 -0.272470 0.056523 -0.200970 0.462880 -0.406360
-0.022533 0.013858 -0.047604 10.360000 1.945800 9.593800
-0.163620 -0.092722 0.087599 25.243999 18.556000 -10.194000
-0.057474 0.022353 -0.022401 10.795000 1.601700 0.800330
-0.032322 -0.095855 -0.032282 2.015900 0.900200 -2.077800
-0.061330 -0.064445 -0.033622 -6.003000 -6.831400 6.146500
0.053012 0.033179 -0.039849 -8.327600 11.288000 -8.769400
-0.162480 -0.268320 0.013839 4.914200 6.789100 -3.682500
-0.046086 -0.094734 -0.047829 8.344600 9.726700 14.369000
0.005878 -0.018876 0.045035 -3.931600 -1.021600 -5.056200
0.335320 -0.186330 -0.010737 2.749500 4.246700 -3.884900
-0.204370 0.066060 0.557330 5.539300 -2.533900 -18.572001
0.307330 -0.072807 0.155380 -10.029000 0.348630 0.989570
0.275690 0.041642 -0.027501 14.135000 4.054800 -1.782300
-0.055401 0.015409 0.001624 -3.822300 13.986000 1.729200
-0.008319 0.013668 -0.095535 5.006500 -5.446600 -5.011500
-0.734110 0.713110 -0.416160 1.405700 -1.268500 0.074927
-0.024146 0.038020 0.092984 -6.176300 9.012100 6.565200
-0.086340 -0.031251 0.057426 -18.434999 -22.761999 17.152000
0.031807 0.164160 0.027449 5.154000 6.334400 -0.608850
0.283950 0.047882 0.002063 13.076000 7.391000 5.825200
-0.025575 0.027615 -0.066926 -7.164600 -4.077700 17.747000
0.048773 -0.029170 -0.014883 -4.500500 -8.248800 -16.275999
0.182760 -0.029760 -0.253360 -8.901300 5.241000 7.714300
-0.047624 -0.120280 -0.071673 10.955000 2.380400 -8.986100
0.049727 0.005730 -0.057423 -5.061000 1.842200 0.289030
-0.017434 -0.047387 -0.277280 -2.431700 1.793400 8.131600
-0.031846 0.016656 0.061273 11.056000 0.344800 -8.973500
-0.014346 0.180110 0.043358 1.441200 -1.020900 -4.460500
-0.038749 -0.020403 -0.040847 7.620200 13.186000 5.997700
0.119920 -0.117520 0.030574 -3.571600 1.907200 -3.968600
-0.141130 -0.005011 -0.073577 13.517000 -4.696400 15.117000
-0.068431 0.025294 0.093141 6.753900 8.984200 3.807700
0.082390 -0.039509 0.097096 0.331950 -15.316000 1.743000
-0.030433 0.069482 -0.076161 0.666500 -4.798900 -17.900000
0.080548 -0.059120 -0.023755 -4.762400 4.180200 -3.030800
-0.017688 -0.123860 -0.013945 -0.610760 8.314300 -0.658470
0.019276 -0.076034 -0.023777 2.170700 8.150500 -2.400000
0.008548 0.235930 -0.124990 -0.715530 -8.180100 0.476720
0.009713 0.031041 -0.184960 0.770050 3.038900 -1.554900
-0.092369 -0.092295 0.021741 1.312200 5.428700 2.802700
-0.337920 0.254900 0.171970 7.097200 2.769400 -5.430700
-0.125010 -0.007206 0.159870 8.644300 -3.905300 -8.441900
0.073142 0.001593 0.016206 -7.539000 -1.074600 -16.743000
0.004870 -0.020458 0.073130 1.278300 -8.216700 -3.816000
0.014139 0.046270 0.072137 -3.675100 -0.111440 9.759400
-0.056924 0.143650 -0.068620 -0.334430 -3.751800 4.433600
-0.036043 0.169690 0.067685 1.065600 22.499001 6.052900
-0.042788 -0.080520 -0.160250 16.841000 -2.255300 -7.065400
-0.029816 0.003363 -0.020384 11.730000 6.946200 4.106000
0.018056 0.072823 0.011762 -1.442300 1.651700 -2.341400
0.068266 0.047031 -0.031975 4.214200 8.796900 -3.779700
-0.122270 -0.057265 -0.185010 11.790000 13.489000 18.216000
0.002178 0.001481 0.028400 -19.924999 17.002001 1.689200
0.178110 -0.044429 -0.062800 6.451000 -2.286600 -10.629000
-0.053384 -0.051476 0.060851 -5.254600 4.605800 -0.967760
0.057810 0.055969 0.100870 -11.412000 -3.975000 -1.573100
0.021139 0.101430 -0.046110 -3.142500 1.173700 10.580000
-0.092962 -0.015417 -0.093972 4.545800 0.663120 6.024100
-0.252270 0.633240 0.248340 0.886430 -5.868800 -3.206700
-0.016659 0.023925 -0.050838 4.375400 8.286900 -1.394600
-0.071589 0.015727 0.043493 -9.615800 2.582300 13.825000
-0.014394 -0.026033 0.000886 12.971000 9.524000 0.967600
0.248060 0.052781 0.043739 5.822800 -1.984700 -1.183900
0.318500 -0.628450 -0.070529 9.289400 -13.854000 -2.020600
-0.365560 -0.372260 0.676510 -10.812000 -7.290200 15.521000
-0.101460 -0.038280 0.055136 8.743900 4.954100 -9.738600
0.086639 0.088379 -0.014323 6.752400 5.245700 -10.653000
-0.029512 0.024327 -0.023041 -3.385000 10.952000 7.377500
0.024354 -0.077699 -0.093895 -6.343900 -17.371000 -2.780100
0.062203 0.027087 -0.026724 1.824500 4.532400 -25.594000
-0.033026 -0.066035 0.033584 -9.717200 4.889400 6.541300
-0.001539 0.046767 0.024257 0.765620 3.445700 3.633800
-0.029309 -0.022649 -0.071928 9.589600 14.658000 19.362000
-0.039082 -0.039643 0.158920 2.348200 -4.269700 -5.833700
-0.038300 0.036205 0.021543 38.731998 -7.539600 -1.349700
0.065865 -0.038830 -0.024339 5.248500 2.902200 -7.893400
-0.145370 -0.140730 -0.059040 7.329100 2.696400 -1.224300
0.140210 0.021205 0.009798 10.392000 -3.991000 -0.651740
-0.001997 0.030038 -0.018438 4.990600 -2.730000 12.548000
0.028581 -0.046340 -0.006810 5.485400 2.135100 -5.391200
0.018711 0.047519 0.036126 1.526200 5.188600 -6.733600
-0.028826 0.059083 -0.093518 -1.919400 11.063000 -0.508670
0.058181 0.070777 0.079883 -11.886000 -0.177760 1.513100
-0.112870 -0.024311 -0.066616 1.005600 -3.546900 -0.433070
-0.062202 0.042407 -0.216450 -2.691200 -2.570900 -0.275960
-0.012783 0.006874 0.021609 13.381000 7.727700 -13.098000
0.002520 -0.064879 0.137200 2.664600 1.906100 -12.535000
-0.062291 0.211500 -0.035520 0.777380 8.459100 -4.849900
0.222730 0.312070 0.347920 4.941500 12.035000 9.435300
-0.164630 0.479470 0.332180 7.716900 -20.889000 -18.627001
-0.035967 0.239910 0.089430 -0.877240 3.149400 4.383700
-0.554040 -0.252560 -0.282390 7.981300 6.009400 5.235600
0.065061 -0.030259 0.045165 -11.001000 1.897200 -2.937300
0.004065 0.018497 -0.077350 -4.351800 2.987600 -2.443800
-0.050454 -0.015987 -0.020172 1.815100 -5.548200 2.099900
-0.111290 -0.036224 0.009047 -10.039000 -5.652700 12.785000
0.113690 -0.239510 0.031247 -3.733900 6.559800 -0.487570
-0.001071 -0.015106 -0.039602 18.068001 2.189200 -24.174000
-0.007649 -0.042542 -0.090765 1.992300 -1.128300 3.371600
0.383380 -0.074364 -0.351780 -11.918000 1.605300 13.048000
0.001935 -0.102590 -0.003650 -0.365900 4.038100 0.764090
0.174010 0.135830 -0.113010 3.353000 8.607500 -8.836100
-0.045663 -0.031681 -0.132120 10.754000 -2.257200 -4.503800
-0.005264 -0.081466 0.011424 -1.031600 -0.365720 -10.337000
0.046293 -0.123090 -0.115920 -16.180000 4.079400 0.114510
0.035922 0.201420 0.299440 4.764800 3.519600 9.118700
0.307380 -0.170600 -0.100080 23.052000 -11.527000 -8.580200
0.014416 0.039543 -0.054893 -6.341200 -15.377000 4.594700
-0.274370 -0.263120 -0.281910 1.055800 0.984100 0.655860
0.096566 -0.080286 -0.157640 7.573800 -11.872000 -7.924400
-0.110600 -0.103790 -0.108650 8.451400 8.185100 8.203300
-0.228600 -0.003038 0.008266 -5.018400 -3.031900 -5.185900
0.049157 0.010598 -0.143920 -6.813400 -5.234500 5.697000
-0.008873 0.144000 0.104570 3.277300 11.783000 16.688000
-0.012746 -0.012410 -0.007681 -12.720000 -10.546000 -0.942680
0.071820 -0.036734 -0.041749 -6.373900 -2.202100 -0.013370
0.079123 -0.002935 -0.077438 12.064000 4.436900 -8.375100
-0.018878 -0.042855 -0.125370 -3.017900 -4.660400 13.262000
0.199350 -0.230200 0.015891 -3.944200 -4.840300 7.233600
-0.111310 0.050057 0.086943 0.975540 -2.548200 2.971400
-0.053700 0.082538 0.023429 -1.198000 -18.906000 -12.187000
-0.040091 0.051487 -0.044837 -15.477000 10.696000 -11.325000
0.095943 -0.054107 -0.031201 -11.719000 12.558000 6.915800
-0.292930 -0.162000 0.033314 -2.963900 -1.625900 2.909300
-1.099600 -0.015293 0.252150 -2.012800 1.583200 -1.408600
0.025828 -0.071711 -0.083818 -11.768000 6.204800 0.290800
-0.276420 -0.030296 0.543890 3.130600 -4.685900 -14.161000
-0.028238 -0.148310 0.022354 5.794100 -3.946200 -1.197600
-0.009727 0.095889 0.109600 -3.603700 -5.971300 -0.496490
-0.314360 0.025542 0.311060 -6.926900 -2.778800 10.896000
-0.035520 0.006977 -0.052537 -1.698900 -6.114700 -6.637800
-0.019980 -0.236030 0.188850 0.014577 7.601100 -4.493300
0.054080 0.049507 -0.038288 -10.906000 -2.930200 -0.346520
-0.089575 0.128050 -0.048934 1.016900 6.875400 -3.153400
-0.024083 -0.163480 -0.401820 -1.962100 -1.437200 -22.296000
-0.060000 -0.150650 -0.121880 -1.969700 10.582000 0.067721
-0.325710 0.093263 0.203500 21.862000 -2.775500 -9.193700
-0.252040 0.014817 -0.031206 34.327999 -1.818600 16.506001
0.330060 -0.334290 0.197370 -12.842000 8.748000 0.052151
0.102500 0.164270 0.150650 2.726300 1.474700 12.291000
0.031645 -0.017818 -0.181930 -2.838800 -9.698800 2.483300
-0.150450 -0.034305 0.063663 -0.947100 7.356000 -14.343000
0.016984 -0.123400 -0.108850 -3.515400 -1.521900 -1.581400
-0.047026 0.099942 -0.082769 -12.465000 11.601000 -26.291000
-0.037760 -0.001630 0.102130 -2.567700 -9.665500 -7.712900
0.022493 -0.039054 -0.113020 1.778300 1.597200 -4.106000
0.053893 0.006623 -0.080960 2.446900 -2.233000 19.650999
0.022606 0.172280 0.019523 1.569800 0.743550 0.220710
-0.133370 0.231030 0.144570 5.281200 -5.195700 -9.575400
0.044925 0.004968 -0.023964 9.250300 -7.670300 12.446000
0.089121 0.036491 -0.042434 -26.760000 0.591470 20.561001
-0.081229 0.091171 0.033464 9.895700 2.248100 -1.198400
0.109080 -0.340120 0.071116 3.922900 -15.126000 7.975900
0.118840 -0.024646 0.110650 -3.297300 4.641900 16.125000
-0.315050 -0.227830 -0.344640 9.799600 8.409100 12.543000
0.018093 0.056172 -0.092701 4.602200 2.407300 -10.213000
0.035407 -0.018463 -0.010896 -9.354300 7.406200 4.453800
-0.105140 0.189740 -0.143400 5.618900 -9.765300 3.400900
-0.062599 -0.110030 -0.052029 2.722000 1.468800 0.167680
0.034610 -0.001869 -0.017455 8.821600 -1.753600 -3.993100
0.172640 -0.110980 -0.194540 -5.424600 3.426200 3.650700
-0.126150 0.051972 0.052303 -10.567000 11.992000 -7.751600
-0.071634 0.021229 0.030217 -2.432400 -0.117210 2.083000
-0.303730 0.322910 -0.165720 0.335770 2.073500 -3.502600
-0.018563 0.063140 -0.107270 -2.899700 0.249420 -5.435500
0.211810 0.022484 0.141530 7.389500 2.774000 9.144700
0.116630 -0.001725 0.087935 2.318500 3.463000 13.027000
0.088350 -0.001068 0.109140 -2.886900 -3.066000 2.727400
-0.194390 -0.049838 -0.032736 1.590300 -5.552100 -4.653300
0.226080 0.106050 0.094790 -5.200700 -0.921970 0.224370
0.289060 -0.466080 -0.205290 -8.877400 7.706500 5.542900
-0.094973 0.123740 0.012283 6.433600 -3.664800 -13.220000
0.026902 -0.031955 0.057913 2.159000 3.203500 5.832300
-0.226480 -0.255050 -0.089045 -11.592000 -13.355000 -4.649200
-0.046107 -0.031067 -0.000080 12.014000 12.340000 -16.662001
-0.008044 -0.001193 0.025468 10.681000 -2.491100 6.231300
-0.068689 0.053162 0.111550 -0.336030 8.717500 -22.229000
0.196170 0.040319 0.189440 0.291190 -1.334000 0.499390
0.069288 -0.026264 -0.048245 5.696300 4.492700 5.633900
-0.004742 0.015030 -0.032603 -3.210400 0.933590 5.629100
0.035005 -0.032878 -0.041157 18.341999 1.564200 -6.961400
-0.012050 0.037320 0.026288 0.277110 -6.739100 14.483000
-0.033436 -0.031572 0.169550 5.747300 -14.137000 18.142000
-0.053425 -0.038726 0.088227 2.983300 -9.357500 9.303700
0.047041 -0.149170 -0.137290 -1.064400 -7.506000 -8.980900
-0.047660 -0.012130 0.104960 1.427800 -2.382400 19.518000
0.078498 0.140190 -0.208880 0.549950 3.023200 -5.358100
0.102710 0.048367 0.043491 -7.088100 9.460100 -5.489600
-0.085873 -0.057264 -0.037852 -15.302000 2.016300 -10.785000
0.275390 0.074805 -0.178490 -6.537200 1.859400 11.222000
0.122130 -0.008930 0.104030 19.945000 8.755000 3.219300
-0.079956 -0.028217 0.118660 3.422100 4.050900 1.946500
0.054240 0.073316 -0.003929 -14.957000 13.162000 -12.845000
-0.006629 0.016761 0.039942 6.009800 0.880400 -18.384001
0.064159 0.034510 -0.089971 3.584600 -0.852410 -1.147200
-0.017551 -0.078019 0.240390 -4.646000 -2.785300 4.713300
0.550660 0.128020 -0.541000 1.731900 -0.097346 -0.415980
-0.098049 -0.115400 0.019101 5.608400 -0.689990 -0.652540
-0.055779 -0.012608 0.075207 -7.321600 -0.440100 12.326000
0.056881 -0.100590 -0.066477 -4.037400 30.148001 18.809999
-0.195490 -0.411630 -0.204280 -2.249800 -3.225400 -0.840610
0.272440 0.039085 0.015617 7.464200 3.114300 -1.421300
0.033534 0.004974 -0.019854 -3.614100 9.607600 -5.065200
0.142250 0.129160 0.158180 -6.220400 -4.002100 -2.344600
-0.144280 -0.161460 -0.110020 -14.965000 -6.212700 0.095186
-0.005702 -0.037791 -0.011675 -8.071800 -2.256000 7.362500
-0.014181 0.013694 -0.010341 -13.693000 -0.483520 -5.692400
0.008005 0.289400 -0.093534 -1.294700 -3.467800 -1.713300
-0.039193 0.030963 -0.141390 -8.732700 -0.291440 -0.456330
0.091742 -0.034189 -0.025910 1.869300 3.098000 9.533700
0.014672 0.001362 -0.113240 -5.607200 -7.966700 0.745220
0.107680 0.345030 0.433890 2.606300 7.013300 1.948700
0.068110 0.080570 -0.013867 12.583000 -3.171300 3.896100
-0.110970 0.089155 -0.073687 19.134001 -7.440000 2.922000
0.126320 -0.004374 -0.013659 12.582000 1.230400 1.079600
0.082531 0.000846 0.005077 -7.308100 -6.788800 -1.907700
0.123110 0.001527 0.064242 -2.388300 -5.360700 -5.675700
-0.043256 0.063153 0.202910 -0.486860 3.770200 8.338000
-0.079924 -0.115610 -0.011727 0.766830 1.302500 -2.680800
-0.023120 0.132020 -0.009218 -8.746300 18.902000 -12.708000
0.022011 -0.130400 0.154640 -3.658000 -4.814300 4.297700
0.004425 -0.041251 -0.082390 8.983800 -2.327400 6.361700
0.048841 0.063539 0.010302 0.313560 -2.908600 -10.877000
0.026767 -0.033504 0.055933 2.754300 2.397700 8.781400
-0.110830 0.060093 0.093822 -13.175000 -1.557500 2.448700
-0.010401 -0.049077 0.030388 -0.853630 -11.716000 -1.270600
-0.022967 -0.053525 -0.025788 -4.384800 5.568700 14.742000
0.215120 0.153730 -0.035494 -10.942000 -4.983200 3.995300
0.045192 -0.004394 0.058632 4.457600 -1.208400 -2.235800
0.055736 -0.577520 -0.443140 -3.139600 -0.077869 1.396900
-0.022967 -0.126900 0.295360 -3.455800 -2.428300 6.967400
0.005444 0.057238 -0.053306 0.068964 11.557000 -3.769500
0.247970 -0.168410 -0.075390 -16.627001 3.793100 4.855600
0.108330 -0.027483 -0.075061 1.333100 2.350100 -6.236900
0.097504 0.086254 0.072743 -9.706700 -8.124600 -1.877600
0.176120 0.117160 -0.080535 0.009444 -2.690500 2.363400
0.031213 -0.017437 -0.044684 1.802200 9.693900 4.418100
-0.023710 0.081094 0.005396 4.913300 -24.141001 6.042400
0.034475 0.045292 -0.004652 -3.877900 -8.927100 13.970000
-0.210940 0.078727 -0.103250 1.794200 3.582600 -1.132900
0.095533 0.031269 -0.116580 3.818800 -7.976800 -0.214610
0.083454 0.055892 0.061764 17.077000 2.259000 30.441000
-0.075053 0.027077 0.044925 13.143000 -11.383000 5.699200
-0.113820 0.247260 0.210550 1.191300 -8.457700 1.102700
-0.164700 0.074393 0.094509 -4.117300 3.701100 -0.029034
-0.024678 -0.035153 -0.190260 13.264000 8.824600 -0.410330
0.131900 0.272360 -0.342370 -4.110500 -5.370700 11.190000
0.030927 -0.032014 0.020243 -10.526000 3.708800 -6.497500
0.041201 0.027061 0.018951 2.900300 9.296300 -10.925000
-0.016356 0.018980 -0.006938 5.261300 -25.433001 -8.046400
0.227020 -0.153660 0.163590 -2.350300 4.883800 -1.657100
0.105340 0.076166 -0.082573 -6.847900 -17.145000 8.247100
0.099916 -0.035568 0.156470 0.537200 -2.132400 7.032400
0.071197 0.095154 -0.043550 -11.738000 -3.454100 2.844900
0.599470 0.152420 -0.105350 13.931000 5.074600 -1.477500
-0.041696 -0.004056 0.031864 -8.753900 -5.108600 -7.175000
0.000650 0.000899 0.045168 -13.535000 -21.247999 8.034400
-0.030448 -0.038271 -0.002157 14.871000 1.025100 -13.713000
-0.078996 -0.254660 0.098567 2.701900 8.615000 -5.363200
-0.019491 0.258990 0.148140 0.751940 2.164800 7.352600
-0.087869 0.026901 -0.102750 5.020100 -7.352400 5.890200
-0.005511 -0.031330 -0.050898 11.874000 -0.275310 -9.861400
0.106320 0.285330 -0.187810 2.257800 -3.408900 3.838400
-0.005245 -0.162540 -0.384950 -0.354230 0.988230 4.766800
-0.047929 0.048443 -0.198650 -3.908000 7.234800 -42.798000
-0.069672 -0.071839 0.064081 -2.926500 -3.368100 5.965800
0.021077 -0.012560 -0.007597 15.282000 -17.267000 -3.779800
-0.035865 -0.317200 -0.090866 -6.391200 -9.952300 -5.820200
-0.154020 0.216570 -0.020955 -0.931370 8.276900 3.117800
-0.124610 0.050567 0.042561 5.238300 -0.200140 3.224100
0.003208 -0.148370 -0.041178 4.687300 -2.024100 -9.853600
0.029946 -0.062227 -0.055358 2.349100 5.942200 -3.051400
-0.057024 0.000521 -0.012983 3.251100 -10.275000 10.695000
0.034473 0.040295 -0.001057 9.635800 -8.523200 8.324200
-0.023917 -0.105220 0.047494 -3.645600 -4.066500 -4.572400
-0.101760 0.075389 -0.029858 2.942000 -8.621000 9.745300
0.020079 -0.059380 -0.022022 5.003500 8.622200 -2.358600
0.057851 0.047757 0.017232 2.997400 -8.342500 -8.284200
0.012299 -0.033012 0.074988 -0.520820 40.173000 -14.521000
-0.184540 0.134420 0.133280 9.561900 1.300100 -10.129000
0.051210 0.061315 0.081245 -3.938700 5.874100 -3.895600
-0.272610 -0.270190 -0.093911 -2.090100 2.713100 -2.104600
0.062905 -0.014326 -0.115830 0.740950 -5.806300 4.421900
0.008595 0.044041 -0.113830 3.918100 0.912420 -2.836600
0.030878 -0.045252 -0.020962 -4.499000 -1.229400 0.841140
-0.011752 0.012327 0.078732 3.968100 -4.737100 -9.969000
0.051849 -2.630800 2.898800 0.207450 -3.352400 3.301500
-0.035463 0.045368 0.073313 -7.116700 5.627900 11.745000
-0.104390 0.009014 0.028943 5.871500 8.482300 -3.598800
0.052892 0.053951 0.041864 3.664800 14.670000 -3.616100
0.072119 0.018049 0.008235 1.920200 10.297000 1.388300
0.051680 -0.058425 -0.093927 7.441900 -15.089000 1.896800
-0.219250 0.398060 -0.070119 7.244800 -11.678000 5.798700
-0.141670 0.131260 -0.024044 6.850100 -0.595820 1.413800
-0.037358 0.022258 0.012846 6.851700 8.039000 12.592000
0.059023 -0.050344 -0.042609 -9.168300 0.110460 -0.592890
-0.034971 -0.023231 -0.000435 -1.429200 20.485001 -9.078300
0.067708 -0.266710 0.090761 4.646900 -27.240999 9.540700
-0.049823 -0.098460 -0.028422 -0.210730 14.200000 -7.000800
0.342850 -0.918470 -0.168040 5.524000 -17.843000 -4.694300
0.055748 -0.058293 -0.078640 -9.320200 2.026900 -20.181000
0.005000 -0.032091 0.013231 -15.386000 5.848900 2.481700
0.060815 0.024457 -0.006595 15.409000 4.467600 6.484000
-0.004793 -0.036215 0.020332 -4.020000 15.937000 -1.475900
-0.117950 -0.200500 0.120500 0.685710 -4.269400 -3.952300
-0.113890 -0.229360 0.143550 0.310000 0.172370 -1.109200
0.437410 -0.292600 -0.467550 -19.957001 7.636700 18.872999
-0.070143 0.094048 -0.015132 -0.551420 12.587000 -1.981900
0.014417 -0.055324 0.025102 14.886000 0.163450 9.037600
-0.289750 0.021196 0.050850 9.346800 -1.170800 -5.472800
0.040288 0.020137 -0.023285 -2.239500 4.522200 -0.201410
-0.054175 0.021141 0.149360 -8.640000 5.730000 8.506800
-0.024667 0.133010 -0.026845 1.811200 -7.188200 3.254800
-0.052049 -0.014495 -0.043061 -5.165100 0.728360 1.781800
-0.148500 0.075702 -0.308210 -1.306700 1.117000 1.332700
0.047771 0.056189 0.004769 -4.871300 -5.090400 4.385100
0.442650 0.318850 -0.967300 -10.174000 -5.531300 20.400999
0.030737 -0.178520 -0.027885 12.133000 -27.156000 -0.888330
0.091626 0.081804 0.062335 0.410520 0.486210 -2.132500
0.090401 0.062129 -0.098523 -9.314300 12.817000 -6.823100
0.039846 -0.020700 -0.125940 -1.392300 -1.774800 4.712800
-0.041250 0.051325 -0.064878 -3.407900 11.755000 9.074600
0.010116 0.063365 0.010992 11.433000 -8.276500 19.872000
-0.043033 0.074596 -0.014965 -3.104100 -8.261400 -12.778000
0.002643 -0.014805 0.141350 10.068000 6.402400 1.587000
-0.014080 0.097276 -0.180000 1.009800 22.709000 -9.684300
0.019488 0.038344 0.032192 7.235000 5.316100 1.373900
0.171900 -0.433540 -0.311960 -2.651600 4.323000 1.209300
-0.028717 -0.070375 -0.109510 -3.611200 -6.354300 -16.368999
0.159270 0.077532 -0.165850 3.738100 5.154700 -7.013800
0.036117 0.008203 0.053007 13.222000 -3.909500 -15.930000
-0.296440 0.064785 0.253850 10.852000 -3.795700 -11.923000
-0.010639 -0.035574 -0.015009 -9.158400 3.310300 11.276000
-0.003509 -0.033135 0.037987 -11.904000 6.293500 0.030444
0.059171 -0.067252 0.015435 12.366000 -6.101000 11.334000
-0.012205 -0.079926 0.082638 4.244500 -0.402880 -9.375400
-0.209900 0.058422 -0.003013 14.239000 -5.368500 3.350300
-0.041244 0.215580 0.198510 1.510100 7.750400 12.013000
-0.001551 -0.058556 0.158920 -8.937800 -5.195600 0.714660
-0.027696 0.030511 -0.009259 -15.255000 10.444000 -1.900500
0.232070 0.074955 0.094907 -5.365500 -2.301800 -5.751100
-0.039998 0.008246 0.040985 -1.479000 7.493300 -5.729800
0.026027 -0.054764 0.050709 -22.337000 -14.374000 -3.033600
0.033866 -0.005644 -0.021887 -8.948500 13.338000 -1.816200
-0.031595 -0.002855 -0.134630 3.191000 6.073800 -14.033000
-0.049129 0.020616 -0.109560 -10.804000 -9.328300 1.137500
-0.166130 -0.101920 -0.101830 -5.839400 5.702700 -6.111900
0.013056 0.038165 0.018832 -1.974600 5.208100 8.537900
0.014751 -0.051398 -0.035746 3.897500 -2.308100 9.206600
0.085404 -0.148720 0.088033 1.667200 -0.769840 1.195500
-0.061169 0.009231 -0.180140 0.420210 2.463700 0.680750
0.044156 0.086301 -0.019971 10.573000 5.048200 10.678000
-0.032596 -0.026644 -0.064627 -1.958000 4.687000 11.351000
0.017400 -0.123320 0.004785 -0.667710 2.887400 -5.562500
0.052547 -0.005303 -0.026703 -0.430080 -3.768700 -3.921900
0.048262 -0.049337 0.020356 -10.815000 5.646400 -7.928400
0.163860 -0.234110 -0.042506 0.378530 -5.262200 -1.072200
0.148670 0.378960 0.071977 5.253300 17.959000 3.006300
0.121430 -0.002868 0.016706 -3.415100 5.090500 5.197400
-0.006430 0.065461 0.052984 14.447000 -2.373300 9.302400
-0.071635 -0.162990 -0.021511 12.378000 21.372000 -2.862800
-0.059712 0.005789 0.041416 12.098000 -9.794900 -6.549000
-0.136570 0.054764 0.161340 -2.272500 -6.076900 -3.156200
0.107660 0.071795 0.075363 0.711240 -0.917800 5.008700
0.028071 0.053489 0.016861 15.827000 0.747060 -4.193400
0.039526 -0.142170 0.019669 1.979500 2.837200 -6.465000
0.065101 0.312090 -0.070965 9.864600 10.240000 -3.611100
0.147730 0.076541 -0.010220 6.847900 0.042559 6.238400
-0.076054 0.085158 -0.002464 7.518100 3.669500 3.436400
-0.011423 0.067884 0.003745 4.357900 6.895700 7.129700
-0.023473 0.003720 0.009839 1.796900 8.525300 11.073000
-0.095419 0.030553 -0.020696 -0.816100 11.658000 0.368680
0.119310 0.068675 0.113010 6.383200 -5.097000 4.289800
-0.124470 0.031591 0.012186 -10.847000 0.872970 -4.334500
0.064819 0.026665 -0.029759 19.084999 -0.830380 -14.107000
-0.100750 0.030907 -0.044258 -4.775800 0.875920 0.430680
-0.062948 0.040202 0.025945 12.037000 1.718600 -14.231000
-0.020570 0.008299 -0.069681 -18.552000 7.615700 -5.417400
-0.171250 0.074033 -0.108240 -8.694500 5.910000 -26.406000
0.083880 0.155370 0.064654 -4.505100 14.865000 4.728800
-0.018454 0.010814 0.076222 -2.266100 0.903730 -14.815000
-0.152310 -0.057138 0.084765 -0.673540 -7.505200 -1.182700
0.074487 -0.153260 0.194330 3.551800 4.619700 -12.093000
0.114520 0.041020 0.045529 -8.915400 -11.919000 -10.998000
-0.031958 0.035932 -0.015197 -7.313700 11.767000 21.955000
-0.050492 -0.019414 0.124340 2.169000 3.845000 -6.628500
0.053031 -0.063659 -0.058279 13.058000 -13.835000 -9.181000
0.040312 -0.019321 0.047230 3.930900 -6.339200 -2.200000
0.034468 0.011669 -0.030623 4.733100 3.046300 7.586300
0.112780 -0.003105 0.027916 -21.917999 7.921400 6.840900
-0.131200 -0.066595 0.018448 7.167600 -1.624200 -6.546200
0.052145 -0.062189 -0.026031 14.994000 -8.983200 -20.202999
0.157220 -0.019687 0.006329 -15.479000 2.388400 -3.841500
-0.095797 0.470260 -0.010070 1.880300 8.915500 2.136300
-0.103120 -0.068288 -0.105430 4.638600 4.121900 -2.746600
-0.075059 -0.467670 -0.570510 -0.709780 14.083000 11.283000
-0.038267 -0.027121 0.078350 4.109800 0.709370 1.400500
-0.106740 -0.098898 -0.135290 13.682000 5.267900 5.869500
-0.070246 -0.040874 0.092870 15.456000 -0.841140 -26.136000
0.020761 -0.046604 0.017337 -12.833000 -17.865999 -16.368999
-0.048433 -0.030280 -0.285930 0.271660 0.614360 -2.887800
-0.097091 0.017959 0.196320 -0.304030 -5.899600 -16.100000
-0.116860 0.077118 -0.109650 16.671000 2.066300 11.720000
0.002433 0.022717 -0.031271 4.410100 -5.725100 -1.042300
-0.026289 -0.039014 -0.132740 12.947000 5.384400 25.221001
-0.013935 -0.019018 -0.020637 -6.407500 12.082000 10.092000
-0.053672 -0.316330 0.167610 2.035800 -8.517700 7.435600
-0.092800 0.116970 -0.044637 7.973400 -16.149000 3.242500
0.091761 0.059940 -0.045017 -5.494100 5.354300 6.033300
0.050549 0.066177 -0.076611 5.280800 4.614200 -7.701500
0.098428 -0.022416 0.000552 -6.592900 -5.328700 -15.764000
-0.016864 0.018548 0.010517 18.523001 -18.132999 3.199300
-0.059762 -0.166530 0.011204 -4.303700 -16.112000 6.306000
0.152850 -0.072492 -0.036314 -3.821900 0.676270 1.440300
0.094573 -0.057107 0.107910 3.025200 -4.701500 -10.595000
0.030883 0.007233 0.020056 16.611000 -2.924500 5.632200
0.059853 0.049185 -0.038897 5.601900 -14.111000 -4.403700
0.051291 -0.075100 -0.018406 -14.014000 5.374000 14.397000
0.092179 -0.023314 -0.058637 -0.123430 5.624100 3.966600
0.112310 0.009835 0.157080 1.681200 -0.749160 -6.961900
0.013668 -0.066362 0.014088 2.021300 -8.911800 4.557900
-0.184150 -0.135510 0.177950 5.799900 10.311000 -3.891500
-0.015412 0.013812 -0.031329 -4.925400 -10.659000 -12.599000
0.114470 -0.092712 0.026863 -4.336400 -2.421300 4.872600
-0.096613 0.057136 0.089270 4.221700 -3.570500 -9.514800
0.136090 0.090607 0.001131 -10.036000 -3.551200 -3.319600
0.003250 -0.079266 0.012941 -14.078000 -2.613700 -7.956700
-0.038200 -0.139310 -0.017976 2.887400 -11.355000 -0.113870
0.081839 0.115700 0.114510 -15.817000 -9.742600 -4.768300
0.131200 0.333270 -0.287000 6.715000 10.923000 -14.504000
-0.038580 -0.019322 0.082716 5.981900 9.398000 -14.986000
-0.012408 -0.122220 0.059793 4.750400 -16.764999 5.855200
0.055879 -0.233860 -0.151070 3.936900 11.392000 2.442900
0.269850 -0.057972 0.147620 -3.614600 1.011200 -7.758300
0.019991 0.047295 0.013364 3.944800 11.745000 25.667000
0.110730 -0.054466 0.085584 -4.663200 4.629800 -0.481730
0.006861 -0.050623 0.006661 -4.564000 11.065000 3.894400
0.013728 0.019462 -0.035837 16.146999 11.479000 4.667800
0.151440 0.082271 -0.017664 -17.698999 -4.608300 -7.037600
0.079903 0.048902 0.036887 -1.809900 -11.532000 1.858700
-0.041562 -0.038605 0.024684 16.688999 -8.474300 2.697400
-0.043576 0.131430 0.108510 -2.144100 21.114000 19.438000
-0.026423 -0.062482 -0.262920 -3.775000 4.073100 7.005000
-0.056330 -0.042863 -0.284160 -1.756400 -3.524200 -8.801800
-0.000722 0.037315 -0.061472 -7.513300 -12.302000 -17.830999
0.000993 -0.094183 0.137510 5.622500 -7.985900 13.429000
-0.196840 -0.027756 0.094155 -13.629000 -4.845400 0.337970
-0.031195 -0.021573 -0.005644 6.071600 9.514000 -4.896900
0.078832 0.034073 -0.032453 7.274600 -10.944000 -2.303800
0.004361 0.064662 0.005203 1.176600 -3.232200 9.776800
-0.033445 -0.087410 -0.084886 0.295450 -9.388900 -3.578900
-0.005758 -0.042776 0.072995 -6.745100 3.191300 -8.816200
0.209540 -0.164000 0.040575 13.661000 -2.876400 -1.871300
-0.097127 -0.213810 -0.119450 -1.210400 11.772000 12.427000
-0.224620 0.403180 0.015040 3.807600 -13.773000 -0.464020
0.041593 0.030407 -0.123610 -1.210400 -7.813900 11.703000
0.033876 -0.276170 -0.042076 1.760400 15.110000 -5.719900
0.186480 0.017156 -0.162780 7.799000 0.933500 -11.645000
0.020872 0.044919 0.127730 -13.794000 -10.474000 -21.416000
-0.064663 -0.059813 -0.016197 0.510960 6.219700 14.062000
-0.003695 0.041643 -0.087555 -6.390200 2.252700 -19.476999
0.144700 0.025221 -0.279820 5.256700 1.048200 -20.795000
-0.010984 0.007411 -0.036189 -13.050000 4.453100 -9.094000
0.117970 0.051656 -0.010454 -10.931000 0.158100 -3.955000
-0.075848 0.171050 -0.166420 -3.537100 9.035900 -11.046000
-0.004068 -0.166300 0.080172 5.616700 -18.315001 2.379200
0.022413 -0.020633 -0.076527 -7.979300 2.862500 -1.959600
0.013683 0.222610 0.011391 -2.393400 6.665100 -8.448500
0.000275 0.083521 -0.081076 3.152400 5.419000 13.434000
-0.029604 -0.027843 0.051721 13.275000 3.419400 4.522200
0.079660 -0.083578 0.137280 -14.001000 13.893000 -17.881001
-0.056782 0.075330 0.144000 -6.028600 4.280700 25.881001
-0.231640 0.084481 0.332340 8.097100 -0.410050 -7.267900
0.096340 -0.067287 -0.017827 14.630000 -7.013300 -9.004600
0.322400 0.079735 -0.059242 -11.794000 -2.211500 2.785000
0.034268 0.021770 0.085242 -1.376300 6.739000 -1.871200
-0.123080 0.105670 0.256740 0.818060 -2.048500 4.848000
0.048109 -0.072607 0.089319 2.678900 -1.799500 -9.370400
-0.228000 -0.239760 -0.076753 -11.806000 -10.537000 -1.544300
0.107630 0.001439 -0.193310 1.718000 7.489400 2.360800
0.033048 -0.122690 -0.079843 3.284300 8.299100 7.244500
-0.121080 0.041022 -0.124970 -7.737600 3.643700 -4.460700
-0.082288 0.033529 -0.071304 8.724900 -2.972100 20.627001
-0.036503 0.187940 -0.253090 -4.046700 19.115999 -20.798000
0.039226 -0.022476 -0.104740 -5.745000 10.190000 10.888000
0.039285 -0.034848 -0.143810 6.672400 15.759000 -14.949000
-0.163890 -0.094950 -0.087665 3.851800 9.960800 -6.480700
-0.039977 0.020575 0.008545 -2.517900 0.623980 -11.921000
0.074534 0.069145 -0.065734 3.551300 10.125000 -16.579000
-0.005461 0.024936 -0.002356 6.172300 6.202700 -8.083400
-0.011472 0.017882 -0.011489 4.974200 4.922800 2.834000
0.039640 0.011981 -0.078578 -10.957000 -5.354500 2.001900
-0.039792 0.100320 -0.026768 -2.872700 17.072001 3.810900
-0.018621 0.054185 -0.031255 -0.924420 11.763000 -3.344200
0.051448 0.073901 0.067570 9.287900 -13.147000 -8.471600
-0.013642 0.020236 0.025807 3.022500 6.014700 -5.981500
0.099064 -0.071192 0.063629 2.323600 -0.297810 -3.279400
-0.012622 0.075995 0.016433 4.858700 0.519920 3.358400
0.010566 -0.060977 -0.020330 3.539100 6.711900 -12.610000
0.003050 -0.007923 0.048625 10.822000 -5.899200 3.902800
0.035464 0.033188 -0.014304 -9.898700 18.546000 -13.978000
0.012530 0.024518 -0.042334 3.051200 6.692100 20.031000
0.031613 -0.037044 -0.083291 6.104900 -9.026900 1.379100
-0.092120 0.045326 -0.010691 -27.472000 10.640000 -2.656900
0.018909 0.102000 0.017317 1.836600 3.892900 2.316400
-0.041476 0.183230 -0.114040 7.115800 4.445700 4.805000
0.045809 0.273000 0.041350 6.760700 5.511700 5.325000
-0.010874 -0.001555 -0.101400 6.819300 1.658700 4.313300
-0.011493 0.006688 0.024187 14.383000 11.540000 -6.389000
0.268570 -0.416970 0.015247 4.097100 -4.644800 -1.863100
0.006665 -0.031850 0.017415 1.836400 17.296000 -5.636400
-0.046076 0.012511 0.034063 3.543100 -2.140800 -11.093000
0.116560 0.051288 0.134330 -6.534400 -6.977100 -4.760300
0.008704 0.017155 -0.053584 -6.442500 0.646990 6.700700
-0.030711 -0.025118 0.114840 -12.731000 9.285500 10.918000
-0.014083 0.125410 0.005783 2.260700 -0.950240 5.517100
-0.026054 -0.077109 -0.016272 -0.909890 6.800200 5.584300
0.220330 -0.025036 0.020340 4.883300 -2.230300 0.053387
-0.065143 0.081618 -0.037836 2.596300 -16.584000 -0.506460
0.134120 0.045551 -0.036042 -1.895400 7.336600 -6.007600
-0.047693 -0.050537 -0.067182 -0.114950 -7.032400 4.193500
-0.061817 -0.007771 0.147260 1.435300 2.011900 5.919100
-0.018617 0.162730 0.018423 -0.010603 -8.414500 5.815700
0.052335 0.106060 0.040485 -3.878800 -4.171700 -8.442700
0.061183 -0.129430 -0.010689 3.178600 4.484200 3.578300
0.014105 -0.030596 0.292950 -0.544780 -2.176100 -14.946000
0.317380 -0.357380 -0.092384 0.892260 -4.490300 -2.682400
0.078224 0.310970 -0.422540 4.085000 7.126200 -6.290400
0.085009 -0.040060 0.109020 -0.274550 6.548100 8.974400
-0.028505 -0.130540 -0.034420 10.211000 -9.724700 -9.642800
0.008058 0.084419 0.156790 -2.203900 -2.743600 -11.630000
-0.141010 -0.106890 -0.113960 -9.634000 -5.685900 -1.019300
-0.002115 0.172790 -0.145970 -1.592500 -8.478100 3.583300
0.044320 -0.015103 0.044349 -14.078000 -5.010900 -6.239000
-0.044290 -0.067570 0.055759 13.845000 -4.470000 -5.262900
-0.043036 0.034385 -0.001537 4.813400 8.334600 0.215650
-0.009089 0.017056 0.127470 -7.361400 -3.083200 -19.723000
-0.083429 0.058204 0.028777 1.993100 -4.927700 4.581100
-0.011553 -0.019521 0.050272 -0.824770 -5.421300 6.363700
-0.025841 -0.015579 0.006580 3.051900 0.651410 -7.030700
-0.043224 -0.004778 0.025245 18.162001 7.848500 -1.319600
0.010006 -0.103320 -0.002911 -1.739700 1.482400 1.965800
-0.008994 -0.127300 -0.044381 3.863700 -8.010900 0.261190
-0.051964 -0.031380 0.027888 19.316999 -17.638000 -16.506001
0.060947 0.069761 -0.049361 8.790400 0.321780 -8.153800
-0.015391 -0.004582 -0.060706 -12.172000 15.040000 1.115400
-0.054585 0.370020 0.266250 -3.193900 -11.262000 -7.020000
0.061793 -0.196860 -0.012895 11.002000 -9.793400 1.467200
0.101080 0.099068 -0.045410 0.055940 -6.501400 1.338800
0.005712 -0.014039 0.119060 14.005000 3.272500 10.457000
-0.009278 0.107180 0.095302 8.665200 5.428200 1.766100
0.101420 0.022261 -0.011846 -19.896999 -9.208700 1.526500
0.012374 -0.012732 -0.015147 5.137000 -4.154800 -8.614000
0.073786 0.010162 -0.015242 -9.819000 2.134900 -1.146700
-0.075562 -0.045871 0.030445 1.857600 3.496500 -0.592110
-0.006693 -0.084294 -0.072219 4.112500 -18.841999 7.873700
-0.168470 0.246260 -0.103310 -1.385300 4.060700 0.286230
0.093848 -0.078526 -0.026443 11.614000 -15.509000 12.463000
-1.350200 -0.458530 -0.343120 7.161200 1.101000 0.949050
0.021609 -0.021691 0.029955 -3.931400 11.524000 -7.203600
0.102310 0.145770 -0.161620 0.339070 -0.296820 -14.460000
0.054911 0.175750 0.128730 3.171500 9.072800 2.951900
-0.107540 -0.052810 -0.064174 -2.005000 5.512800 -3.173500
0.038841 -0.016698 0.013756 -12.602000 -15.730000 -2.593400
-0.031399 -0.059118 0.027373 9.858000 -11.086000 8.047000
-0.176800 -0.167550 0.141920 -2.483100 2.166500 -5.154300
-0.077420 -0.022590 0.055793 -3.709600 3.138900 -2.184300
0.147260 -0.253840 -0.078313 -2.340900 3.912400 6.668800
0.018252 0.017046 -0.094865 -1.262800 -1.786200 4.538500
-0.030670 -0.039922 -0.040728 7.292800 -21.322001 -16.402000
-0.109680 0.251700 0.096659 8.269500 6.233800 -3.401100
-0.009172 0.022989 0.002145 -2.213600 3.253900 18.214001
0.196860 0.161820 0.037392 11.559000 8.997600 0.008073
-0.025967 0.002278 0.079907 -22.233999 -19.895000 6.660500
-0.236160 0.027901 0.141160 12.222000 -5.057900 1.100700
0.003012 0.027038 0.103080 1.738000 -3.200600 -12.806000
-0.006669 0.064378 -0.071418 -6.484300 7.847000 -6.180200
-0.144330 -0.095246 0.171610 7.602900 -0.130650 -6.335000
0.209860 -0.040541 0.108330 -13.965000 3.144100 -9.259700
-0.014174 -0.071200 0.051172 0.494330 -13.173000 3.279400
0.155010 -0.118590 0.469600 -6.034000 5.135100 -23.320999
0.086486 0.024905 0.120170 1.713300 -7.453300 5.886900
-0.000576 0.013443 -0.011932 10.212000 -9.721400 0.944460
0.003384 0.069164 -0.097028 -1.861500 -7.008200 7.547000
0.063140 0.046766 -0.145250 -3.168100 5.896500 -6.657500
0.057061 0.062041 -0.021603 11.782000 5.801300 -7.280900
0.082791 -0.147840 0.038062 -13.527000 5.761300 7.847700
0.199690 0.110620 -0.161430 5.228000 1.665500 -2.283700
0.028364 0.056936 -0.017149 -3.134400 0.209160 -16.738001
-0.142150 0.198840 0.033579 13.107000 -12.734000 8.413100
0.181900 0.025643 -0.186110 3.556800 1.711400 -17.247999
-0.018050 -0.106110 0.046323 -9.863000 -18.618000 -3.059800
0.051494 -0.144750 -0.145220 -4.452200 -4.639700 -0.267020
0.334440 0.440970 -0.386630 4.372800 4.493200 -5.795900
-0.051612 0.022735 -0.267880 1.691500 -0.861980 3.783600
-0.106870 0.257280 0.058886 4.901200 -18.629999 -5.842500
-0.075014 0.047357 -0.021423 -8.418500 -15.592000 -19.832001
-0.042075 0.256280 -0.122210 2.423100 22.011000 -11.207000
-0.050775 0.014483 -0.043715 2.687700 5.564400 -4.486800
0.023095 -0.047824 -0.040235 -1.273400 -2.056600 -2.138800
-0.301070 0.064278 0.385170 13.907000 1.437800 -12.490000
-0.085987 0.110950 -0.113530 -7.413500 8.035700 -10.019000
-0.127820 -0.031118 0.035364 -10.756000 -5.441900 -15.277000
0.025892 -0.013086 -0.011408 -7.924900 -10.365000 -9.526000
0.026030 0.092419 0.061487 -2.291400 -5.648500 0.093421
