0.067278 -0.149180 -0.151690 -5.724625 1.190453 1.713421
-0.069261 -0.094399 0.094161 -9.562006 -0.087431 -2.106040
0.036918 -0.006196 0.096891 2.776462 3.344075 -6.922846
0.045534 -0.006754 0.092249 8.940213 9.659202 -5.186702
0.013728 0.019462 -0.035837 17.745047 10.798465 6.707840
-0.121080 0.041022 -0.124970 -6.269415 0.919385 -3.729468
0.133390 -0.071756 -0.121560 7.475212 -1.187223 -8.025411
0.068167 -0.019497 0.025620 14.126021 -3.730860 8.744192
0.047813 -0.060630 -0.006628 -5.446215 3.712603 -7.857864
-0.004716 -0.008299 -0.096656 1.310649 1.260148 -16.187746
-0.103480 0.100060 0.155950 3.472740 -0.358996 2.528668
-0.246470 -0.052352 -0.141640 14.407928 -0.780276 16.215821
0.054767 -0.026025 0.072933 3.780462 6.570722 1.547986
-0.022867 -0.042638 0.161910 0.829403 2.330331 -7.755925
-0.064476 0.265520 0.045973 10.296685 -21.407821 -8.893237
0.084193 -0.415380 0.099266 -3.941772 3.247087 1.506023
-0.039548 -0.070699 -0.077581 1.272710 -1.036045 -1.894781
0.040591 -0.030371 -0.126210 11.989025 5.314075 7.652566
-0.021163 -0.058525 -0.085275 -1.591481 -1.472826 -3.546102
0.049264 -0.051584 -0.092804 5.491189 -2.964956 -2.529716
0.006235 -0.064403 0.049344 -11.087781 13.230362 -5.898159
0.045391 0.078015 -0.014816 -4.137453 -0.873379 7.762180
0.016984 -0.123400 -0.108850 -4.107880 0.050985 0.223290
0.062071 0.069788 -0.058856 3.341114 1.579501 5.712542
0.103550 -0.100970 0.198570 -9.377499 13.331967 -13.983059
0.061424 -0.037692 0.020936 -7.430520 13.959836 -2.060242
0.056995 0.415610 0.220580 -6.912254 -9.008818 -1.958218
0.033527 0.005098 -0.111510 4.419275 -13.830763 -10.287406
-0.015504 -0.065809 0.122740 -2.641785 0.132432 -6.647783
0.137700 -0.231590 0.144520 -20.561105 16.492645 -6.238245
0.101080 0.099068 -0.045410 -1.204123 -5.396414 2.586736
0.009590 0.033374 -0.023737 -13.909275 2.904015 -11.929055
0.013279 -0.022858 -0.041000 -9.996001 -25.782944 0.213641
0.010326 -0.154220 0.198670 2.222145 -2.527188 -4.970012
-0.084310 0.068180 -0.063971 19.726209 -2.779909 5.034466
0.074711 0.030529 0.322450 -2.633157 1.264542 -14.373549
-0.078798 -0.242900 0.122120 17.013669 2.095384 -2.639318
-0.016508 -0.240710 0.098990 -1.891779 10.998027 -5.428249
-0.070157 0.088908 0.050536 4.123246 -13.346280 -11.094834
-0.051220 -0.123650 -0.018999 -4.656205 -3.125994 -2.777376
-0.014181 0.013694 -0.010341 -15.523987 3.672986 -5.506998
-0.217350 0.413170 0.197120 3.813532 -6.083299 -4.371098
-0.008610 0.025216 0.005191 11.865055 -0.645473 9.319470
-0.202320 0.271790 -0.092657 0.434014 -2.439322 -9.772908
0.174130 -0.144810 -0.034934 -24.847958 17.273448 -3.598780
0.077114 0.165440 0.146760 -5.034033 8.016683 13.512681
0.066121 -0.842090 0.610160 3.614788 -9.913696 14.527541
0.035941 -0.038719 -0.075081 11.542850 9.671219 2.772905
-0.014863 -0.044210 -0.006922 -8.546804 -0.865895 16.657218
0.024560 -0.022531 0.105080 4.409220 7.916691 16.267855
0.087730 -0.117960 0.065314 -0.495220 16.129313 -7.819985
-0.106880 0.087163 -0.037301 -7.779469 -5.535787 -0.822229
0.070609 -0.031968 0.092944 0.868367 9.878244 -4.630595
0.282730 0.038481 0.069421 20.131513 -6.018377 5.401631
-0.097013 -0.008045 0.078114 -11.567346 -6.155213 1.629675
-0.015843 0.106710 -0.182500 -2.826359 -5.494509 4.236671
-0.042225 -0.034457 0.076590 11.569729 -7.574508 7.466322
0.044888 0.011297 -0.027748 -9.469742 -3.335113 7.613227
0.214290 -0.080042 0.042916 -3.236460 2.392864 -5.118698
-0.021883 0.024710 0.063056 -11.790950 3.438359 -1.556638
-0.098292 0.003867 0.035341 1.230114 -0.200615 -6.314154
0.127140 0.106500 0.049357 -12.173044 -7.255482 4.578698
-0.037038 -0.104830 -0.465770 -3.502938 -5.378835 -15.465969
0.013739 0.017652 0.163490 -2.067491 2.580323 -12.794157
0.013173 0.021613 -0.042413 9.692649 10.838436 -14.609556
0.382060 0.704290 -0.822610 1.501963 0.538400 0.256521
0.041324 0.000083 0.199250 -2.620325 -1.104982 -7.336081
0.055614 0.022314 0.113630 -2.038247 -6.778138 -15.393739
-0.108790 0.300210 -0.111120 -2.299726 14.779474 -3.852861
-0.142560 -0.358230 0.604760 3.256531 0.412781 -2.596882
0.048311 0.063985 -0.001448 0.783994 4.635645 3.613966
-0.151580 -0.079433 -0.308200 2.839462 4.579747 2.408653
0.062049 -0.093368 -0.134160 12.074174 -20.990889 -15.501478
0.071619 -0.032879 0.180290 5.488640 -3.791219 11.817825
0.121770 -0.292870 0.164220 6.051692 -23.766423 17.827020
-0.047320 -0.066828 0.001053 -3.592086 -6.280402 -10.916220
-0.184870 -0.032404 -0.038919 -3.486122 5.658930 -9.300481
-0.046116 0.006765 -0.050871 10.559831 6.755135 0.769391
0.365250 0.116560 -0.098147 16.726089 7.514278 -2.543782
-0.157840 -0.062862 -0.044696 1.188721 -13.662258 -11.120564
-0.250230 0.371520 0.085270 9.053964 -19.261616 -1.775120
-1.898300 0.422550 0.100330 17.895436 -3.837583 -3.424636
0.006842 0.181130 0.020349 -9.872856 -5.672254 -4.885715
-0.108160 -0.014611 0.336360 -1.157333 0.984124 11.263009
-0.020732 -0.099894 -0.017618 1.193867 -6.824098 4.598548
0.046293 -0.123090 -0.115920 -16.534123 6.366674 1.106939
0.179750 0.551080 -0.087509 2.843769 -4.369229 -1.280773
0.238290 -0.159730 -0.054696 1.380458 2.582502 -1.049318
-0.114040 0.009034 0.054359 4.110959 15.180754 -10.679029
-0.038760 -0.183830 0.145290 -2.815992 -3.274002 -1.770512
0.068998 0.025302 0.075408 9.993850 5.120602 -1.527361
-0.001393 0.001547 0.060605 7.627423 8.147308 -0.991381
-0.043474 -0.054585 0.004966 11.502580 -1.272366 2.083006
0.036812 -0.040536 -0.008453 1.218237 2.028422 4.028459
0.022011 -0.130400 0.154640 -4.630098 -6.721867 6.479719
0.035205 0.047353 0.034627 -2.776604 4.798192 9.951269
-0.054101 0.001111 0.013609 -2.580793 -0.918137 -1.342143
-0.010698 -0.233110 -0.107300 1.643407 6.778961 -6.813092
-0.027620 -0.011815 -0.130800 7.954529 17.129823 -9.292297
0.032975 -0.098203 0.134660 -7.205755 9.793602 -15.022288
