0.016303 0.033995 -0.085871 -3.982884 0.050817 -10.205120
-0.011439 -0.010447 0.053986 -4.519212 -11.241798 -7.412064
-0.027345 -0.023916 -0.094756 7.414033 -18.895854 -21.365187
-0.064699 -0.023273 -0.007776 3.268861 3.302794 -11.114223
-1.424300 1.118200 -0.548470 8.616016 -7.514437 7.317913
-0.012853 0.016812 -0.001094 8.152780 -9.699908 11.939933
-0.045637 0.087182 0.114900 -1.144852 0.699469 3.582705
0.041799 0.049131 -0.022454 3.085356 7.470743 6.870382
-0.093577 -0.051801 0.007178 -5.896799 4.266335 1.559577
0.028024 -0.007128 0.023310 -15.449571 24.073165 -0.539161
-0.046779 0.043320 0.032582 -4.655014 0.769230 2.669265
-0.419120 -0.497530 0.209150 -18.913675 -13.121763 3.036936
0.016422 0.006723 0.024591 -5.017088 3.464746 26.089516
0.007795 -0.003434 0.042497 -9.609792 -0.174977 15.225696
0.055497 -0.043308 -0.000752 0.938876 -0.357280 9.878124
-0.043224 -0.004778 0.025245 17.168506 6.996157 -0.439594
-0.102840 0.012893 0.021657 -1.033677 -4.199479 -1.885175
0.086673 0.019325 0.131740 -2.257183 -10.912063 -7.607057
0.033411 0.020540 0.022849 8.249226 -7.726113 0.201907
0.007032 -0.028568 0.056204 -1.247241 7.342067 8.592603
-0.056487 -0.034577 -0.034252 31.065219 13.511806 4.379084
0.278410 0.223850 -0.581550 -0.220325 -0.010301 -0.306935
0.027923 0.031920 0.008840 -11.856776 -18.608402 -0.229678
-0.128680 -0.123760 0.190560 -14.996747 1.693398 -10.133032
0.005412 0.185070 0.105620 8.514129 -9.717170 -1.375074
0.338370 0.016375 -0.241510 -18.888311 -2.641764 15.956714
-0.155690 -0.077292 -0.109210 6.245998 -6.356957 0.492462
-0.021714 -0.513820 -0.379690 1.227899 -13.586025 -9.202244
0.029809 0.102800 0.130230 4.350757 2.481445 12.953635
-0.114080 0.112680 -0.027857 -0.873908 15.092863 -1.463626
0.074849 -0.007571 -0.053336 10.467332 -2.693238 7.038336
-0.089358 -0.082793 -0.094673 10.215005 16.013652 26.995365
0.125630 -0.004434 0.160710 4.340776 -4.847786 27.843731
-0.037563 -0.010998 -0.777430 -1.341726 -1.454217 9.872497
0.256860 -0.046035 0.121360 1.696159 -3.504899 -3.309149
-0.153480 -0.221070 0.028756 15.035538 8.521932 -4.213580
0.077880 -0.052259 0.041797 -5.143808 -26.857336 -0.329231
-0.045738 -0.182370 0.155910 -1.581672 2.607597 -6.339842
-0.001234 0.033571 0.009729 -28.827264 9.300293 -9.111799
-0.017260 -0.054498 0.004661 2.341255 2.337939 -9.136280
0.049155 0.006259 0.059369 -5.123908 5.271538 7.071750
0.028355 0.023079 0.113820 -27.879331 -1.953478 16.136506
0.006327 0.035048 0.060522 11.984359 -13.118700 -6.325898
-0.086251 0.106330 -0.052608 8.125711 -8.366672 -8.750202
0.029930 -0.006568 0.051431 -0.124046 -3.267775 -4.684303
-0.049475 0.069160 -0.050402 -12.679235 15.455140 3.170324
-0.054422 -0.253440 0.064562 -3.971876 -5.456875 6.004045
-0.719570 0.085193 0.389100 -1.961588 -2.860201 -2.288686
0.095884 0.015030 0.036104 6.364415 2.693079 -5.052530
-0.125510 0.035105 0.029627 -16.699818 13.610030 9.035544
-0.260200 -0.001067 -0.114860 3.527042 2.453183 2.411677
0.019855 -0.019556 0.113330 13.134631 6.858800 16.712277
-0.073589 0.168470 0.119190 0.968474 -4.566284 16.858285
-0.096580 -0.019712 0.009096 20.478052 -7.786596 -8.089520
0.186360 0.074616 0.040293 23.908007 -3.383433 -5.532147
-0.277230 0.260560 0.275440 12.644231 -15.296884 -13.567868
0.137080 0.010052 0.015458 0.755815 1.628282 6.554205
0.011092 -0.040346 0.053625 6.708784 -22.774780 7.873717
-0.140930 0.157790 0.109300 -2.222626 7.216750 6.781438
-0.195620 0.002253 0.008197 -4.827601 5.262520 18.210819
-0.075879 0.153870 -0.054954 -5.198021 7.373497 -1.372358
-0.018160 0.002429 0.003338 1.540771 -6.794810 -21.302084
-0.050703 -0.089635 -0.004816 19.659094 -3.056167 -1.644458
0.055870 -0.040218 0.053430 6.505620 -3.310270 -5.107923
-0.014325 -0.029628 0.019484 11.287179 -14.162918 -11.765152
-0.054266 -0.158490 0.000457 4.658029 0.829570 0.972756
-0.012363 0.038198 0.146390 1.551211 2.584619 4.286257
-0.003929 -0.050766 -0.058879 -2.265085 -4.566452 32.086344
0.028287 -0.066347 0.031374 2.815430 0.551870 10.469423
0.036895 0.019639 -0.076583 0.371134 -1.181683 -21.197702
-0.157280 0.141170 -0.013822 5.974189 -4.731698 -6.314020
0.062017 0.068602 -0.151010 -0.661744 -9.316321 7.371848
0.086774 -0.066942 0.113060 0.360658 -1.867406 0.405657
0.205140 -0.090503 -0.470990 4.100544 -4.195300 -16.533150
-0.019925 0.012097 0.103080 -0.575322 8.029405 -1.317679
-0.081947 -0.024152 -0.035101 10.408113 10.689139 13.237348
0.152690 0.163690 0.025135 2.799991 0.275406 -9.160086
0.188200 -0.035520 0.148870 7.365246 8.136043 0.342589
-0.458110 -0.223280 0.665160 9.368603 3.454270 -2.498554
0.023514 0.109010 0.249590 4.597631 4.543042 10.817288
0.023845 0.022531 0.090907 -4.484426 -1.425041 -16.818687
-0.003008 0.095073 -0.252730 -0.257803 0.938028 10.054052
0.042257 -0.157340 0.189850 0.284784 -6.102970 14.164166
0.078358 -0.287410 -0.178800 7.721941 -4.847079 7.269190
0.057248 0.023852 -0.088330 -1.037716 -4.359676 3.038324
-0.106550 0.019253 0.078653 -14.055736 5.528221 -1.991942
-0.002916 0.054826 0.368880 -6.549033 4.329259 -6.974040
-0.041936 -0.027792 -0.070432 -25.376275 -0.115518 -7.421948
-0.030146 0.011279 0.009250 -7.038461 5.083761 10.108004
0.115700 -0.128940 -0.041904 -5.328198 10.800367 2.540752
0.026193 -0.039578 -0.029574 10.696491 -9.165351 7.205668
-0.025841 -0.015579 0.006580 3.797625 -1.393459 -9.832247
0.197690 -0.037108 0.217460 -7.823556 0.799431 -6.187664
-0.010214 0.117420 -0.137360 -7.417565 14.802880 -10.635254
0.013628 -0.023713 0.013402 -20.603273 -26.517823 36.092885
-0.157300 -0.027738 -0.100740 8.164556 2.877916 -17.343663
-0.043681 0.068369 -0.100940 -9.394546 -10.416874 -1.020762
0.093837 -0.055700 0.022641 13.138018 15.333768 -12.445677
-0.199630 -0.236980 0.351840 13.721270 9.899068 -19.069172
-0.078300 -0.103660 0.020835 2.173831 -0.719232 1.039716
0.069258 0.149070 0.110820 -9.087922 -17.002433 -9.041803
-0.072090 0.088779 0.136760 4.225540 -4.145702 -4.525320
0.025828 -0.071711 -0.083818 -15.677328 5.751505 3.423442
-0.187910 0.044982 -0.144850 -15.311927 2.331807 -3.702008
-0.033427 0.008009 0.029430 -15.906422 -1.659313 -10.864643
-0.001481 0.220920 0.085409 -4.929238 22.332227 16.056270
-0.084086 -0.165940 0.046534 -9.083095 -7.853004 -6.085529
-0.069261 -0.094399 0.094161 -15.500932 -1.480551 -1.423072
0.238310 -0.021281 -0.121110 2.265892 0.935477 -7.291177
-0.050029 -0.128740 0.013200 10.962771 11.942852 -20.225693
0.009290 0.029791 -0.011461 -6.385362 -1.573533 -17.381238
0.027492 0.024516 0.044560 0.317454 1.107687 -7.623839
-0.159160 -0.036593 -0.199020 -0.288085 6.341587 6.319508
0.003124 -0.054909 0.028538 6.478466 9.352264 7.371911
-0.142730 -0.019118 -0.152030 -14.386413 -2.169536 -12.211185
0.459610 -0.623920 0.975590 5.069636 -1.127987 1.457900
0.156880 0.117240 0.171420 -16.785911 -5.343079 -8.775660
0.031213 -0.017437 -0.044684 2.158370 10.821966 5.416010
-0.006200 0.027089 -0.011878 -1.488724 9.787387 -12.318224
0.008548 0.235930 -0.124990 -1.097225 -10.243023 0.577259
-0.134720 0.052682 0.231960 6.114186 -1.484828 -5.364048
0.038326 -0.241410 -0.334660 4.296413 11.198304 3.703884
-0.178440 -0.284000 0.096016 4.685292 -1.930636 -0.487282
0.044087 0.009749 -0.054430 -0.487469 6.269795 11.508509
-0.029880 0.015629 0.068875 10.029142 -10.646807 -18.571165
0.004506 0.034633 -0.013909 -2.826187 9.235824 5.055081
0.078566 -0.000774 0.009719 -18.726718 9.238886 -11.690209
-0.191010 -0.215880 -0.122130 -5.333845 -4.840476 -1.697624
0.013608 -0.171970 0.025835 -0.010807 10.768567 0.180193
0.015492 0.036322 -0.022402 -4.271636 -6.337395 17.472926
0.017653 -0.076561 -0.108190 2.608091 -10.310688 -2.704257
-0.066027 -0.024400 0.041369 -1.843955 -0.130684 -5.437504
0.108790 -0.048813 0.027940 -0.435647 9.763285 0.232326
-0.022848 0.013367 -0.077136 2.086040 11.016379 7.203311
-0.062895 -0.017773 -0.124690 8.357018 10.382022 -6.934885
0.024434 -0.101520 -0.001160 8.506642 5.635411 6.890578
0.100640 -0.026834 0.049314 2.810265 9.075625 -2.489091
0.032060 -0.097037 0.011688 5.559658 4.983235 2.559963
0.113200 0.053752 -0.049332 -5.361148 -6.653852 -0.482218
0.047389 -0.272200 0.084200 -2.041172 -9.440095 11.710715
-0.011553 -0.019521 0.050272 -1.928378 -4.110275 5.691914
0.101480 0.011159 -0.149870 1.046740 4.445960 -1.687957
0.034466 -0.097778 0.100620 12.693039 -14.789330 14.436823
-0.037476 0.009385 0.008606 -4.055405 -0.496159 -11.950764
0.011671 0.003004 -0.078302 7.192832 -6.935649 11.369036
0.040836 0.032729 0.001567 0.473786 -7.747963 -6.868092
0.029090 -0.037496 -0.030007 -10.095315 -2.968777 10.583356
-0.017734 -0.011201 -0.039069 -26.946981 -6.409886 -8.714110
-0.079410 0.001420 0.024448 -5.261626 -0.231627 -0.518309
-0.110360 -0.050201 -0.011739 3.925627 -4.438071 -5.470674
0.065838 0.078984 -0.031718 2.638313 -5.036740 6.888943
0.002095 0.021082 0.055531 -15.857914 1.463441 -3.646895
-0.064989 0.011298 -0.070374 -21.253889 -2.991335 -22.164223
-0.070321 0.008374 0.018678 -5.616417 -1.147949 2.307556
0.117010 -0.416450 0.086041 5.723530 -22.639836 7.201465
-0.008294 0.003853 -0.089653 -6.485089 -2.024079 16.669464
-0.168070 0.090591 -0.129700 -6.056192 -2.968595 -3.852313
0.337550 0.115640 0.013928 8.947595 0.579143 -3.464504
-0.002330 0.026117 -0.022709 0.132422 -0.567373 -12.022941
0.052299 -0.108660 -0.173790 -6.237621 -1.850069 -5.398835
-0.074391 -0.285700 0.056470 -0.823941 10.084564 1.148832
0.031611 -0.156170 0.101310 -2.728392 4.323534 -5.746849
0.043389 -0.159270 -0.004682 -8.471429 11.876631 3.646083
-0.179180 0.026475 0.275340 4.774194 -4.682354 -5.791254
0.023365 -0.007906 -0.004147 4.780120 -14.925341 4.720473
0.110600 0.030398 0.044138 16.705269 1.933889 15.469909
-0.103330 -0.087705 0.023615 -4.216238 -3.157971 3.306645
0.030651 -0.020535 0.031056 6.231092 6.503824 -8.273446
0.064296 -0.314670 -0.139720 0.587020 -4.545542 0.059660
-0.126110 -0.001312 -0.102860 7.917984 -0.495406 7.826214
-0.048309 -0.013816 -0.058572 12.260339 -1.368901 -13.888723
-0.000526 0.161510 0.089149 0.356271 -6.886605 -0.262407
-0.450050 -0.414310 0.164530 -5.518898 -9.754965 2.710201
-0.034599 0.074457 -0.078983 11.270831 -12.326146 10.938648
-0.005245 -0.162540 -0.384950 0.489191 1.008690 1.653665
0.100910 0.051517 0.060588 2.597597 7.767868 4.538595
0.057909 0.165470 -0.025089 1.224337 -7.858430 1.837860
-0.026107 -0.042053 0.041462 -4.362892 6.781218 5.039537
0.126610 -0.084799 0.312740 6.162685 -3.863416 -2.637768
-0.055430 0.492790 0.267330 -16.444323 26.270071 16.429992
-0.343710 -0.665660 0.136780 -3.592386 -3.675510 2.266379
-0.015837 0.135230 0.024594 -12.407239 26.093360 5.604967
0.334260 -0.153400 -0.089318 4.748123 1.311269 -7.292586
0.026694 -0.070085 0.076343 -10.794634 6.161790 13.863730
-0.074838 -0.007597 -0.076540 3.516620 1.883774 10.688118
-0.016622 -0.017887 -0.050273 -3.758951 13.554211 8.121020
0.018080 0.062036 -0.101180 -7.604909 -3.816496 3.641246
-0.132070 -0.095929 -0.112130 9.532460 9.869552 19.232839
0.060243 -0.147440 0.082104 1.317538 13.542524 -7.759951
-0.171900 -0.057504 0.036881 -13.172386 2.585851 13.500380
0.011664 -0.002375 -0.021900 8.350611 7.042822 16.194929
-0.014974 0.087279 0.080757 9.591168 1.880391 -4.823816
0.051392 -0.041754 -0.010673 0.782061 -21.461108 0.012921
-0.078352 0.106010 -0.034395 -10.432250 2.118585 7.970490
0.147910 -0.107040 0.024195 -8.423646 -3.227676 -4.569542
0.070952 -0.053934 -0.049421 -6.132291 6.383788 -0.087448
-0.082917 -0.058560 0.031901 2.965395 -7.811776 -0.521978
-0.030082 -0.034405 -0.023643 -12.953394 -1.113072 8.035004
0.074868 -0.007461 -0.071338 -10.843842 4.604137 18.983564
0.042864 -0.008039 -0.034876 -2.973105 7.937481 -1.164596
0.108080 -0.172720 -0.266240 -2.168394 -2.379656 -3.392596
0.059571 0.125930 -0.225320 -4.832959 2.930740 6.907939
-0.011741 0.011373 -0.021044 -8.863655 -18.248104 2.646419
-0.017098 0.108830 0.014177 4.658368 3.784477 11.117960
-0.041562 -0.038605 0.024684 17.549798 -7.808731 1.954785
-0.111890 0.103140 0.147470 5.640445 -6.104658 7.914746
-0.056375 -0.015719 0.033444 -4.369941 3.857667 -3.783828
0.000597 0.035794 0.000268 -5.492856 4.361023 17.644806
0.091001 -0.027451 0.048221 -0.764179 13.675270 -2.394213
-0.064175 0.082737 0.039706 8.119518 -0.112334 -8.275507
-0.039841 0.089072 -0.050110 2.246902 -13.772846 9.417196
0.001935 -0.102590 -0.003650 0.870233 5.264728 2.497807
-0.392390 -0.107040 0.190270 -10.583795 -6.202661 -0.952281
0.048754 -0.043297 -0.062252 -3.796371 6.405609 -0.295082
-0.095998 -0.126170 0.122460 -4.868491 -9.737846 11.831909
-0.087322 -0.074983 0.019120 13.344458 10.415466 -4.563702
-0.521660 0.405140 -0.102060 -0.185790 0.900079 5.136997
-0.077098 -0.040709 -0.205040 -0.225969 5.496526 -10.559413
0.006142 -0.089267 -0.166180 6.377085 2.788630 8.777438
0.189370 -0.390930 0.045750 7.409580 -3.671558 -3.162538
-0.031160 0.054924 -0.084856 -2.205497 10.262735 10.316703
0.060922 -0.070695 0.374620 -6.177840 -0.384046 -2.108311
0.038717 0.038543 0.012186 -0.267091 -4.010603 -4.854207
0.069573 -0.144810 0.214820 -4.448760 7.406408 -13.099829
-0.062678 -0.032572 0.053262 -5.967758 5.038725 -1.898069
0.017399 -0.030817 0.301280 2.034986 -3.831970 -11.441132
0.049034 -0.009968 -0.010689 -8.990320 -6.605612 6.742858
-0.031644 0.022253 0.035604 -28.000613 4.448883 10.953971
0.160610 -0.078273 0.056640 -2.241828 -1.536405 -4.720492
0.026799 0.065813 -0.097159 -11.131938 0.653650 -16.239212
-0.010530 0.072411 -0.088618 -7.381932 2.496957 -3.142107
-0.098682 0.037477 -0.016111 -2.640830 12.979127 3.247857
-0.017741 0.031082 0.007193 -4.953973 14.621451 -1.062780
0.065232 -0.055197 -0.073219 -29.941302 -1.740719 33.371800
-0.054439 0.005764 -0.005352 -2.726201 -8.663621 11.165692
-0.015412 0.013812 -0.031329 -5.884475 -9.670487 -10.418290
0.026422 0.000655 -0.039859 0.310477 -1.683433 10.583130
0.067315 -0.029138 -0.222920 0.625872 -7.712837 17.591853
0.207890 0.285910 -0.104230 2.946429 11.390430 3.733865
0.274960 0.260760 0.194870 4.227914 0.019312 -0.190864
0.107630 0.001439 -0.193310 3.913124 8.510832 3.473530
0.080479 -0.005292 -0.013250 5.994445 -9.357443 -5.992877
0.132510 0.061577 -0.081014 4.772803 -1.774761 -6.638875
0.023557 0.038882 -0.018666 -5.085231 -8.761662 0.070594
-0.075485 0.033361 -0.020941 -3.452977 0.392206 -6.220856
-0.074473 0.175240 0.164900 2.266700 -13.139318 -4.199508
0.255300 -0.198390 0.116160 -10.481372 1.612432 -8.290746
0.113690 -0.239510 0.031247 -2.099773 5.365284 1.179826
0.048381 0.052742 0.154060 -1.135684 -2.144740 -2.324428
-0.093379 0.087317 -0.131160 -7.852575 -3.394183 -0.262872
-0.040956 0.173090 0.071875 -8.780504 14.007574 2.331597
0.549930 -0.278780 0.715980 4.397376 -6.778462 5.572508
-0.084505 -0.083930 0.048403 -10.364308 -17.622590 5.001980
0.420350 -0.031393 0.339210 -1.811436 -2.479126 -2.169902
0.513890 -0.177440 0.322270 -7.047930 1.117733 -8.509004
0.020761 -0.046604 0.017337 -11.712495 -18.223916 -17.470551
-0.178380 0.043738 0.077102 -0.612854 2.944534 0.055975
0.046849 -0.082570 0.008179 -4.377674 -10.460537 -8.510265
-0.144700 0.051059 0.084024 -5.609106 -7.059500 0.298335
-0.109880 0.009705 -0.074850 -9.633359 -4.464191 -3.412957
0.027259 0.014395 0.086448 -2.038088 4.250856 -10.362307
0.123630 0.010750 0.034650 -7.187770 11.858697 6.484727
-0.096124 0.059376 0.000333 -1.005232 -3.557904 -3.488823
-0.078062 0.060867 0.022100 -10.338357 2.815607 -4.815407
0.187370 0.005737 -0.241670 -2.143001 1.426696 12.087180
-0.096974 0.374580 -0.474650 0.131748 -8.215676 5.133029
0.014519 -0.068189 -0.014407 -4.478406 7.956796 33.245331
-0.385310 0.148160 0.066349 3.395848 -3.765768 7.197112
0.036406 -0.032787 -0.035633 1.438041 -18.667940 -12.267610
-0.010887 0.435300 0.093438 -0.812179 -10.778777 2.378580
0.299080 -0.024844 -0.142770 7.643404 4.458212 -0.354670
0.383380 -0.074364 -0.351780 -10.453602 1.733074 12.456341
-0.036022 -0.183580 0.224420 7.104598 -1.630629 2.398300
0.040462 -0.003770 -0.048915 23.743877 16.491923 -14.333537
-0.011424 0.010865 0.004859 -28.099700 9.736456 3.587880
0.478130 -0.048530 -0.498500 10.399140 -3.247199 -12.741721
0.020884 0.024513 0.038404 1.279046 -12.962759 -7.122898
0.182850 -0.102950 0.122890 13.980137 -2.749517 -0.190899
-0.000576 0.013443 -0.011932 10.159326 -11.010337 1.516014
0.025255 -0.072960 -0.028283 -6.374241 14.748749 -2.462191
-0.247660 0.080645 0.079901 19.986714 -6.006252 -0.714902
-0.009339 -0.101860 -0.065095 -9.520915 -8.094053 -7.158439
-0.513260 0.281050 0.119920 6.602793 -8.364836 -0.124350
-0.072078 0.015359 -0.018388 3.213954 -3.077908 -0.110617
-0.018730 -0.011729 0.124670 -2.969851 -4.690810 0.298397
-0.078358 -0.049740 0.036813 -0.422457 22.004066 -1.734769
0.035723 -0.045357 0.002686 -0.078093 -0.949575 -5.574639
0.069047 -0.005738 -0.096015 -3.840990 -11.386320 -8.198138
0.040773 0.057254 -0.038261 -3.290941 -2.708203 -3.584545
0.001589 0.050498 -0.043231 -20.299238 10.338605 19.017041
0.022087 0.025371 -0.055110 -10.553858 -14.451932 3.715660
-0.145460 0.008861 0.601590 -4.487102 -1.762500 14.259175
-0.094321 0.054426 0.032690 -6.204608 7.796736 2.135672
-0.027017 0.105700 0.062043 -2.492732 6.044399 14.027096
-0.073976 0.126390 0.026801 10.648583 -2.978247 -0.474190
-0.039631 0.026162 0.000637 18.079787 -15.536718 -2.655728
0.098446 -0.108650 0.215910 0.337020 0.074395 -6.516341
-0.054432 -0.105130 -0.079591 2.442341 -27.287451 -7.087478
0.159020 0.042274 0.091692 2.252382 -0.683700 -0.991150
-0.068899 0.036175 0.019096 8.448058 7.353675 5.316057
-0.024146 0.038020 0.092984 -6.229380 10.211616 4.855289
-0.151520 -0.138780 -0.002543 -11.751239 -14.622643 -0.173474
-0.027262 0.027572 -0.014359 -29.000284 9.569819 -4.691812
0.053436 0.002030 -0.060194 -0.425289 3.009549 21.975814
0.016262 -0.004783 -0.103140 -12.817118 5.020968 10.068455
0.004818 -0.035902 -0.125980 2.690037 2.055311 0.453036
0.041017 -0.064412 -0.109640 9.010868 3.041106 0.825331
-0.031794 -0.157210 0.069730 -0.418810 -8.983288 9.709001
0.030745 0.080389 -0.131100 -2.402211 -5.609621 6.191331
0.051701 0.238680 0.075998 2.766096 1.929553 -1.595672
-0.114840 0.197040 0.096714 -2.483828 -11.085527 -9.454465
0.158560 0.101480 0.046344 11.011170 10.800153 -0.580102
0.108330 -0.027483 -0.075061 2.087681 0.843350 -6.781863
-0.096263 0.029851 0.046457 14.460305 0.050526 0.008898
0.010098 -0.007847 -0.005222 -13.690758 3.270407 -0.413230
0.063348 0.005561 -0.007744 -10.969300 -17.957535 13.294528
0.074749 0.281810 0.088029 -2.860625 -8.459458 -3.265572
-0.015085 -0.104580 -0.043549 4.780145 2.765644 -9.210674
-0.038551 0.030009 -0.036801 -11.725105 3.409115 -4.500435
-0.027296 -0.067829 -0.085436 -7.724298 -13.692015 22.731994
-0.736990 -0.089371 -0.232390 5.202112 -1.527318 -0.594769
-0.058346 0.046700 0.089572 1.551641 -3.827542 3.287810
0.024699 0.005764 -0.019835 3.633740 -1.735122 16.891964
0.223910 -0.128630 0.279540 6.360939 -2.938505 11.552953
0.190280 -0.892620 -1.405800 0.883742 -1.154052 -6.543467
-0.014972 -0.067046 -0.031360 -19.739236 9.574101 7.766146
-0.111620 0.003984 -0.057712 -7.563655 2.703875 5.133510
-0.200820 0.126630 0.009809 -12.966128 11.587721 -0.155671
0.154900 -0.002424 -0.097423 -6.452153 14.226105 8.305611
-0.006532 -0.010930 0.173380 -4.872802 3.736636 -1.538173
0.019853 0.035912 0.002245 14.224903 1.067690 -6.616356
0.100560 0.026937 0.005209 13.696848 -1.588409 13.668688
0.037345 -0.188180 -0.231610 0.230600 -0.678362 -11.180599
-0.085817 0.027533 0.011261 4.171162 -3.462394 14.751912
0.006861 -0.050623 0.006661 -3.727829 6.488786 1.564642
-0.096399 0.088672 0.171690 -2.599207 -6.833549 1.517345
0.081728 -0.227840 -0.075559 -5.257051 -1.053846 5.519742
0.089617 0.042562 -0.000750 5.521225 -6.574648 -5.303606
-0.022880 0.043151 -0.108000 -3.264047 8.480424 -11.458721
0.076011 0.042107 -0.021600 3.136325 15.796449 6.904495
0.060732 -0.040932 0.038872 -4.452138 4.475940 -4.290697
0.094871 0.134510 -0.090062 -2.786698 5.312149 0.620262
-0.032509 -0.017497 0.071375 -18.595584 9.506605 -8.106300
-1.235300 2.983800 0.320320 5.810240 -16.174392 -0.148393
0.139010 -0.148600 -0.153010 17.994256 -15.116472 -6.864174
0.163640 -0.081375 -0.084745 -9.470941 8.772688 9.418506
0.120270 -0.047829 0.058937 4.871589 -3.231947 -3.247231
0.017088 0.011326 0.012392 -7.172563 -7.747370 -25.567800
-0.005773 0.095252 -0.058010 -10.314228 -11.785769 -5.989736
0.207670 -0.065557 0.012510 -21.752945 7.462342 -8.641573
0.044506 -0.049001 0.050022 7.935400 -7.456530 9.796119
0.009628 -0.041438 -0.020351 -0.778923 -13.108971 1.320723
0.199470 0.131070 -0.374200 -3.865578 -5.900663 16.256090
0.104010 0.167140 0.165840 3.226804 6.480059 0.791339
-0.034325 0.004195 0.226580 3.011693 3.585760 22.159850
-0.107380 -0.063946 0.108990 7.353939 -0.075537 5.843315
-0.035807 -0.225860 0.064749 -1.958726 -10.425444 0.997932
-0.048253 0.002707 0.127380 8.352725 10.734631 -6.050744
0.172490 0.087220 -0.298100 -2.153736 3.760573 -8.416189
-0.029408 -0.009095 0.075427 -12.754417 -7.878917 3.784994
0.006961 0.127750 0.009067 6.196051 -14.048475 2.602993
0.002848 -0.056792 0.045007 1.966952 0.902981 12.903905
0.275390 0.074805 -0.178490 -8.707769 5.874187 11.177327
-0.004820 0.134790 0.079976 -0.069791 -15.367837 2.045115
-0.033989 -0.142430 0.075436 -7.941780 9.134144 -3.855663
-0.104780 0.007110 -0.021031 -0.197296 -9.430532 -5.255675
-0.024767 -0.005023 0.042196 -9.596138 2.111220 4.164218
-0.009119 -0.033231 -0.078399 0.435318 0.134805 -0.536461
-0.099455 -0.256710 -0.450440 3.217909 -4.037846 -8.951210
-0.025922 -0.000824 0.047409 -11.550874 -20.219289 -2.406835
-0.121240 -0.159550 0.060247 0.628851 -7.284303 7.977062
0.135760 0.051096 -0.073565 2.692998 0.941118 5.709064
0.134420 0.047517 0.124930 6.539043 8.461180 7.939350
0.053678 -0.064157 -0.035398 -5.822966 1.297254 -2.130177
-0.174720 -0.023121 -0.133530 -5.769262 -5.026391 -6.938320
0.144730 0.005495 -0.101110 13.350689 -10.990573 0.057910
0.391040 -0.795560 -0.136140 -4.221732 6.797487 -2.426107
0.063277 -0.014532 0.036078 12.249517 -9.076256 4.958202
-0.225290 -0.121600 -0.059889 -2.570418 -10.684341 -3.069613
0.174450 -0.146040 0.001212 -6.005777 8.031340 0.714620
-0.020331 0.008168 -0.029305 -3.486614 -19.548912 22.216938
-0.122600 0.000273 0.020947 -17.296619 4.642068 -8.259339
-0.002665 -0.014006 -0.052694 26.536062 -1.386204 -5.936569
-0.053826 0.147460 -0.054046 2.721391 2.449115 5.440965
-0.043375 0.122250 -0.034704 11.690954 -11.168179 2.321877
0.010115 0.024901 0.036410 8.860265 15.757703 -1.895668
0.022767 0.012639 0.050272 12.060870 12.891692 16.587160
-0.200420 0.104570 0.078464 6.537455 -1.093162 -16.179488
-0.013089 -0.028364 0.010533 -1.972520 12.450843 -6.451009
0.044888 0.011297 -0.027748 -9.189369 -3.221688 3.294462
0.040721 0.020630 -0.013764 4.257357 9.705542 -7.691283
0.078494 0.033650 -0.114200 -11.817002 8.201257 7.007207
-0.138190 0.118800 -0.268190 -2.024277 -4.210475 -11.792700
-0.204070 -0.071987 -0.103010 5.973606 0.544426 -2.391226
-0.066334 -0.118760 -0.053216 4.440040 -2.630435 -2.568664
-0.024191 0.377570 -0.129830 7.421390 -20.256884 1.360190
-0.024664 -0.090236 -0.058349 -1.588042 -7.046266 -7.071277
-0.273430 0.035251 -0.218820 -8.850154 12.648764 -4.834024
0.037340 0.123570 -0.025559 -5.390764 -2.644531 1.679814
0.208040 -0.302370 -0.262400 0.202930 2.353647 -0.958974
0.119930 0.050127 0.142010 0.232947 -8.993712 -21.600861
-0.177450 0.190010 -0.131650 -9.761332 18.761247 -10.098589
0.013668 -0.066362 0.014088 0.795840 -7.938460 0.900006
0.123820 0.271180 -0.196360 5.359783 9.814759 -5.487311
0.020157 0.025546 -0.071575 -8.026855 -6.298326 -24.892861
0.156910 -0.034938 0.091969 10.054772 -10.648624 -1.754198
0.098447 0.031519 0.010232 -12.931992 0.482712 2.170174
-0.057007 -0.005719 0.026109 -2.142508 2.369481 0.217648
0.137360 0.091406 0.089647 6.499470 -15.019475 11.369068
-0.055858 0.103000 0.011515 3.255059 -2.201595 8.790374
0.023991 0.026952 0.114240 2.195085 0.582676 -14.228997
-0.073926 -0.033154 0.083747 -10.744305 -8.328627 11.636736
0.050528 -0.042886 0.125840 -3.791165 -0.678607 9.258705
0.153140 -0.022915 0.042055 -3.523870 8.129399 -3.846063
-0.111460 0.055595 0.061706 2.763009 -2.076354 2.164480
-0.401920 0.206200 0.037355 -6.696737 11.794430 4.231242
-0.444280 -0.075350 0.090706 18.735258 -0.873446 4.184812
0.013321 -0.072536 0.011339 8.812655 -3.375533 2.878148
-0.069223 -0.075405 0.318720 4.415867 -0.944633 -4.296634
-0.073818 0.131190 0.212830 -2.598470 -0.809865 -5.722655
0.328630 -0.145790 -0.070603 6.225137 -1.974238 -1.517317
-0.039989 0.005338 0.016706 -8.432760 -14.792895 9.185557
-0.030279 -0.106620 -0.094249 -4.160522 11.828351 4.546480
-0.286060 -0.102550 0.056940 1.984099 6.347342 -1.409396
-0.027696 0.102470 -0.004049 1.846627 -11.384842 1.928090
-0.119290 -0.075485 0.117130 -19.644626 -3.993038 3.123715
0.074553 0.063152 -0.067312 -5.601867 -11.470467 -2.283818
-0.056071 -0.034085 0.010910 4.045056 9.762835 1.923526
-0.102590 -0.182070 0.088676 -0.951919 6.430079 3.230566
0.049053 -0.038758 0.043053 3.776600 -7.255565 10.637573
0.059403 0.136480 -0.014155 -5.268525 -10.611635 -0.038695
-0.078464 0.028198 0.021549 -14.252611 -2.150738 1.457589
-0.201560 -0.020020 -0.069474 12.699974 3.467471 6.552973
-0.021884 -0.041604 -0.047823 2.673603 5.474572 17.265400
0.050010 -0.031907 -0.083061 4.263720 -3.570831 -12.512813
-0.072207 0.052260 -0.014479 2.957057 9.137240 5.457319
-0.123840 -0.100020 0.065833 -9.142850 2.010321 5.637531
-0.054026 -0.097863 0.035555 -1.898713 -0.436605 2.697459
0.068167 -0.019497 0.025620 17.638084 1.446966 7.118621
-0.038022 -0.003805 0.031850 13.880302 -3.090046 9.067121
-0.093321 -0.042608 0.167350 0.090933 1.983489 -20.904141
0.172390 -0.069066 0.061528 -3.033419 -3.486736 -3.570760
-0.118130 -0.038797 0.081294 12.922185 -6.773859 -11.908435
0.027436 -0.060804 -0.067776 -7.261878 14.314358 3.984767
-0.039999 -0.005402 -0.099073 -2.954928 3.015880 -7.617688
0.018909 0.102000 0.017317 -1.024712 4.521268 3.928855
0.057007 0.023107 -0.030615 9.706761 5.639252 -20.260993
-0.009833 0.025521 -0.201040 6.240222 -2.351912 -3.087199
-0.020444 -0.008915 -0.080295 10.356469 2.292493 -8.908937
-0.130250 0.134440 -0.172320 -2.257286 -3.638767 0.323360
0.079478 0.022296 0.005799 -11.553459 7.463631 -15.599574
0.107520 0.032692 -0.039323 4.817307 6.256159 -25.836657
-0.002474 -0.173770 0.004104 8.808419 35.849254 -9.211965
0.056525 0.124660 0.074363 -7.023908 -1.206130 -4.702552
-0.165000 0.061174 -0.199820 -3.446614 4.468891 -1.709077
-0.187380 0.305400 0.073137 9.039378 -6.413265 -5.310836
-0.028447 0.020232 0.057158 4.224023 -4.529065 -17.725604
0.018808 -0.006940 0.030979 -6.053189 -3.738713 -8.098740
-0.170410 -0.170030 0.134600 -1.795255 3.695840 -2.125291
-0.853850 -2.694800 0.888630 -2.934463 0.771428 -3.979963
0.062066 0.018613 0.059374 13.243752 2.474100 10.621284
0.008545 -0.041796 -0.090656 9.457121 6.013320 6.054710
-0.091071 -0.059027 -0.306730 -6.002049 -0.751447 -13.254561
-0.023651 0.158140 0.141870 3.097000 -1.566514 -1.848663
0.297590 0.098333 -0.004430 -25.743624 -12.175277 -1.187590
-0.107980 -0.068557 -0.035462 -9.868409 -0.561770 1.408050
-0.004217 -0.073980 0.051098 9.394167 1.905971 -9.478828
-0.103120 -0.068288 -0.105430 3.992710 5.586329 -3.061756
0.045966 -0.052800 0.078456 -23.680875 -1.004990 -1.712179
0.006430 -0.010676 0.046376 10.924414 -2.037262 -3.347473
0.042896 0.002346 0.207900 1.784930 0.084718 -3.292850
-0.057354 -0.252440 0.143320 5.433805 11.674201 -11.421204
0.044565 0.051796 0.191490 4.276171 -4.935824 22.205985
0.215720 0.114030 0.227690 -10.410846 -13.899198 -24.516073
0.148250 0.037738 -0.056255 0.871025 -5.863334 -1.315805
0.203630 -0.400030 -0.286100 4.612051 -3.373604 -7.929556
-0.070652 0.021932 -0.028318 8.562404 -5.816285 -9.398474
-0.022921 0.036714 -0.083621 0.973150 -17.386508 3.784490
0.031961 -0.047785 0.037582 -5.189231 11.478095 -1.882691
0.086916 -0.051773 -0.010323 2.062453 10.471604 -17.049814
-0.081564 0.174320 0.138770 2.638994 -6.121583 3.332775
0.189640 0.240640 -0.073216 8.252862 14.277735 -2.193911
0.153970 -0.096023 0.071183 3.871050 -2.128824 1.467143
-0.058106 -0.013980 0.094122 0.252059 -11.696554 -4.686508
-0.014606 -0.015951 -0.014493 5.213048 -9.997715 -2.216269
-0.010371 0.050259 -0.090672 -8.768216 -3.901521 10.149255
0.140580 -0.177210 -0.301270 -0.193567 -4.687696 -0.739558
-0.005511 -0.031330 -0.050898 12.581165 -1.288193 -7.834911
0.101230 -0.057502 0.020978 -14.814225 -2.030225 4.669808
0.042117 -0.025943 0.009852 11.943091 -12.625723 10.665524
-0.113780 -0.147120 -0.090616 0.185800 -3.779058 1.072094
-0.031700 -0.008030 -0.078298 0.793362 9.604054 16.106285
-0.197550 0.096730 0.105330 25.566145 -6.698186 -15.026919
-0.128710 0.035578 -0.121120 -8.180460 7.963819 -5.186608
0.039846 -0.020700 -0.125940 -3.370130 -2.439255 -2.957729
0.136700 0.010642 -0.155950 -7.409279 2.446218 2.160422
0.063091 0.012002 -0.000793 24.953617 14.641638 -20.296474
0.135720 -0.053431 -0.088956 -10.611263 -2.936225 -1.707895
-0.128910 -0.030576 -0.017090 9.169102 16.230412 14.040949
-0.081066 0.008794 0.115720 -4.749426 -4.781998 19.336297
0.008251 0.057614 -0.007636 4.814404 -8.631621 4.490767
-0.087316 -0.120280 0.080092 1.387276 3.312793 -5.081328
-0.120100 0.058234 0.043900 2.878657 7.694988 10.945763
0.114110 0.144880 0.037545 2.480340 0.377038 -4.396903
-0.049638 -0.127080 -0.082066 -17.803619 19.771178 -13.657617
0.039660 -0.068725 0.007171 6.581634 -19.616562 -3.742774
-0.075356 -0.102500 0.060633 11.472184 5.416276 -0.059642
0.033876 -0.276170 -0.042076 -0.211709 13.388471 -4.117435
-0.001372 0.042918 0.129050 1.333647 1.874039 -0.754637
0.009713 0.031041 -0.184960 0.908855 5.180992 -0.272583
-0.002115 0.172790 -0.145970 -3.045840 -8.986294 1.846563
-0.042675 0.111050 -0.008276 0.862977 -14.491347 2.721024
0.016280 0.093024 0.137690 3.587455 -5.987631 -6.558256
0.037809 0.036666 -0.022899 9.272927 -4.793110 -1.123049
-0.007643 -0.092178 0.021330 -17.402705 -17.839698 -6.620119
0.107000 0.193290 -0.220700 -13.899427 -21.884324 21.356633
-0.014842 0.123620 0.080405 -4.786773 7.100636 1.355018
-0.086669 0.110980 0.101060 -10.497629 -2.326344 4.614285
0.012566 0.124600 0.068972 9.264060 -4.338695 5.546165
-0.026701 -0.215450 0.026047 -0.073865 8.729097 1.365945
0.084392 0.082807 0.108410 -7.927944 -7.786090 -5.477373
-0.293000 -0.217830 -0.144010 -0.587147 0.969193 2.693433
0.170910 -0.136010 -0.000614 4.543304 -2.686651 5.035280
0.082709 -0.167170 0.577490 1.859115 -6.016658 15.200673
-0.101380 0.019940 0.023717 -10.478844 -1.501561 -1.755894
-0.003862 -0.176710 0.089431 -4.491037 -4.947689 1.982603
0.005850 0.020178 0.095120 6.189575 0.632583 -15.386941
0.100880 -0.081839 0.104580 10.102047 0.522827 9.938604
-0.022144 -0.086736 0.045629 -3.093415 11.912949 13.296838
0.091635 0.116120 0.077722 1.067194 12.785113 8.995403
-0.052175 -0.400730 -0.099328 3.823919 -14.362990 -2.391915
0.101480 -0.109680 -0.143520 -6.477256 3.591343 5.950310
-0.025447 -0.117780 -0.013715 6.005400 4.847810 -8.910141
0.088643 0.033752 0.116260 5.494121 5.221278 -5.884757
0.032620 0.123220 -0.061906 4.070434 0.029797 -0.153868
0.111970 -0.109030 0.089048 3.834765 -3.842980 2.592859
0.036700 -0.074970 -0.000392 -2.001925 -4.518960 -3.779145
0.013173 0.021613 -0.042413 5.408640 9.913601 -15.784250
-0.029996 -0.032745 0.011441 6.631993 7.883823 4.741552
-0.001392 0.068854 -0.027098 -7.194508 3.136717 -9.006365
-0.098292 0.003867 0.035341 2.688967 -2.056313 -6.973919
-0.042969 -0.027043 -0.035800 4.984548 -5.597408 0.955746
-0.012622 0.075995 0.016433 7.207422 -0.864235 1.167711
-0.032355 0.005484 -0.045193 -18.141258 2.147221 1.845827
0.033876 0.039874 0.036664 -6.186507 7.980202 4.057920
0.069992 0.013185 -0.047918 -6.725992 10.395371 -5.765223
0.015023 -0.087693 -0.092519 -10.749965 -1.697399 4.986917
0.081138 -0.113680 0.126100 5.869476 -5.449317 8.159774
0.080705 0.042366 0.062465 -8.957003 16.312570 -0.965322
0.077578 -0.145590 -0.065737 -3.059561 -0.120705 -2.142684
0.158520 -0.095704 0.077076 8.740087 0.783721 7.416344
0.511740 0.101460 -0.042570 -5.444345 -5.437612 -3.324114
0.071025 0.112230 0.096376 3.499193 4.833063 11.904790
-0.025336 -0.093411 -0.032276 -2.909160 15.674172 5.232618
-0.046774 0.016269 0.019729 -6.504748 -14.197567 -3.681137
0.012374 -0.012732 -0.015147 3.495619 -2.369686 -9.028177
-0.016621 -0.023989 -0.048017 -8.345708 15.425825 1.718532
0.031822 0.023780 -0.087384 5.911128 13.445486 -7.194353
0.007174 0.034308 0.014165 11.082217 1.344384 -3.993546
-0.135240 0.109460 0.118000 -4.904724 1.721668 -5.358115
-0.031319 0.135100 -0.044795 4.012106 -7.782352 7.129416
-0.103550 -0.011817 0.061717 8.593754 -1.202501 -2.982421
-0.092257 -0.267300 -0.105200 1.412162 -15.556322 -8.165789
-0.003201 -0.064385 -0.080594 7.184614 0.951992 -7.034248
-0.125840 -0.031636 0.136030 6.910080 -1.093724 -0.754086
-0.071268 -0.140910 0.018943 -13.014428 -15.087238 5.688244
0.004624 -0.036354 0.060783 -8.629027 2.403530 0.469375
0.166450 -0.085816 -0.121710 10.389135 -2.428320 -1.838152
0.031843 0.076225 0.046396 -10.112081 -0.406748 8.797080
-0.012533 0.034319 -0.009911 -13.792196 -1.802394 4.589002
0.095959 0.089424 0.023251 -3.232915 -0.841798 3.031897
-0.010907 -0.163290 0.155030 -9.283032 -7.339584 6.175107
-0.079322 -0.082685 0.054938 -9.222573 -6.749660 15.537858
0.032714 -0.008227 -0.004745 7.189576 -21.875993 -3.598068
-0.101080 0.061541 -0.057420 -7.030500 -6.105126 -2.082640
-0.012408 -0.122220 0.059793 4.277840 -17.660804 4.941486
-0.064406 0.098890 -0.128540 -8.152568 26.562493 -17.361542
-0.209840 -0.237770 0.151190 8.232897 15.372242 -7.941706
0.005948 0.120270 0.019542 -6.543607 -22.571027 -5.201744
-0.055524 -0.013932 -0.054819 -0.655214 0.466641 23.166389
0.084805 0.099051 -0.020967 6.062649 2.167728 2.143947
0.118630 0.347770 -0.042470 4.461592 9.333274 -3.846856
-0.020050 0.043697 -0.020242 -1.508254 -0.981587 4.482991
-0.068845 0.056750 0.009961 -4.887935 -6.766984 1.026385
0.051562 -0.015540 -0.146040 -0.405921 1.921022 -11.223765
-0.016568 0.010544 -0.004168 3.239044 0.551621 -18.212796
0.084035 -0.021375 -0.032489 -6.132882 -5.392528 5.325473
-0.044751 -0.081085 0.008046 -5.352733 -1.005917 3.078930
0.243380 0.287620 -0.578960 6.478301 4.058031 3.257221
-0.138400 0.022395 -0.009589 12.554886 4.581487 4.984430
-0.040186 0.039602 -0.004520 -4.610916 -13.977620 -0.336347
-0.126860 0.048527 0.082764 7.385793 -22.775032 -7.656171
-0.000039 -0.063916 0.003653 3.523718 9.874964 -12.123918
0.239840 0.037163 -0.251170 -12.150607 -3.249381 8.055246
-0.023024 -0.001359 0.034248 -6.099342 21.602012 -6.126896
0.122130 -0.008930 0.104030 18.091008 8.584527 3.023374
0.043435 0.108450 0.095641 -2.857056 -11.943439 3.101154
0.268060 -0.108700 -0.083740 9.732404 0.446915 -3.315754
-0.189520 0.051248 0.061071 -2.073665 -4.119118 7.339329
-0.361330 -0.019001 -0.452200 -1.813168 -3.356155 -1.355474
-0.052933 0.001420 0.055148 9.938532 0.704471 -9.974399
-0.687160 0.351140 -0.078262 -10.055330 4.545186 -0.120392
-0.082348 0.016493 -0.055233 -0.074821 1.574919 7.324063
0.015758 -0.000224 0.077488 -2.067783 11.054554 15.280449
-0.169680 -0.170530 -0.128790 3.758418 3.185737 0.195872
0.035197 0.133380 0.117730 -2.029634 5.866444 -4.636079
-0.134280 -0.026928 0.020970 7.874596 -8.399438 -11.377025
0.004712 -0.006164 0.017300 14.213857 -12.718810 -8.979431
0.046156 0.020160 -0.062175 -2.298734 1.555626 4.955471
0.013392 0.071711 0.017490 4.327279 2.638849 2.403851
0.057355 0.038029 -0.051974 -2.476477 -8.523968 -8.686060
0.226510 0.148190 -0.104710 -6.876573 -5.846638 2.086099
-0.126830 -0.106980 -0.010295 7.691669 4.686108 7.380419
0.094880 0.087114 -0.068142 1.325725 -1.503340 -12.212888
0.011593 -0.084508 0.040163 -5.111678 7.232458 -0.960034
-0.092369 -0.092295 0.021741 0.299870 3.099378 0.194591
0.043734 -0.040984 0.035276 1.912800 -13.227459 4.098813
-0.026891 0.015088 0.043886 1.767748 5.489657 -4.740665
0.008825 0.062179 -0.021570 21.534712 -18.601531 21.351441
-0.165120 -0.386090 0.056946 2.951784 -1.676347 -0.465428
0.054540 0.012175 0.092198 -6.421544 -15.272553 -10.484198
-0.187250 -0.102830 -0.068416 10.289619 9.750475 1.432352
-0.029668 0.027232 -0.036427 19.275224 6.042589 -14.958883
-0.049510 -0.046313 0.022238 2.141911 11.860412 4.918717
0.055989 -0.155520 0.115000 -9.797155 5.181029 -2.850222
-0.018691 -0.005367 -0.049019 -0.045256 3.740194 -1.536355
-0.444310 0.747030 0.176060 2.324928 0.086530 -0.109552
0.007717 -0.013070 0.014115 -8.391421 -5.045167 -10.840314
0.022709 -0.043297 0.006370 9.074529 -13.309519 -31.645871
0.072096 -0.057294 0.068096 -3.725780 2.980976 4.340221
-0.114630 0.006236 -0.102770 -1.090690 0.154060 -7.424462
0.041434 0.011073 -0.002220 7.656611 12.872658 2.052649
0.132820 0.060602 0.265540 0.949837 -2.288721 -8.745968
-0.046203 0.088182 -0.030372 -5.373280 -13.500798 -7.007558
0.104390 -0.055025 -0.067403 -7.835533 3.925526 -4.714222
0.093936 0.001455 -0.000108 -14.265269 -5.116676 -16.956479
0.004001 0.009664 -0.035888 -10.119812 10.048709 17.523990
0.078988 -0.164240 0.090197 -0.956259 -0.000125 1.131984
-0.034438 0.013118 0.032687 2.006729 1.851762 17.676921
-0.148480 0.180700 0.035051 2.802955 -24.014589 3.685410
0.042476 0.085142 0.023564 -0.664596 -13.151966 9.165444
-0.061169 0.009231 -0.180140 1.947767 4.555459 2.958217
0.041693 0.021214 -0.033514 -5.272978 -0.348664 4.612361
0.176960 -0.075518 0.147340 0.306692 -3.740827 0.659488
-0.087679 0.047500 -0.086349 -14.480962 2.719319 -11.276302
0.067884 0.041130 -0.014263 -7.948130 -16.646563 -1.990745
0.147730 0.076541 -0.010220 9.976302 1.739555 4.277490
0.062252 -0.041760 0.010036 -13.197234 -22.696881 16.639266
0.001235 -0.006977 -0.054734 -9.459792 6.799048 10.041539
-0.080926 -0.071409 0.015024 4.867725 0.445332 12.437062
0.086509 -0.058976 0.332710 7.125337 4.581702 13.731462
-0.007089 -0.064909 -0.067026 -2.898015 -8.233828 4.379999
0.173450 -0.074847 -0.162820 -0.412616 -4.058835 4.915121
-0.000068 -0.097122 0.065812 -3.231083 -15.133153 -1.931144
0.037608 -0.104890 0.000766 1.756594 5.757439 -16.516425
-0.065042 -0.091208 -0.006717 1.848711 7.497502 -2.022104
-0.056300 -0.160600 -0.061019 0.363592 9.726363 -11.800956
-0.088944 -0.058959 -0.034265 -1.069379 9.923364 7.290967
0.079897 0.088805 -0.039765 -2.095365 6.792512 4.462387
-0.047253 -0.098238 -0.006269 -2.540098 -3.044493 6.620545
-0.076388 0.023981 -0.010166 -18.707754 4.051636 -7.974481
-0.080394 -0.033785 -0.108100 1.413807 2.675737 10.473558
-0.007430 0.033442 0.071975 16.630651 -6.175553 1.341031
0.066688 0.019605 0.007488 -8.043920 12.140984 6.664835
0.084714 0.099789 0.013933 12.480813 17.445056 6.076114
-0.225590 0.033910 0.082962 3.790187 -5.530984 4.094087
-0.154090 -0.162680 -0.068805 -23.083252 -20.778628 -5.008711
-0.024450 0.067803 0.022301 -9.620806 -7.498573 -12.908301
0.020563 -0.018356 -0.043547 8.723917 0.292244 6.806981
-1.385200 -0.056981 0.307010 -2.018453 0.852266 -2.001951
-0.028724 -0.176260 -0.005340 9.717658 5.766520 -2.581849
0.079112 0.051132 0.044060 -3.184088 6.979870 -10.847334
-0.330180 -0.074849 -0.112570 6.499694 3.257522 -3.290050
0.137740 0.159590 -0.026179 2.146589 -5.781860 9.874255
-0.121320 0.396210 0.073149 -5.739621 18.719430 5.914951
-0.064680 0.001837 0.003090 1.555459 -4.415423 -5.498204
-0.006230 -0.009494 0.033137 -4.862431 -3.579555 13.305031
-0.051573 -0.052057 0.021594 18.085916 -3.844610 2.329231
0.043470 0.051546 -0.036960 3.604468 3.743545 12.454487
0.099678 -0.144150 0.269210 0.071702 -13.260001 18.024620
0.064398 -0.047923 0.128230 -2.887120 -0.507556 4.433943
-0.172970 0.012145 0.191530 6.356565 -7.648296 -11.283962
-0.063122 0.001608 0.149920 0.384117 4.643695 -10.247628
-0.021392 -0.052411 0.037035 7.681522 -2.681265 17.170896
-0.093909 -0.059675 -0.010136 2.674393 8.286193 1.448270
-0.003509 -0.033135 0.037987 -11.252927 4.431367 0.622045
0.969100 -1.191300 -0.484330 9.923250 -10.480857 -7.602336
0.029720 0.025990 0.069735 -1.720673 12.403076 9.464341
0.082626 0.146670 0.029955 -8.062130 -16.204172 -3.806787
-0.124450 -0.124290 -0.173140 -7.891633 -13.689803 -20.747525
-0.038358 -0.136300 0.079055 -4.873337 -1.376147 -6.920961
-0.056782 0.075330 0.144000 -6.526850 3.088829 23.969763
-0.116860 0.077118 -0.109650 14.609825 2.743473 11.273141
-0.067761 0.009259 -0.065944 15.917641 -5.063020 3.775022
-0.019094 -0.121880 -0.274090 0.579334 0.876764 -7.200636
-0.067837 0.015555 0.054673 8.676214 8.494319 -6.956187
-0.057873 -0.041636 -0.003626 7.415433 12.996068 -10.014609
0.081938 -0.031721 0.037847 -11.254985 -5.728412 9.942509
0.076759 -0.056902 -0.063872 -3.490361 11.435057 7.015098
-0.037380 -0.001337 -0.062108 -12.116310 -0.325585 -0.660482
0.218020 -0.064466 0.082335 -8.539991 -3.055984 -3.726855
-0.022898 -0.182110 0.128720 17.278295 4.960258 -2.372667
-0.094546 0.094425 -0.038796 14.689853 -16.117393 6.372836
0.004870 -0.020458 0.073130 -0.854649 -10.439152 -4.393874
-0.000393 -0.040573 -0.047012 -6.897019 -6.163339 5.875032
0.073835 -0.049774 0.037285 -17.655361 -0.730788 0.811636
0.006959 -0.079669 -0.022950 6.908487 18.846733 0.264510
-0.073021 -0.022770 0.025115 -11.606837 -10.727991 19.022120
0.040149 -0.025639 -0.012217 2.667120 -4.357917 -12.950991
0.055748 -0.058293 -0.078640 -10.563642 3.847123 -21.310620
-0.007710 0.130920 -1.382900 -2.193897 -0.249817 2.108928
-0.272130 0.246760 -0.876100 -2.234823 2.595991 -5.561710
0.022091 0.142390 -0.201360 1.842411 14.639658 -9.923594
0.059928 0.054574 0.008026 6.004449 -5.563655 -9.649255
-0.211020 0.088512 0.014114 -6.563063 2.309816 2.396959
-0.057994 0.059063 -0.015837 -0.897608 9.744113 4.624710
0.058024 -0.114780 -0.028204 -1.981799 -8.651803 4.066347
0.069731 0.027574 0.057500 3.762195 3.420896 0.340033
-0.207400 0.098634 0.177830 4.781742 -1.293326 -4.800520
-0.080048 0.300290 0.299900 7.929214 -10.605754 -2.669723
0.040908 0.419320 -0.001077 0.305278 -9.662873 1.595658
-0.023116 -0.003395 -0.012427 1.511762 11.605721 -5.490628
0.039414 0.126080 -0.363800 0.066036 -0.359796 -1.983805
-0.079882 0.006519 0.018723 8.476209 -1.708665 -0.554676
-0.255310 -0.203700 -0.030281 -0.268640 -3.267824 1.784058
0.135040 0.037192 0.036734 4.596253 1.704222 3.143627
0.021836 0.015679 -0.004816 5.718664 6.002863 12.479821
0.270260 -0.565570 0.080764 -1.671970 -15.881350 4.883174
0.153850 -0.193400 -0.165910 -3.114339 1.958695 11.707199
0.072766 0.044286 -0.103690 -3.906185 6.646835 0.061282
0.129180 0.251770 -0.244750 -6.461427 -4.271378 -7.979765
-0.166130 -0.101920 -0.101830 -7.447165 6.038948 -7.156072
0.032962 0.004298 -0.012707 -8.358378 12.174076 3.025412
0.004497 0.012816 0.006960 -12.169075 -29.021377 14.393016
0.014149 -0.096471 0.013491 14.727275 13.705196 0.592153
-0.038745 0.016902 -0.003955 5.891858 -9.119581 11.084004
-0.126160 -0.002183 -0.726050 -1.579472 -3.375645 7.094376
-0.024472 -0.016476 -0.060260 -1.959391 -15.261770 -1.619013
0.094559 0.067692 -0.034584 1.075772 -1.658132 -11.389678
-0.014004 -0.012263 0.009168 3.091864 -3.981622 -8.073708
0.098950 -0.025625 -0.159120 -2.838477 -3.407639 -2.990329
-0.043140 -0.062635 -0.012117 9.554827 -3.417880 -3.823780
-0.141250 0.080469 0.051328 -13.427213 -0.496549 1.176505
-0.078172 -0.092928 0.014491 -14.937992 -3.881959 -2.005289
-0.129030 0.110150 0.367890 -1.392892 2.215199 3.466521
0.002643 -0.014805 0.141350 8.202210 4.333729 2.366641
-0.018917 0.017104 -0.130030 13.164255 10.808836 13.046688
0.097108 -0.029671 0.069973 0.960167 5.893612 -8.206166
-0.024705 -0.011951 -0.037695 -12.751451 1.372790 8.197569
0.043424 0.058122 0.061551 5.844801 5.017136 16.069413
0.012299 -0.033012 0.074988 -4.505886 40.353635 -12.429039
0.005592 0.185850 -0.057136 4.357330 -8.529422 -2.910607
-0.130410 -0.091263 0.122160 13.553761 -7.998082 2.378515
-0.023729 -0.498200 0.217550 0.651357 -27.343836 13.193386
-0.071589 0.015727 0.043493 -9.482431 -0.186952 14.670280
0.013854 -0.042568 0.010974 3.293197 -9.415495 -11.456989
0.023012 -0.087663 -0.008685 8.349489 -14.548698 2.106650
-0.193900 0.035182 0.013077 5.002098 -14.110624 -4.011437
-0.090882 0.150900 0.511790 1.233559 -0.504388 -0.039212
-0.017509 -0.027463 -0.007971 -2.970135 -12.012254 0.793229
0.062071 0.069788 -0.058856 3.502706 0.048489 1.919270
-0.006629 0.016761 0.039942 7.565644 0.641719 -18.957059
0.075437 0.015585 -0.013962 -8.652869 -4.848673 2.280085
-0.107730 -0.024792 -0.126150 -19.534175 4.202900 -21.244304
-0.049189 0.020614 0.102530 12.601572 -17.024832 0.379642
-0.024585 -0.055946 0.083781 -8.681435 11.656412 -12.181720
0.100340 -0.011902 -0.020545 10.517292 -2.833556 3.694211
0.039393 0.026216 0.079449 -5.696949 5.519179 2.251599
0.071111 0.007729 -0.043362 -9.882943 8.021653 -12.856868
-0.032923 0.067199 -0.000173 -0.040684 -1.989766 -8.019016
-0.066720 -0.016323 0.108770 -25.656021 6.618403 7.207686
-0.116560 -0.047296 0.056812 -15.973642 -12.891743 10.044771
0.554170 0.039228 -0.194030 -0.801812 1.657709 3.244258
-0.018878 -0.042855 -0.125370 -5.406945 -6.669470 12.995619
0.035014 0.028273 -0.000269 1.172577 3.564533 -6.222553
-0.019554 -0.036400 -0.012030 -6.385367 -9.520967 -14.997326
0.019414 0.063750 -0.045308 -7.382233 7.392039 -13.239747
0.015681 -0.006925 -0.008110 12.035797 -14.475739 -0.919113
0.074498 -0.065022 -0.010544 -11.667840 5.708959 1.415305
0.017811 0.046386 0.049023 -25.211836 -20.903382 -18.473998
0.029409 0.056023 -0.038600 -1.362186 1.998558 7.415388
-0.085094 0.039454 -0.001292 -8.650255 -0.338950 -3.491154
0.239740 -0.357630 0.073287 -6.280456 12.056811 1.073925
-0.044152 -0.047204 0.114200 -5.598309 3.047698 -6.659185
0.051816 -0.012209 -0.206180 -4.540758 2.844720 12.105070
0.050081 0.187140 -0.027630 3.074461 13.277697 1.216497
0.149990 0.037818 -0.024687 14.330575 -8.556551 -8.016062
-0.020402 -0.077523 0.067077 -4.095757 -3.210421 -12.355146
0.074295 0.073155 0.001579 -9.929205 -7.708368 1.609031
-0.005264 -0.081466 0.011424 0.057902 -0.591953 -14.106900
0.172300 0.176520 -0.138880 1.497890 -0.690205 1.455471
-0.211850 -0.017847 -0.170940 6.567966 -2.967864 9.602160
-0.009626 0.030893 0.038669 -7.481470 -1.291184 2.335561
-0.052049 -0.014495 -0.043061 -8.474867 -0.237740 2.998976
-0.038749 -0.020403 -0.040847 5.171613 12.276444 7.964039
0.449470 -0.155190 0.254500 -6.478134 -0.583614 -8.024327
-0.083941 -0.062496 -0.020120 7.165650 4.548817 5.828156
-0.016378 -0.036860 0.008342 -9.274780 -12.278491 1.865236
-0.003109 -0.059014 0.027303 3.742420 5.361067 -7.773261
0.047537 -0.114700 0.176060 -4.332272 -5.714688 -0.025385
0.019075 0.100380 0.111580 -10.496088 1.838495 4.616778
0.116700 -0.129740 -0.017713 25.296669 -7.669576 -5.723055
-0.012594 -0.001712 0.020022 1.173857 -1.348197 -2.949453
-0.102250 0.213920 -0.126970 0.349555 0.745853 2.384378
-0.011865 0.032723 -0.019321 4.263214 -2.324575 -0.968548
0.040570 -0.108190 0.200200 -3.441460 -15.763045 -5.181138
0.088300 0.128620 0.097651 0.615095 1.220731 0.054869
-0.059572 -0.070041 -0.040255 -2.255695 -6.054466 -0.827381
0.114080 -0.002493 0.037403 1.017186 1.008436 12.674382
0.038841 -0.016698 0.013756 -10.796521 -14.042024 -2.180642
0.009197 0.025343 -0.003197 8.068698 5.723235 8.228325
0.004961 0.045993 -0.050581 10.987299 1.082644 -3.481925
0.060716 0.070176 -0.008667 3.788260 -3.497083 9.625597
-0.014320 -0.021070 0.032691 -3.398410 -12.003562 11.700422
-0.123710 0.170600 -0.151130 1.017921 -0.978956 -6.471188
-0.088853 0.319130 0.075892 3.266639 -13.696483 4.091153
-0.152310 -0.057138 0.084765 1.972957 -8.616820 0.288645
-0.022417 -0.028694 -0.019207 0.526916 0.249076 4.262884
-0.000348 -0.083311 -0.009583 -14.437732 -11.643959 -5.560220
-0.033972 -0.045303 0.049266 8.274988 1.221713 -10.450447
-0.057142 0.093479 0.069832 3.901737 -5.209495 6.089223
0.057310 0.051110 -0.051212 -11.702162 -3.964538 13.637858
-0.104340 -0.234840 -0.105410 10.130025 -2.074661 0.109674
-0.033441 0.099746 0.099999 0.789942 -2.951788 4.697250
0.411450 0.081569 -0.715580 11.612139 -0.177765 -17.357527
0.001774 -0.080742 0.120210 7.146045 2.111523 8.013935
-0.007660 0.164430 -0.026100 -1.876232 -0.659274 3.731365
0.029761 -0.011956 -0.089120 -2.550812 8.049815 3.386817
0.051085 -0.083531 -0.185260 4.227434 -12.376399 -4.759351
-1.117400 0.426070 -0.236280 -7.494016 0.480195 0.111427
-0.027724 0.033012 -0.275480 0.343148 2.565004 6.075949
0.047965 0.023486 -0.023150 -20.753991 3.145085 -0.247044
0.084201 -0.106970 0.006526 -3.125099 4.664864 4.900848
0.039579 -0.013883 0.029101 -6.787352 13.105289 0.252741
0.066249 0.100300 0.188610 0.173917 4.993223 -2.505296
-0.016659 0.023925 -0.050838 4.654573 5.572118 -2.056428
0.068306 0.011139 0.068285 23.605528 -14.363574 15.984241
-0.059391 0.039696 -0.001998 -17.873253 0.869557 26.425533
0.352170 0.077782 0.222150 11.535902 3.372281 12.865434
-0.037899 -0.003843 0.042307 6.281368 -4.074220 -13.590911
0.599470 0.152420 -0.105350 14.450470 5.634426 1.634027
0.065356 -0.074936 -0.079883 -8.712611 12.560960 3.579107
0.053825 -0.009315 -0.076324 -2.588148 5.386208 7.574369
0.010115 0.005402 0.017037 3.596765 14.059700 18.088933
0.017771 0.081152 -0.015644 -0.555347 10.560653 2.027795
0.526190 0.032787 0.007317 22.837774 -1.542843 -0.249842
0.039670 0.068051 0.374260 -1.053742 4.742933 2.971461
-0.055720 -0.004130 0.088516 -3.927983 6.996272 -4.387539
0.101940 0.158040 0.042968 -7.582344 -5.048828 -4.509834
-0.012719 -0.038367 -0.071028 1.472778 4.008502 10.590647
0.158180 0.062908 0.024395 -5.683387 -0.834975 4.987972
-0.111870 -0.023104 -0.026764 27.890445 -1.188374 -5.875511
0.105790 0.186680 0.266410 0.152931 5.439007 -5.269513
-0.031846 0.016656 0.061273 10.228025 0.016162 -10.991956
0.048109 -0.072607 0.089319 0.997173 -3.440482 -11.087429
0.027782 -0.032845 0.141650 16.310867 10.861362 1.245357
0.051900 -0.037150 -0.008226 -12.050067 24.542354 9.606771
-0.366330 -0.065147 -0.258320 18.232614 -3.397041 14.918345
-0.195090 -0.001207 -0.097453 -2.113450 -6.322282 1.923078
-0.204200 0.062004 0.020054 2.716707 4.764860 0.629746
0.133280 -0.063648 0.078130 -3.442071 16.785740 -4.970637
0.102370 -0.143480 -0.047832 10.040470 -1.433739 -0.951880
-0.312060 -0.265750 0.012792 -1.226075 -10.422629 2.664591
-0.009876 0.040503 -0.067490 -20.708079 9.449501 -6.487318
-0.077784 -0.008667 -0.016475 21.311332 -8.455950 6.388573
0.012889 -0.047029 -0.035484 -2.501606 -1.922128 -5.340847
0.250760 -0.105700 0.042527 -1.070091 5.657035 -3.526128
0.031431 -0.023066 0.027613 -2.387258 -13.139018 -10.842166
0.035714 -0.033499 -0.055028 -4.986530 -7.452735 7.550980
0.007220 0.142650 -0.083241 -4.786918 7.529207 9.487194
0.045044 0.130290 -0.038361 -4.644165 6.582141 9.028998
0.119360 0.024934 0.016995 14.932042 13.486106 2.765694
0.041770 0.121230 0.085342 6.629666 -1.895332 0.804128
0.110590 0.182860 -0.044581 -3.532097 0.115814 1.791521
-0.020097 0.083674 0.092895 -6.763251 -3.376923 -5.075267
-0.268050 -0.158820 0.081176 4.638671 -4.857073 0.366409
-0.052356 -0.066146 -0.077696 2.765455 0.503951 1.849736
0.176120 0.117160 -0.080535 2.972145 -1.131251 5.081071
-0.005303 -0.028957 0.020451 -2.421977 1.035377 8.660898
-0.010525 0.108560 0.012295 -6.831582 24.206117 6.750631
-0.086740 0.420200 -0.133050 1.450450 16.271949 0.199451
-0.180390 -0.073103 -0.141690 9.501974 7.785903 -2.113795
-0.070256 0.028525 -0.026588 5.666351 1.375841 -2.999656
0.083367 -0.027373 -0.059022 2.303504 3.856087 -8.075867
0.114230 -0.195180 0.189320 -4.307446 5.824373 -3.369120
0.021418 0.012915 0.031181 -8.022795 9.517390 10.151163
-0.216300 0.007466 0.173000 11.004700 1.302490 -4.127104
-0.001300 -0.110060 0.054998 -0.131924 6.483758 5.998650
-0.007030 -0.008816 -0.069126 -4.763574 5.366945 -2.636632
0.138030 -0.066335 0.277450 0.880320 -9.563039 10.283006
0.058160 -0.023821 -0.016743 -5.605692 -4.574219 7.867716
-0.041075 -0.009426 -0.000053 -3.448651 12.469629 12.071641
0.119010 -0.078121 -0.240600 -3.722257 -2.711596 -5.088684
-0.050484 0.073379 -0.038253 -2.745454 4.518593 5.931940
-0.004218 -0.010194 0.034693 -16.160123 -8.534883 -7.051729
-0.168850 -0.163130 0.289520 -6.210010 -6.619140 13.463527
0.067529 0.021298 -0.055956 6.695518 9.120460 0.812553
0.112780 -0.003105 0.027916 -21.905700 5.929579 6.027909
-0.020197 -0.050871 -0.039716 -12.781332 7.756305 1.433927
0.076507 0.003505 -0.060605 -3.208731 -9.058041 8.036507
0.121770 -0.292870 0.164220 7.051494 -26.955991 17.724275
0.077100 0.059247 -0.053078 1.863793 -12.629763 0.912702
0.005701 0.074562 -0.059246 8.720824 4.527898 3.490904
-0.010879 0.048370 0.121280 2.236733 1.095064 6.934022
0.008194 0.052348 -0.039861 -0.854467 -2.202298 3.851581
0.007409 0.027958 -0.047031 4.221591 -14.260780 -3.706753
0.075623 0.086574 -0.063745 -1.513295 -7.148843 9.469161
0.007562 0.075535 0.039664 2.144128 15.605988 4.668849
-0.004503 -0.122230 0.169990 -4.975212 22.710883 -36.061355
0.058570 0.232830 0.004328 -5.203029 -13.628100 -5.081398
0.043479 0.003759 -0.037283 4.710251 -4.341942 4.770509
-0.106950 -0.078083 -0.030709 7.328203 -3.543473 5.949855
0.199130 0.025009 0.101900 -10.725441 0.876149 -5.414918
-0.359520 -0.082948 0.600940 6.578958 -0.906222 -11.522136
0.019975 0.040423 -0.062149 2.247790 -1.473128 -8.125969
-0.063345 0.022987 0.023533 5.305770 -5.218363 4.479304
0.023045 0.036365 0.034374 -5.410871 -2.090946 22.746148
-0.066413 0.065237 -0.031583 -6.555553 15.204273 3.491494
-1.800400 -0.294560 -1.135300 10.070079 -2.801211 4.165643
-0.031425 -0.070270 0.042481 18.670318 -6.710447 -4.089079
0.241610 0.025240 0.185780 -2.040583 -2.358071 -6.941280
-0.018373 -0.044957 0.095706 9.673965 2.701263 -6.024688
-0.098651 -0.084142 -0.020622 -11.973265 -4.641460 0.542218
-0.108850 -0.051763 0.166620 8.917531 0.638280 2.141404
-0.075900 -0.077131 0.079316 10.630803 1.948935 -0.781475
-0.013723 -0.017103 -0.139910 8.439051 7.296838 9.801979
0.019392 0.007222 -0.023101 -2.126763 -16.706307 8.789318
0.102410 -0.072478 -0.033920 5.211162 -1.942049 2.091406
0.007279 0.063486 0.038751 4.078125 2.087329 -11.308833
0.002433 0.022717 -0.031271 1.438557 -4.015318 -5.011982
-0.013505 -0.017498 0.032118 8.070752 -15.754518 3.256649
-0.022943 -0.060745 -0.056104 -8.055217 -4.484877 -3.248899
-0.102760 0.047231 -0.013389 2.024766 -2.218801 -8.483017
0.003063 0.076278 0.037256 -2.067015 -3.906389 2.702467
0.022949 -0.044217 0.182530 -4.225378 1.179989 10.254830
0.172540 0.035005 0.004097 -0.016928 -5.907268 -1.588415
0.136190 -0.045172 -0.083898 1.379368 -0.436050 5.090560
-0.067817 -0.045892 0.158560 -0.110551 3.907910 2.661959
0.251280 -0.018502 0.225130 -7.946975 2.734733 -4.497604
0.025242 -0.044532 -0.201700 -5.068515 7.007852 -5.607744
-0.040366 -0.023576 0.128710 5.489487 -12.702524 0.623918
0.010041 0.019017 0.004210 0.373688 -7.144003 -1.858504
-0.160400 -0.048951 0.007675 -2.788880 -14.136628 7.556856
-0.066868 -0.024685 -0.021590 5.142082 -1.122346 -2.574371
-0.077645 -0.003504 0.035060 7.358103 11.424770 -17.454670
0.079472 0.003887 0.063452 -9.523308 3.939127 4.323247
0.036257 0.011305 0.031062 -9.056707 22.832012 2.465513
-0.040008 -0.003633 0.030012 -5.978848 2.095975 0.648317
0.277100 -0.057913 0.270220 -5.066923 3.652990 0.687617
0.160820 0.064655 -0.365810 -4.593713 -0.698716 0.144040
-0.097023 -0.078544 -0.013747 4.052701 3.860354 -0.654131
-0.105210 0.065670 -0.191770 10.588795 -1.315363 11.379497
-0.103250 0.005505 -0.003027 -36.095510 -18.212529 3.205361
-0.066864 -0.004454 -0.074538 -5.248617 3.667573 23.801330
-0.122090 -0.341350 -0.059423 -7.327064 -14.278684 -3.223128
-0.487830 0.064327 0.192420 -9.814319 4.763141 2.536106
0.243510 -0.238930 0.082196 12.490534 -8.072712 -4.180278
-0.074338 0.108330 0.086664 4.093076 -5.335491 -8.974160
0.080171 -0.203380 0.057661 -10.959524 22.538263 -8.299441
0.120050 -0.128740 0.016679 15.356559 -17.258872 -2.018769
-0.125500 0.018697 0.021203 -6.211487 4.106476 -3.725980
-0.002149 -0.047542 0.137260 4.365705 0.084724 8.021308
0.068176 -0.017689 -0.031726 -11.628859 1.021976 -1.904250
-0.058137 -0.069438 0.088734 2.841995 4.432315 -6.028009
-0.108160 -0.014611 0.336360 -4.477971 0.492913 10.022077
-0.050454 -0.015987 -0.020172 2.699609 -3.259342 3.022625
0.086639 0.088379 -0.014323 6.900081 4.531658 -9.542832
-0.101140 0.042187 -0.050326 1.460562 3.535678 3.377391
0.008232 0.056520 0.019946 1.622777 -4.570997 -6.354600
-0.075071 -0.071837 0.030863 -4.760745 -2.856727 -15.885944
0.084915 0.164150 -0.031313 3.273273 3.841356 -1.670138
0.030062 -0.048126 -0.030285 -9.700634 10.564444 11.239747
0.054171 -0.118560 0.019734 -8.840458 -5.262331 8.905327
0.015173 -0.145000 -0.181500 -2.321710 -1.487915 -12.576563
0.009669 -0.005111 -0.009350 -2.292598 5.258470 3.711077
0.013524 -0.043514 0.027538 -10.530713 -4.096826 0.780690
0.078763 -0.049082 -0.084664 19.457961 3.264205 -7.576330
0.132000 -0.166410 -0.385260 0.647043 -7.364598 -10.231167
0.239680 -0.015362 0.001356 -24.851482 12.272867 -15.881587
0.105010 -0.013817 -0.054103 25.641547 -9.617186 -20.050954
0.016194 -0.050802 0.046837 3.552370 -7.483514 18.317664
-0.057587 0.068665 -0.262330 -7.968596 5.844336 10.102525
0.004603 0.071917 -0.151020 -11.953046 7.890105 -0.139954
0.040055 0.019572 0.060199 14.949065 1.938850 10.374540
0.374060 -0.134960 0.354390 4.081073 -1.310087 0.097371
-0.032682 0.046206 0.221410 0.937014 9.491177 10.734307
-0.054387 -0.026913 -0.080198 -2.133503 3.608452 1.795676
0.237440 0.064992 0.128090 20.879549 -2.418426 4.393787
0.097373 -0.043151 0.100180 -11.927220 7.048054 6.587602
0.034657 -0.055031 -0.069851 3.433914 10.794991 9.547737
-0.065141 0.022261 0.019216 13.581649 5.285807 1.007616
0.043108 -0.003136 -0.015739 6.843366 -0.283210 0.912915
-0.014274 -0.102740 0.019374 -3.338832 -9.493383 -5.483370
-0.231290 -0.182570 -0.106970 1.792693 -3.541583 5.455575
0.407230 0.129250 -0.094754 -5.256526 1.802667 0.271477
-0.029420 -0.021248 0.057813 -10.122240 7.072984 6.972284
0.180780 0.012041 -0.027291 9.486076 -9.641211 -10.186064
-0.106880 0.087163 -0.037301 -2.948455 3.079622 0.759299
-0.273270 0.062049 -0.383910 -0.490313 -2.003420 -3.651775
-0.299230 -0.012632 0.085458 13.243122 -6.825030 -1.440960
