-0.104340 -0.056050 -0.089251 2.755500 4.781700 -5.517900
0.411450 0.081569 -0.715580 8.213100 0.235670 -14.639000
0.029720 0.025990 0.069735 -4.094600 14.102000 8.773000
-0.114100 0.005191 0.061131 -4.610800 -3.623400 16.767000
-0.178320 0.085176 -0.386360 1.535400 1.022300 -0.314340
0.035407 -0.018463 -0.010896 -9.354300 7.406200 4.453800
-0.022331 -0.025728 -0.024923 13.972000 5.884800 3.791500
-0.337100 0.021708 -0.105240 -8.532200 0.244130 -3.008900
-0.087869 0.026901 -0.102750 5.020100 -7.352400 5.890200
-0.022533 0.013858 -0.047604 10.360000 1.945800 9.593800
-0.089752 0.151260 -0.006450 -4.841000 -5.589200 3.082200
0.100870 -0.093641 -0.060245 7.483900 1.552200 -7.545000
0.453190 0.012271 -0.250670 10.921000 2.211700 -10.012000
0.041477 -0.001548 -0.076490 8.989400 -12.523000 -18.472000
-0.025808 -0.248090 0.021038 -2.640200 15.779000 -4.157300
0.026719 0.017506 0.015683 7.422800 -9.006600 -11.438000
0.066181 -0.012845 0.469320 -5.721600 3.627000 -24.739000
0.030055 -0.036591 0.019046 22.722000 -14.170000 6.139400
0.036141 -0.082366 0.034807 -2.651600 11.341000 -4.608900
0.081617 -0.097944 0.057445 -5.883000 0.501190 8.767500
-0.126110 -0.001312 -0.102860 8.762700 3.904200 8.493800
0.042471 0.041478 0.036147 4.448400 5.538600 5.187800
-0.037824 0.036739 0.007060 -5.369900 -5.713500 2.205300
-0.037859 0.115820 -0.125290 -0.422160 -2.469300 2.950100
0.010731 0.109460 0.037381 10.836000 -7.264300 -0.484440
-0.058346 0.046700 0.089572 2.934400 -4.731600 6.974100
-0.090721 -0.175380 0.193030 -0.230860 -10.737000 3.988700
-0.030978 0.021908 -0.048298 -2.010300 2.483100 -2.573200
-0.262610 0.116230 0.004381 8.284200 -8.045800 4.241900
0.074319 0.019501 -0.145260 -1.309600 9.810500 1.349400
0.045194 -0.052270 -0.086971 8.925200 -9.546300 -8.593200
0.060347 -0.037938 -0.101030 -1.870100 10.144000 8.909400
-0.128510 -0.018454 0.155550 7.302700 1.512100 -4.691400
0.101050 -0.087065 -0.022518 -5.880300 6.637100 -1.984700
0.059571 0.125930 -0.225320 -2.434900 3.494100 5.951900
-0.117580 0.032384 0.076960 10.014000 -1.695000 -3.135000
-0.343330 -0.053977 0.085126 31.159000 1.869300 -7.072400
-0.010586 0.141510 -0.069711 1.611600 -2.214400 8.822200
-0.050217 -0.055739 -0.141740 0.373290 -0.388790 -0.329770
0.049770 -0.202960 0.027200 -1.819300 4.657100 -4.860800
0.009051 -0.162940 0.019699 -4.030900 8.665300 -2.958500
0.137290 -0.051722 -0.054308 -5.796800 -0.738030 2.725000
-0.006101 -0.274110 0.018423 -5.398900 10.556000 5.121600
0.036317 0.063682 0.035215 -3.227400 -1.551900 -8.504700
0.018328 0.035888 -0.058481 -0.527730 -19.246000 -13.159000
-0.045161 -0.101170 -0.043097 -11.781000 0.364940 -13.271000
0.052313 0.040942 0.036175 2.107600 -3.591600 9.326300
-0.064620 -0.060513 -0.017044 -5.355200 -21.320999 1.336300
0.006384 -0.001404 -0.037002 14.928000 5.292700 0.324930
0.313800 -0.243910 -0.150340 2.392300 3.777900 -3.393300
0.083880 0.155370 0.064654 -4.505100 14.865000 4.728800
0.044156 0.086301 -0.019971 10.573000 5.048200 10.678000
0.170910 -0.136010 -0.000614 6.584800 -7.079800 5.086700
0.093116 0.091579 -0.017519 -4.409500 -8.064900 4.806900
-0.045736 -0.071523 -0.069085 13.285000 0.583360 -1.940300
0.013866 -0.033539 -0.123490 6.223000 -2.035300 9.657700
-0.037055 -0.011268 0.038897 9.861400 -16.500000 -5.748400
-0.000500 -0.016183 -0.079496 -2.418300 -1.801900 -5.550900
-0.032904 -0.099145 -0.056337 0.762390 0.195630 2.789600
0.026913 -0.000091 -0.010586 7.747700 12.382000 -8.242900
0.004580 0.020583 -0.039202 -13.831000 -12.303000 -10.514000
-0.086321 -0.107390 -0.079247 10.188000 1.458400 -9.179300
0.125800 0.044319 -0.041925 -3.539800 12.231000 2.916500
0.075382 -0.187460 0.157200 -1.939800 -7.746500 1.620900
-0.027672 0.043251 0.069661 7.853600 16.816999 -4.795500
0.007716 -0.028453 -0.086946 10.175000 21.910000 -8.021200
0.046137 -0.051085 -0.021156 -7.158300 -2.116900 -7.846400
0.007508 -0.144530 -0.132090 -4.306800 3.059700 -8.056200
-0.062933 -0.288930 -0.251130 3.693400 6.360500 -1.614700
0.067556 -0.094666 -0.134300 -1.850000 -0.528360 -4.967800
-0.014687 0.025949 -0.044123 9.138600 12.439000 6.852900
0.148340 0.080472 0.004666 -15.715000 -1.090400 3.901600
-0.165840 0.074364 -0.049571 16.448000 -4.401800 8.407400
0.048807 0.151130 -0.237890 -0.264410 -2.084900 3.313300
0.107470 0.072267 -0.091999 -3.419600 2.941200 0.696580
0.044506 -0.049001 0.050022 8.048600 -7.028900 6.189300
0.024366 0.061480 0.016223 7.697700 -9.122000 -2.208300
-0.088791 -0.008031 -0.067424 0.330070 -4.550900 9.271900
0.053776 0.098842 -0.035930 6.551500 3.108800 3.534200
-0.059843 -0.095814 -0.246390 1.197400 0.772050 1.312000
-0.007362 0.074976 -0.156510 3.976000 -2.698600 17.954000
-0.058919 -0.047433 -0.015828 -6.951000 -5.796700 -5.783000
-0.014568 -0.002848 0.054799 -19.606001 0.657540 0.473560
-0.233810 -0.047732 -0.117270 11.829000 0.401390 -0.477690
0.047909 -0.068208 -0.004397 4.087300 21.722000 9.158000
0.071713 0.028159 -0.029465 -7.838000 -4.477600 11.914000
0.072119 0.018049 0.008235 1.920200 10.297000 1.388300
-0.046800 -0.034216 0.081391 0.216660 -1.017800 -6.807300
0.192140 -0.064095 0.001237 -8.114000 0.261790 -1.052600
0.103350 -0.133460 0.077704 6.996700 -3.721200 5.807200
0.020215 0.153030 0.036487 -2.965700 -6.973500 -12.605000
0.055497 -0.043308 -0.000752 3.798000 -2.043100 8.141800
0.034475 0.045292 -0.004652 -3.877900 -8.927100 13.970000
-0.016386 -0.005595 -0.150640 3.167800 -3.435100 -16.142000
0.007701 -0.047644 -0.084209 3.080700 7.753000 -1.202500
1.189500 0.132230 1.632300 7.432100 0.386940 12.593000
-0.195940 0.762240 1.011300 -4.430100 12.836000 17.306999
0.072939 0.336820 -0.034087 -4.810900 5.242800 1.023400
-0.268790 1.908100 -1.446600 -2.505900 15.514000 -12.925000
-0.065269 0.034770 -0.039986 -1.431200 3.759500 6.726500
-0.089694 -0.018430 -0.009714 -22.646999 -14.865000 -12.644000
-0.016329 -0.128000 -0.020372 -7.377200 -0.854780 2.294700
0.040773 0.057254 -0.038261 -1.525400 -3.590600 -2.795100
-0.107600 -0.038056 -0.039356 9.107100 -0.978750 -4.410400
0.172390 -0.069066 0.061528 0.088981 -5.167500 -2.824300
-0.023799 0.050667 0.003618 5.165600 0.827530 -5.410500
-0.005068 -0.115380 0.078320 -2.791500 -8.789600 7.889000
0.062455 -0.093230 0.093691 3.201400 0.576100 3.525000
-0.039826 0.071862 -0.003497 -0.843840 6.424400 -1.773200
0.160700 0.098237 0.047218 8.944800 7.033600 -2.236200
-0.023753 0.098048 -0.077816 -2.085500 -3.434800 8.298800
-0.057542 -0.042083 -0.050013 0.062992 3.619300 15.120000
-0.045900 -0.098137 0.038215 -8.198600 -5.600600 12.252000
0.374060 -0.134960 0.354390 2.071900 -2.224400 2.382100
-1.488300 -0.502070 0.316060 0.855930 -2.230900 0.405830
-0.046203 0.088182 -0.030372 -5.609400 -14.339000 -6.999100
0.309550 0.241680 -0.047210 9.623400 5.555900 1.390400
0.099098 0.051717 0.069490 4.257400 3.113700 -6.061400
0.013392 0.071711 0.017490 2.688800 4.430400 2.235100
0.116420 -0.006143 0.081377 -12.349000 7.635900 -9.581600
-0.065143 0.081618 -0.037836 2.596300 -16.584000 -0.506460
-0.168850 -0.163130 0.289520 -7.424500 -6.155200 10.775000
0.056252 0.019797 0.010759 8.156000 -4.028400 1.618000
-0.042182 0.116330 -0.037603 -1.256100 3.368800 -6.186200
-0.189720 0.013063 -0.035283 -8.580700 -1.131300 -0.925730
0.082802 0.132650 0.151280 -4.813900 -2.985500 -3.961600
0.030470 0.285060 -0.128670 3.471400 -6.873400 6.849100
0.059573 -0.059456 -0.055318 -5.468700 -1.270800 3.996600
-0.024466 0.036253 0.036262 0.587380 1.655000 -5.010100
-0.075014 0.047357 -0.021423 -8.418500 -15.592000 -19.832001
0.001903 -0.085163 -0.051763 -3.952600 -4.547200 -2.961700
0.026387 -0.064003 0.013105 -4.143600 -6.911200 2.985200
-0.146360 -0.139060 -0.071843 5.380000 10.525000 2.537800
-0.090467 -0.016192 -0.014920 -0.626410 -4.284100 4.735100
-0.154250 0.153950 0.100260 -0.393470 -0.842040 -6.955800
0.163850 -0.421220 0.113880 -5.203800 3.645200 1.277900
-0.028277 -0.026934 -0.010910 6.096400 -3.001100 -4.347200
-0.022867 -0.042638 0.161910 -0.606380 0.922580 -5.058900
-0.027404 -0.049275 -0.022187 20.971001 1.037800 -0.760650
0.067548 0.029898 -0.093662 8.118100 9.863100 -4.637000
0.086058 -0.064386 0.151000 9.346900 -3.159300 0.698630
0.049559 -0.044984 -0.020965 3.239600 -6.811800 -3.674300
-0.025967 0.002278 0.079907 -22.233999 -19.895000 6.660500
0.100780 0.019501 0.103710 -3.460100 -12.049000 -3.084700
-0.060131 -0.216510 0.075360 -1.242600 11.733000 3.084000
-0.252780 -0.089401 -0.052326 -36.229000 -4.219600 -13.029000
0.189370 -0.390930 0.045750 7.734000 1.881800 -3.563300
0.132000 -0.166410 -0.385260 4.281300 -7.484700 -9.766100
-0.135410 -0.054772 0.079542 -6.365500 -3.247400 -0.159840
0.181300 -0.093979 0.131620 -10.187000 3.890600 -10.356000
0.021206 -0.034639 0.059741 6.628000 -10.514000 19.358999
-0.167050 0.019443 0.066392 16.365000 0.858540 2.723900
-0.094414 -0.014601 -0.022947 13.713000 -5.717900 4.844000
-0.175520 -0.001138 -0.073153 1.138700 5.134100 5.178700
-0.072670 -0.073547 -0.066582 5.699300 2.171700 -0.582630
-0.105650 -0.030208 0.152740 6.319900 9.461700 -5.364400
0.041106 -0.009233 -0.083612 -9.802000 -1.539600 -9.821100
-0.047660 -0.012130 0.104960 1.427800 -2.382400 19.518000
-0.163620 -0.092722 0.087599 25.243999 18.556000 -10.194000
-0.003509 -0.033135 0.037987 -11.904000 6.293500 0.030444
0.322130 -0.093382 -0.089072 15.662000 -8.085700 2.519200
-0.017812 -0.057087 -0.036162 -4.099200 8.396400 4.982400
-0.045863 -0.081461 0.020838 -7.120900 -2.873800 -0.145850
-0.126440 0.039831 -0.089295 4.388600 5.212300 8.343700
-0.050454 -0.015987 -0.020172 1.815100 -5.548200 2.099900
-0.054800 -0.067778 0.097811 -3.242200 -7.420600 10.934000
0.101660 0.066588 -0.130350 2.944900 -0.035242 -1.206500
-0.036428 -0.264660 0.010310 -0.413260 -20.193001 -3.596100
-0.200010 0.005744 0.139090 -13.292000 8.748800 8.073300
-0.012052 -0.010505 0.024706 -7.386500 4.345500 15.684000
0.153000 0.077676 0.118300 -1.469100 -5.983600 5.886300
-0.025845 -0.088478 -0.058152 9.815600 3.952100 -1.178700
0.077880 -0.052259 0.041797 -3.084300 -21.823000 0.675470
-0.056104 0.081671 0.005328 8.660500 -10.989000 2.119300
-0.193810 0.108070 0.256440 6.137500 -3.125800 -7.702300
0.012794 -0.012985 -0.003034 3.841600 -4.369600 0.261270
-0.097249 -0.000569 -0.096522 1.345700 0.546550 9.739900
-0.044569 -0.027437 0.001781 3.670800 -8.430900 -0.778710
-0.019322 -0.018736 -0.048171 22.969000 -2.881800 -0.619810
0.069461 0.066455 -0.000564 -5.254000 3.829800 -5.446500
-0.057669 -0.040111 -0.025120 16.243999 3.088600 4.433900
0.079292 -0.089646 -0.086281 3.885000 12.413000 12.684000
-0.111040 0.186950 0.393780 2.929700 -7.244400 -3.575300
0.257440 -0.013964 -0.257980 -8.188000 0.406420 9.018000
-0.021104 0.049990 -0.013415 -4.592700 -11.153000 -1.400300
-0.195310 0.101940 -0.059490 5.836900 -1.465500 -2.942600
0.024991 -0.099338 -0.036041 3.251400 13.416000 20.025999
0.174620 -0.043423 0.096273 -6.823400 -13.539000 1.833500
-0.023664 0.087447 -0.320050 -2.185000 -3.511200 6.114100
0.000246 -0.029056 0.022072 2.436300 -1.437500 -1.762700
-0.023917 -0.105220 0.047494 -3.645600 -4.066500 -4.572400
-0.123630 -0.004354 0.074453 -23.962999 -7.732000 1.054000
-0.058950 0.097954 -0.028256 -4.560300 4.220500 -0.296860
0.168560 -0.092822 -0.080998 7.934500 3.614400 -1.138100
0.085193 0.076973 -0.031162 -3.633400 2.920100 0.868380
-0.094973 0.123740 0.012283 6.433600 -3.664800 -13.220000
0.086396 -0.216320 -0.033738 -7.479900 -5.657400 -9.917400
-0.268390 0.349750 0.204330 5.688700 -6.549400 -1.204200
-0.034943 0.033484 0.024500 8.763300 7.903900 0.416300
0.029930 -0.006568 0.051431 2.228800 -3.041300 -6.486600
0.001753 -0.010146 0.081491 -0.456460 0.919300 -1.544900
-0.027916 0.003430 0.088254 -2.143500 5.733700 -11.327000
-0.007874 0.034250 -0.032794 6.284100 16.191999 -5.969200
0.008941 0.318060 -0.178990 -4.313800 3.461500 1.590600
-0.178380 0.043738 0.077102 -0.398460 4.242400 -0.720750
0.007795 -0.003434 0.042497 -8.677500 -1.492900 15.217000
0.023780 0.174770 -0.104120 -10.956000 24.552999 -2.249400
-0.147770 0.038755 -0.006416 -6.190200 5.736800 5.790300
-0.011424 0.010865 0.004859 -26.063999 15.136000 -0.583160
-0.026145 -0.063026 -0.017256 10.814000 5.622900 5.503500
-0.030916 0.011292 -0.012693 -11.311000 5.599300 5.693900
0.009290 0.029791 -0.011461 -6.428100 -3.245100 -20.629000
-0.308840 0.285560 0.167040 31.003000 -23.502001 -19.396000
0.013637 0.143420 0.136480 -0.386490 -8.206200 1.264900
-0.099791 0.075285 0.113880 3.717100 -4.245500 0.478700
0.109080 -0.340120 0.071116 3.922900 -15.126000 7.975900
0.014446 0.033642 0.034590 1.098600 -4.220200 15.661000
0.215300 -0.167120 -0.196990 -1.126500 1.175900 5.957800
0.076938 0.049257 0.004811 0.882490 -9.686500 -18.705000
-0.072649 0.081508 -0.118750 1.520500 -4.576700 5.219300
-0.077534 -0.074880 -0.032620 0.391380 -0.273930 -4.239700
-0.065003 0.141640 -0.499690 -8.830600 6.657500 -24.768999
-0.690640 0.571930 -0.146410 -3.770000 3.030100 -1.474700
-0.008398 -0.100000 -0.035676 -11.667000 6.041900 3.140100
0.057469 -0.021162 0.037776 8.276600 -10.446000 1.458000
0.010195 0.036361 0.032544 14.728000 -2.712100 6.671600
0.189360 -0.221460 -0.125120 -3.590200 8.502800 8.123200
-0.181760 0.056969 0.023154 -4.118400 -5.576500 0.070907
-0.142380 -0.061124 -0.221970 15.068000 4.114300 15.888000
0.046804 -0.001074 -0.202840 -3.451000 -5.549600 9.100600
0.075778 0.085316 -0.073938 -5.254400 -5.402200 2.910800
0.025527 -0.143210 -0.012694 -3.172100 -18.979000 -0.750570
-0.228600 -0.003038 0.008266 -5.018400 -3.031900 -5.185900
0.086639 0.088379 -0.014323 6.752400 5.245700 -10.653000
-0.146020 -0.038359 -0.126960 7.891600 -9.998300 4.399100
0.030772 0.017754 -0.035089 -7.096600 -15.942000 -5.616600
-0.037810 0.091427 0.089846 2.035400 7.650000 0.148580
-0.012707 0.007463 -0.014024 -25.007999 9.791900 -11.869000
0.033411 0.018567 -0.015259 -7.531000 -6.661900 -10.356000
-0.046774 0.016269 0.019729 -4.692900 -14.786000 -2.561700
0.060319 0.029542 0.011877 0.493670 -12.520000 7.031700
0.215720 0.114030 0.227690 -11.221000 -11.270000 -24.930000
0.127910 0.038296 0.065332 0.561400 0.691070 -1.348300
-0.087679 0.047500 -0.086349 -18.030001 1.163000 -12.406000
-0.001746 -0.098160 0.011492 17.728001 -13.776000 8.277900
0.007006 -0.198630 0.040380 0.267610 3.496000 -0.183710
-0.001830 -0.012020 0.019136 -8.639500 -3.566100 -3.718900
-0.040091 0.051487 -0.044837 -15.477000 10.696000 -11.325000
0.016909 0.025385 0.085329 2.337700 13.639000 -4.124800
0.077951 0.217980 -0.153720 -3.089700 -5.690000 -2.568900
0.091673 0.129860 -0.172310 2.722400 -2.208300 -1.211100
0.010787 0.094975 0.067497 5.765700 -3.840000 4.636600
0.024594 0.013717 -0.021099 -3.256300 -25.487000 -7.495700
0.084648 0.016240 0.025077 -15.339000 3.958400 -2.016000
-0.045547 0.016806 0.077640 -2.650600 -9.017300 -9.131400
-0.066371 0.028708 -0.057674 5.676400 -2.415400 3.840100
-0.092256 0.070670 0.012055 -6.076500 -1.669900 -7.454000
-0.036503 0.187940 -0.253090 -4.046700 19.115999 -20.798000
0.108300 0.069442 0.037343 3.073500 4.957400 -5.234100
-0.035797 0.034111 0.151590 7.187400 -0.086073 -11.875000
-0.017048 -0.037435 0.009741 -4.974000 11.197000 -3.803100
0.211690 -0.243530 0.135040 -6.812700 2.954600 -1.572600
0.148890 0.013070 -0.004830 0.367930 -7.313600 -11.887000
-0.039429 0.027571 -0.049885 -15.103000 2.726000 -7.189000
0.025767 -0.020052 -0.023035 5.388700 11.182000 17.538000
0.057061 0.062041 -0.021603 11.782000 5.801300 -7.280900
-0.003508 -0.066908 0.034774 2.835700 -6.110900 5.298200
-0.079097 0.062405 -0.066656 10.445000 -3.737800 -3.345600
-0.191170 0.030968 -0.023776 2.405500 -2.973500 4.212700
-0.025129 0.016735 -0.050658 -1.276300 3.531800 17.448000
0.462040 0.528290 -0.105700 -11.129000 -10.655000 1.679700
-0.238990 -0.062284 -0.099298 -11.264000 -4.585100 -4.479800
-0.041261 -0.070479 -0.039425 16.858999 1.446000 -6.568800
-0.122890 -0.015765 -0.032658 7.786300 0.848100 -1.959100
0.049202 -0.057075 -0.004216 1.100500 14.758000 -14.568000
-0.037905 0.030726 0.045882 -2.234400 -4.992800 -8.219000
0.444890 0.570240 0.783100 -9.703700 -12.877000 -18.163000
-0.021733 -0.144860 -0.035198 2.108400 7.270400 -5.519100
0.012736 0.040359 -0.057927 1.101700 4.856200 22.653999
0.001974 -0.003353 0.033447 8.820200 10.287000 -2.042000
-0.077965 0.008799 0.025935 -13.420000 -8.850900 8.073000
-0.080807 -0.061073 0.111650 -0.881270 6.903600 -4.345900
0.400520 0.391280 0.196050 -3.145600 -1.022600 4.081600
0.235030 0.147540 0.097541 15.630000 21.976999 0.685810
-0.058724 0.268760 -0.036157 1.490800 -7.191600 2.370400
-0.010738 0.035089 0.053930 6.134100 -22.839001 7.851200
-0.051254 0.153610 -0.144980 6.258900 -7.998800 1.468600
0.271280 -0.129860 0.139760 -10.117000 4.860700 -2.996500
0.095435 0.010781 0.031094 -16.820000 -1.432400 -3.932000
-0.025397 0.019034 -0.019588 5.219500 -6.618600 -15.932000
0.015343 -0.138340 0.123150 -4.301300 -7.241800 16.945000
0.073928 0.043309 -0.047013 -14.710000 -2.900700 -7.474600
0.008005 0.289400 -0.093534 -1.294700 -3.467800 -1.713300
-0.111890 0.103140 0.147470 5.804300 -9.892200 7.815300
-0.003859 0.035790 -0.021428 2.111600 -8.406900 -15.137000
0.017519 0.014985 0.001601 2.332200 2.598700 -1.908000
0.027492 0.024516 0.044560 0.296210 3.408800 -7.751200
0.128560 -0.104500 -0.034655 -15.047000 4.778800 6.260400
-0.041382 0.118060 0.015899 -2.840000 -2.337300 -7.705900
0.004262 -0.011182 -0.068476 0.025329 -14.009000 -7.576600
-0.052565 0.022345 -0.052916 -19.239000 -6.560000 -14.026000
0.000780 -0.008029 -0.033005 -2.937800 -19.084000 -9.215400
0.008354 0.036509 -0.004078 23.091999 -6.437200 -0.448240
-0.005282 0.037321 -0.001822 -1.052800 -10.242000 1.835400
-0.017551 -0.078019 0.240390 -4.646000 -2.785300 4.713300
-0.163200 -0.204100 0.077356 9.193600 5.700000 4.076800
-0.060813 0.047507 -0.018079 -6.128800 -4.296700 -1.628200
0.108580 -0.018521 -0.049364 -3.061000 8.172500 10.087000
0.025897 0.082602 0.008355 -10.793000 22.122000 -3.964500
0.041801 0.080453 -0.029584 -2.768000 -19.829000 -0.606270
-0.005153 -0.107110 0.033101 9.464600 10.072000 1.945200
-0.023206 0.074079 -0.009545 -4.909700 -7.539900 -1.804700
-0.013479 -0.057220 0.054923 13.577000 -0.802920 4.166400
0.136060 -0.004796 0.015727 18.774000 7.719800 3.933000
-0.022921 0.036714 -0.083621 -0.407050 -20.143000 2.838000
0.004625 -0.002696 -0.039367 -6.024300 -1.207400 -8.282000
0.063012 0.051845 0.133730 7.269300 3.308300 -13.406000
0.002016 0.024000 -0.039318 10.247000 -5.271000 -1.804000
-0.044152 -0.047204 0.114200 -6.020600 2.165600 -8.004100
0.033866 -0.005644 -0.021887 -8.948500 13.338000 -1.816200
-0.006756 -0.030600 0.021144 1.982700 12.274000 -16.719999
0.001671 0.011952 -0.143750 -0.316820 1.308000 -21.221001
0.008595 0.044041 -0.113830 3.918100 0.912420 -2.836600
0.053548 -0.242570 0.190410 7.782800 20.247000 -13.506000
0.014342 0.024366 0.051668 0.962400 -4.402400 -15.677000
-0.025128 0.036914 -0.051593 -6.100000 1.584900 -3.573700
-0.056016 -0.107800 -0.087407 7.291200 6.635500 6.734300
-0.057282 0.006579 0.054072 13.424000 -0.174850 5.229000
0.309940 -0.302250 0.846870 -1.554700 1.174800 -5.144700
0.053825 -0.009315 -0.076324 0.229960 2.420600 8.004000
-0.116560 -0.047296 0.056812 -14.144000 -11.620000 11.322000
0.176200 0.026709 0.022620 2.596200 3.132200 1.841500
0.048571 0.001649 -0.010276 -0.523980 9.759200 -4.336900
-0.049475 -0.097584 0.069226 0.312320 -2.696800 -0.342350
-0.012246 -0.078299 -0.006613 -2.712500 -7.114000 -8.347800
-0.035563 0.044014 0.069709 -0.555630 -19.264999 -12.634000
-0.001123 -0.063149 0.067226 -6.111600 4.902300 4.226300
-0.046143 -0.032656 -0.106190 -0.225890 -0.680640 -7.978800
-0.039853 -0.053504 0.087210 1.065400 10.262000 -7.560400
0.009714 -0.056902 0.046090 2.431300 4.928400 8.995000
0.151630 0.163740 0.054550 8.084400 -3.345000 -4.276300
-0.057706 -0.217900 0.186300 8.975700 7.304500 1.957400
-0.290470 0.048239 -0.014037 -1.763700 -3.044300 6.168600
-0.012601 0.010730 0.045369 11.832000 3.605500 6.246200
-0.012084 -0.066189 -0.071735 0.127050 14.958000 6.484300
0.038590 0.037710 -0.019272 -1.332300 -3.094000 -3.241400
0.027424 0.054788 0.048621 3.604800 -2.886600 -8.296600
-0.055401 0.015409 0.001624 -3.822300 13.986000 1.729200
0.035278 0.054075 -0.027158 -22.458000 -35.556999 -0.048728
0.187950 -0.154880 0.080279 9.620200 -4.110600 4.648700
-0.015620 0.067434 0.122140 10.167000 -5.011700 -6.227600
0.096298 0.071231 -0.052199 -4.580400 3.089700 -3.228500
0.028796 0.042779 -0.013415 -3.125600 -5.207800 -9.340700
-0.152310 -0.057138 0.084765 -0.673540 -7.505200 -1.182700
0.024998 0.098377 0.005713 -0.276270 14.262000 2.560300
0.055870 -0.040218 0.053430 3.971800 -3.587700 -6.169400
0.006609 0.010841 -0.080082 1.532900 1.068300 3.241900
0.017554 0.027846 -0.024860 -7.826200 -12.267000 -6.568200
0.035692 0.092043 0.013050 -2.149200 -6.194100 6.650700
0.033002 0.026422 0.021739 -8.078600 1.260600 -16.287001
0.001193 -0.066388 0.065251 -4.007600 -4.671900 13.495000
0.100910 0.051517 0.060588 4.487600 6.121700 2.864900
0.027259 0.014395 0.086448 -2.163500 5.779200 -11.229000
-0.064654 -0.061159 -0.009839 0.837520 1.868700 2.921700
0.056511 -0.086298 -0.177230 6.215200 -13.356000 -14.182000
-0.056245 0.101750 -0.007838 0.991310 -4.448400 11.417000
-0.122450 -0.048896 0.047219 -7.872700 -7.338100 7.333800
-0.109970 0.065462 0.026850 6.211800 0.615300 3.945600
-0.058658 -0.067997 0.013458 9.860400 7.668000 -8.891800
0.001103 0.219140 -0.102810 -10.127000 19.416000 -13.240000
-0.172080 0.128460 -0.039299 12.579000 -15.250000 -4.918400
0.097452 0.065743 -0.032812 6.122400 2.594700 -1.800800
-0.024468 0.007550 -0.047875 -2.349800 -4.923900 -14.471000
-0.007098 -0.121620 0.029959 9.412000 -1.095700 5.136500
-0.036153 -0.052066 0.040944 13.649000 -3.258700 -6.776100
0.409830 -0.195670 0.329350 -0.268440 -0.373310 -2.807700
0.250830 0.835290 0.798880 3.014400 6.122900 9.731200
-0.035056 0.442160 -0.528080 -1.570000 6.635600 -10.463000
-0.198980 -0.078903 -0.031535 -11.616000 -4.439700 -0.082473
0.135570 -0.075999 -0.143280 -7.067600 14.665000 10.294000
-0.348560 0.037584 -0.012635 11.911000 -5.460200 6.120700
0.138170 0.072314 -0.023948 1.875500 1.223900 -6.624500
-0.853850 -2.694800 0.888630 -0.004294 1.171000 -0.113420
0.038159 0.054947 0.043402 5.053400 -6.973300 -7.109000
-0.172970 0.012145 0.191530 7.421200 -6.366000 -9.728400
0.015921 -0.054171 -0.031787 -15.275000 5.818200 10.973000
-0.041291 -0.018553 0.059486 -0.046673 -8.771200 10.611000
-0.272130 0.246760 -0.876100 0.158340 3.261800 -7.445100
-0.042969 -0.027043 -0.035800 2.822100 -9.327200 -1.431100
0.027005 0.157590 -0.050622 2.771400 2.285200 -1.945200
0.110780 -0.137800 0.007671 -6.648500 6.284200 0.103310
-0.078358 -0.049740 0.036813 -1.046800 23.027000 -4.046700
-0.270460 0.157880 0.233160 -15.295000 3.591800 15.251000
0.046660 -0.092814 0.029398 -3.280700 2.165400 -2.433700
0.044565 0.051796 0.191490 4.010800 -0.160370 21.500000
-0.041936 -0.027792 -0.070432 -23.226999 -1.694700 -5.237600
0.066886 -0.053487 0.124780 -7.195100 13.576000 -6.425900
0.070688 0.095465 0.227660 -2.459300 -5.721000 -0.594580
-0.099227 -0.002068 -0.040471 16.877001 -2.251500 3.938100
0.161210 -0.068557 0.251150 3.892200 -1.634400 2.527600
-0.005876 0.045160 0.051767 -5.059300 2.697800 1.920400
0.085892 0.007877 -0.074459 -8.062900 4.232200 12.704000
-0.210710 -0.053274 -0.076322 11.755000 -8.657000 -2.113900
0.044223 0.003035 0.043424 -1.960300 1.981400 -8.225600
0.049155 0.006259 0.059369 -5.314200 2.483900 7.598300
0.063653 -0.046400 0.049765 -5.769900 -15.941000 4.190600
0.165840 0.015778 -0.129980 -7.477600 3.898200 4.186800
-0.054768 0.128420 0.015883 2.104700 19.257999 -3.956600
-0.004417 -0.083877 -0.020541 -2.804500 -3.415400 -14.245000
0.066690 -0.077397 0.055236 -25.764000 28.138000 -18.493999
0.078645 -0.050344 0.076943 -5.893700 -3.452000 -1.333800
-0.093814 0.077282 0.150620 8.371700 -6.014700 -0.362800
-0.171290 -0.020139 -0.044463 1.847100 5.028400 6.796800
0.007279 0.063486 0.038751 7.572200 1.915700 -9.573900
0.096952 0.307490 0.026206 -2.012400 -6.861900 -3.808400
0.115570 0.027058 0.064898 -7.828400 12.497000 1.980100
0.228680 0.256120 0.113260 -15.225000 -17.177999 -10.787000
0.035197 0.133380 0.117730 -3.933800 5.446800 -1.926200
0.049588 0.008783 0.002403 -1.487100 -2.371000 -3.651800
0.010928 -0.111480 -0.053033 -4.161700 -4.092800 5.179100
-1.582600 0.825270 1.791300 -12.660000 7.007100 14.354000
-0.002204 -0.013325 0.026942 13.364000 5.497300 -5.670900
-0.011522 -0.008138 -0.039669 -5.688500 1.089700 -9.674100
-0.013827 0.023035 -0.020831 13.203000 9.107100 13.214000
0.063409 0.013135 0.101860 -0.104480 2.056000 -7.138800
-0.069431 0.046413 -0.066442 -4.444400 -7.227200 5.256000
0.025892 -0.013086 -0.011408 -7.924900 -10.365000 -9.526000
-0.200820 0.126630 0.009809 -10.389000 14.460000 3.417500
-0.083941 -0.062496 -0.020120 8.086100 1.817200 6.148400
-0.102050 -0.091592 0.363210 -2.886600 -1.582600 20.187000
0.052197 -0.049877 -0.033428 -2.707200 -0.074098 -7.957900
-0.045920 -0.155810 -0.097806 1.839200 1.259600 -0.024906
0.055863 -0.039665 -0.027656 -6.575200 11.873000 -2.290200
-0.064106 -0.059696 0.029211 -0.237020 -8.754100 -2.820900
-0.017255 -0.078013 -0.007848 3.549200 9.890800 7.961400
0.105280 0.019118 0.010505 7.687000 11.114000 -9.512100
-0.095895 0.162340 0.090113 -5.463800 4.549900 0.715020
-0.283880 0.256490 0.205560 11.915000 -9.932600 -8.854300
-0.156430 0.087374 -0.000559 -2.706000 3.975400 3.183000
0.035965 0.062587 0.089539 -5.112400 1.917200 0.209720
-0.031595 -0.002855 -0.134630 3.191000 6.073800 -14.033000
0.071643 0.054415 -0.009780 -2.305000 6.269300 8.802900
-0.057066 0.006462 -0.004387 3.405100 -1.863200 4.128000
-0.028444 0.110060 0.039087 1.512900 4.295400 -15.459000
-0.125130 0.261670 0.244240 -3.982700 0.475940 -1.583500
0.044554 -0.093126 0.220600 1.067500 3.013000 1.012500
0.033864 -0.120500 -0.133920 -1.852200 1.038500 0.505670
0.074840 0.099264 0.028972 -9.168400 4.198700 -2.132100
-0.017843 -0.092762 0.096997 1.435800 -1.102400 8.656300
0.035075 0.029157 0.060634 0.516180 -11.748000 3.043900
-0.028310 0.119320 -0.031484 -0.251980 -8.916700 6.550900
-0.176170 -0.065365 0.052415 -15.139000 -2.369000 -0.489650
-0.263080 -0.078782 -0.234840 -13.712000 -8.858700 -15.162000
-0.010183 0.046696 0.020313 4.479700 4.452100 10.754000
0.014131 -0.143310 -0.057329 7.823500 24.115000 6.608400
0.053510 0.027331 0.010604 4.581800 0.141750 3.237300
0.069846 -0.028728 0.003112 2.741000 -6.965700 -9.312900
-0.523340 0.323990 -0.045150 8.000200 -4.949100 0.295480
0.142100 0.113560 0.013508 10.186000 5.263700 6.415200
-0.083003 -0.046653 0.011118 -12.075000 0.261420 -1.959800
-0.019370 -0.009488 -0.024450 6.671500 -4.678100 -4.325900
-0.021763 -0.220160 0.011588 -0.773600 -14.393000 1.065100
0.149880 0.213840 0.011361 2.635700 17.348000 -2.055400
-0.097675 -0.031921 0.014696 13.911000 6.272200 3.431500
0.131610 -0.060048 0.093219 -5.070000 -1.706000 -7.913700
0.000615 -0.018601 -0.010764 9.396800 -8.037900 4.532200
-0.061658 -0.005332 0.021526 18.565001 4.145600 -6.365900
0.014416 0.039543 -0.054893 -6.341200 -15.377000 4.594700
-0.012833 0.026993 0.008088 5.269400 -3.514900 -3.718700
-0.027081 -0.064297 0.056908 -6.109700 1.738000 1.347500
-0.061365 -0.113570 -0.001736 3.331300 -2.449800 4.383800
-0.180570 0.009896 -0.050794 -24.148001 -2.828000 -5.098500
0.082386 -0.066527 -0.023005 2.149400 15.369000 1.506600
0.030927 -0.032014 0.020243 -10.526000 3.708800 -6.497500
0.000568 -0.076550 -0.148150 -4.116700 6.737600 19.448999
-0.023879 0.163280 0.078618 2.445700 -5.834500 0.344760
0.094090 0.033091 -0.061785 1.607600 -8.470900 9.922300
0.025747 0.038323 0.042659 3.867700 -5.792500 -4.783600
-0.041174 -0.035069 -0.018696 -4.180500 -2.910500 4.800000
-0.073931 0.044596 -0.426150 3.481100 3.186000 -4.102500
0.264620 -1.159500 -0.396320 2.189100 -10.963000 -3.104000
-0.067161 -0.174520 0.027451 2.138400 -4.582300 7.346700
-0.050775 0.014483 -0.043715 2.687700 5.564400 -4.486800
0.147260 -0.253840 -0.078313 -2.340900 3.912400 6.668800
0.006235 -0.064403 0.049344 -11.103000 12.670000 -0.985040
0.120270 -0.047829 0.058937 4.667100 -4.408900 -2.860600
-0.120890 -0.089015 0.005874 -27.027000 3.151900 0.159710
0.040127 -0.161380 -0.051230 11.258000 11.315000 7.330100
0.045248 0.003100 0.004329 -9.858300 9.238600 -5.881300
-0.301780 0.083102 -0.462270 4.501600 0.023648 2.670400
0.082540 -0.051809 -0.031409 -6.771300 9.545100 -3.957000
-0.050004 -0.059330 -0.017894 -13.652000 0.537580 -1.737400
-0.043000 -0.047832 0.084876 4.328500 -8.313300 -4.476900
-0.037668 0.012547 0.012543 18.747000 5.306000 3.245600
0.248830 -0.016919 0.080937 -3.292300 5.603700 -0.985940
-0.081241 -0.121660 -0.063664 4.845300 -8.493900 7.989700
-0.207880 -0.254530 -0.465820 -9.015600 -8.783400 -9.975700
0.089522 0.032485 -0.015541 -1.525300 4.316600 -12.234000
-0.146110 0.021402 -0.144550 -4.759800 1.651800 -5.641700
0.151410 0.049091 -0.029131 8.535000 -6.447200 -3.556100
-0.155180 -0.001812 0.032817 2.749400 1.328100 -4.582000
-0.090332 -0.191280 -0.345640 0.113040 -18.357000 -32.341999
0.009409 0.017117 0.000753 15.663000 -9.548700 -11.675000
0.209830 0.225900 -0.048311 5.199200 10.523000 -2.636600
0.005228 0.026205 0.038126 15.235000 5.931800 -4.270600
0.103310 0.111870 0.057501 -1.324800 -9.403500 -4.231800
-0.107740 0.185960 0.434210 -5.859200 11.809000 15.086000
-0.025447 -0.117780 -0.013715 3.770900 6.861700 -7.971800
-0.017480 -0.003137 -0.009259 -4.393200 4.987400 5.143000
-0.023540 -0.051267 -0.065420 -12.318000 -2.227200 -7.580900
-0.076120 0.051234 -0.110930 -7.417600 -5.959800 13.693000
-0.066662 0.047767 -0.003443 -0.313740 5.240300 3.698700
-0.007710 0.038076 0.038613 -7.124700 6.463500 2.620500
-0.085734 -0.034603 -0.005258 21.976999 -20.938999 12.827000
-0.103180 0.261900 0.322500 -5.989300 10.048000 11.650000
0.069354 0.060698 -0.091300 -4.502900 4.550100 -17.455999
0.045745 -0.057231 -0.149210 5.886900 -2.330800 -9.075100
-0.020570 0.094717 0.031664 -10.554000 9.419800 8.453300
0.028130 0.054240 -0.003128 9.740900 -10.904000 0.103290
0.050036 0.083386 -0.039675 -6.486400 15.819000 -0.592990
0.034553 0.021612 -0.074273 -1.047100 0.474360 8.171600
-0.008097 0.073585 0.022558 -4.066000 20.146999 -6.744300
0.146500 -0.130680 0.206690 7.501900 -6.832400 14.977000
0.031358 -0.035703 -0.058907 -8.079600 -27.041000 10.628000
0.162200 -0.100680 0.001567 5.159800 -0.939000 0.553610
-0.101180 0.172460 -0.205910 -1.266500 -0.741770 -7.872400
-0.105290 -0.105180 -0.057335 7.562900 7.390300 -1.589500
-0.106000 0.038169 0.018624 5.494200 -2.483200 12.929000
0.128310 0.053682 -0.149710 10.135000 2.941900 -13.431000
-0.736990 -0.089371 -0.232390 6.744700 -1.588400 -0.836460
-0.068918 0.054084 0.223190 5.090600 -6.828000 -4.892500
-0.021497 -0.002627 -0.157560 1.442000 6.935600 8.088900
0.027353 -0.000232 0.031428 1.365300 -4.434300 -9.653000
-0.012020 -0.092276 -0.028183 1.403000 -2.070800 1.573300
0.072052 0.029810 -0.006453 -14.536000 -4.327300 -4.706900
-0.138020 -0.117900 -0.094440 -4.216200 9.226600 5.376000
0.018632 -0.085820 -0.046080 1.060800 19.510000 19.636000
-0.041660 -0.046893 0.128310 5.108700 1.715500 -14.735000
0.111240 -0.065416 -0.092368 1.145000 -4.833300 3.186500
-0.000190 0.008774 0.008859 -4.589100 8.945000 16.431999
0.048002 0.002733 -0.051877 19.385000 8.059400 -17.509001
0.813400 0.316930 -0.182580 -11.744000 -4.596500 3.402000
-0.023651 0.158140 0.141870 5.300100 -4.018300 -3.198700
-0.056032 0.068059 0.016829 -1.093500 -7.644500 5.260300
-0.032692 0.020354 0.114820 -10.377000 5.391000 11.892000
0.120050 -0.128740 0.016679 13.408000 -17.913000 -1.710200
-0.012057 0.003803 0.012225 6.673000 -1.035600 -1.930400
0.216500 -0.202970 -0.034764 3.950400 6.059500 2.760800
0.014793 0.047972 -0.045018 7.384500 -0.717550 0.604860
-0.309450 -0.179290 0.110810 -10.606000 -5.368100 5.944300
0.020559 0.040427 0.068342 8.611300 12.052000 3.160400
-0.006062 -0.344190 0.068088 1.137300 -8.659100 0.412800
-0.146950 -0.067475 -0.058761 3.233100 -1.605400 2.383200
-0.142690 -0.028209 -0.109710 -1.577100 7.181900 0.512230
-0.038688 -0.074645 0.111150 -5.799200 -5.762300 6.486800
0.054321 0.524790 0.258580 -0.111320 -9.372100 -4.503800
-0.005334 0.042818 -0.074724 6.125800 7.031000 -7.334000
0.161850 -0.345150 -0.027647 -17.108999 26.924000 7.071600
-0.000327 0.018129 0.015165 16.718000 4.358500 -9.227600
0.027497 -0.070145 0.003353 3.591100 -2.635900 -0.392820
0.120530 -0.123420 0.000295 8.395300 5.255200 -5.764200
0.155890 -0.005182 0.021231 12.797000 9.050600 -2.292800
-0.078779 0.004598 0.114750 12.027000 3.700400 -10.496000
-0.016862 0.065031 0.000101 -6.171100 -7.513300 0.894860
-0.010303 0.009549 -0.023487 -15.161000 -4.292000 -16.406000
-0.007602 -0.073460 0.049709 3.046300 -0.836410 0.241670
-0.064728 0.091393 -0.037155 5.303300 -8.621500 -2.598300
-0.086515 -0.019119 0.019403 0.854120 4.646800 13.308000
-0.068695 0.032021 0.137600 6.503300 2.630100 -5.744700
-0.031985 0.059767 -0.086019 -4.696700 5.299700 -10.028000
0.011308 0.094720 -0.037416 -1.527900 -8.923900 5.462800
-0.021474 -0.034224 0.013045 7.204500 -0.018431 4.481700
-0.026919 0.177860 0.003022 -0.025031 -1.732900 -2.259600
-0.022878 -0.188210 0.057019 5.256500 1.456100 -4.631800
0.056586 0.452930 0.020267 -2.810500 -2.987200 -2.623900
0.093436 -0.037234 0.079114 -0.364010 -4.593600 -5.349700
0.151750 -0.096672 0.000441 -1.443700 -0.038528 10.084000
-0.171850 -0.049607 -0.009542 -4.476200 -4.393900 1.846400
0.065387 -0.056650 0.020140 -8.493200 11.727000 -7.674800
0.088128 0.127380 0.388430 -2.287400 3.203700 -7.036800
-0.004164 0.001830 0.045705 12.925000 -6.414500 4.645400
-0.030948 -0.104520 -0.072247 9.940600 2.525400 1.731800
-0.392980 -0.101680 -0.444940 -3.153600 -1.331900 -7.660200
-0.016484 -0.021138 -0.004820 15.638000 1.758900 5.842800
-0.071485 0.080097 0.037975 4.111600 1.448400 -3.081600
0.069518 -0.042287 0.044643 -2.884600 5.609000 -2.788800
0.093145 -0.075098 0.078525 0.793100 -5.088700 -1.665500
-0.057474 0.022353 -0.022401 10.795000 1.601700 0.800330
0.010999 -0.007662 -0.032535 4.388700 -10.483000 6.031100
0.058403 -0.070195 0.036081 -3.570400 3.086400 1.600800
-0.100820 -0.110550 0.037759 6.735700 6.914100 -12.808000
0.010408 -0.010195 -0.054020 -11.197000 8.151400 1.725400
-0.101030 -0.078876 -0.094146 -2.915000 -3.796200 0.986770
0.033759 0.032430 0.029709 0.701900 -16.742001 2.755700
-0.053384 -0.051476 0.060851 -5.254600 4.605800 -0.967760
0.003694 -0.156230 -0.245850 4.156000 -2.149700 9.373100
0.079558 0.555780 -0.400450 0.980700 6.948600 -0.367620
-0.116860 0.077118 -0.109650 16.671000 2.066300 11.720000
-0.040686 0.051245 0.091516 -4.676700 -1.655700 -9.567200
0.064284 0.034961 0.021131 3.649200 8.689000 8.520300
-0.110750 0.058409 0.160560 10.665000 -17.187000 -6.946800
-0.142730 -0.019118 -0.152030 -16.827999 -3.954800 -12.870000
0.043940 -0.086570 0.106070 5.894200 -2.601000 15.670000
0.017546 0.056034 -0.009211 11.894000 19.537001 1.108000
0.096566 -0.080286 -0.157640 7.573800 -11.872000 -7.924400
-0.001794 -0.038806 -0.001622 -5.289400 -10.528000 2.896300
-0.067656 0.026933 -0.090996 -16.993999 -8.621500 -4.633300
-0.027218 -0.006344 -0.009503 5.862800 0.598850 6.912200
-0.059874 -0.011072 0.121620 1.660600 9.603200 5.019400
0.009215 0.150560 -0.047265 1.333800 -1.688900 0.278180
-0.289750 0.021196 0.050850 9.346800 -1.170800 -5.472800
0.125260 -0.081073 0.042752 -0.658190 -5.241000 -6.030200
0.058591 0.126350 -0.032116 9.177300 11.842000 -4.305100
0.110030 0.027447 -0.020997 8.852800 4.513200 -13.281000
0.036991 0.128660 0.120450 5.697200 8.049700 1.532000
-0.038022 -0.003805 0.031850 10.319000 -4.522900 6.841400
0.111340 0.026617 0.047259 -1.213000 18.157000 12.119000
-0.043681 0.068369 -0.100940 -7.363400 -12.593000 -4.024400
0.045458 0.371700 -0.219900 -0.479500 -5.153600 -1.052500
0.015239 0.008023 -0.025242 -0.578230 -4.407400 -2.155300
0.014519 -0.068189 -0.014407 -5.066300 5.276900 35.825001
-0.035730 -0.057649 -0.035413 15.625000 15.328000 12.381000
-0.130950 0.078382 0.108670 1.281600 -4.356700 2.052400
0.025895 0.068704 -0.006159 -5.355300 -3.099600 -1.700700
-0.540790 0.055079 -0.572560 3.941700 -1.109800 3.507700
-0.028842 -0.027451 0.007608 -10.616000 -6.377300 4.813800
-0.039913 -0.054163 0.008813 -7.181600 -10.850000 0.779700
0.118030 0.017241 -0.015411 -12.735000 9.177300 -0.563830
-0.001040 0.105600 -0.031062 -0.647750 0.858950 -3.089900
0.365280 0.053512 -0.473230 3.387000 0.649580 -11.429000
0.054171 -0.118560 0.019734 -11.437000 -1.856800 8.938300
0.006430 -0.010676 0.046376 9.790100 -4.749600 -3.527400
-0.065466 0.034630 -0.114670 -2.329300 -8.136800 4.490500
-0.021773 0.022241 -0.025619 8.187100 -11.853000 -3.484000
-0.016844 -0.007301 0.140700 -1.055100 -9.976600 6.761600
0.091635 0.116120 0.077722 1.181600 14.344000 5.166300
-0.038280 -0.035593 -0.087955 -4.447700 -10.962000 -13.226000
0.035086 -0.159270 0.025288 7.383500 8.878300 -0.282440
-0.232180 0.232040 0.088383 -1.914000 -0.876630 1.657800
0.022347 0.034867 -0.003105 6.308700 5.010200 15.951000
0.192310 0.071537 0.069742 -7.337200 -2.097600 -2.332400
0.232070 0.074955 0.094907 -5.365500 -2.301800 -5.751100
-0.084842 0.040778 -0.115610 -1.282200 -0.973210 -5.806500
0.009948 -0.121850 -0.029956 -6.516200 0.837940 -8.733200
-0.030223 -0.045712 0.003538 -0.179960 1.752300 3.192100
-0.074838 -0.007597 -0.076540 4.514000 3.018900 12.617000
-0.001871 0.106990 0.078781 9.131800 -4.955000 0.970330
-0.031952 -0.005179 0.056997 1.983300 12.071000 -2.272800
0.035365 0.039233 -0.060204 -3.187300 2.030300 -0.522660
0.021418 0.012915 0.031181 -8.874300 5.043900 9.927200
-0.011889 0.101590 0.249000 -2.396800 -6.735400 -13.972000
0.040210 0.221630 -0.051986 0.104170 -10.474000 -3.932500
-0.051551 -0.014376 0.063262 7.086500 3.332200 -8.045600
-0.036009 -0.069212 0.041561 12.044000 22.900999 18.754000
-0.350740 -0.193530 -0.117700 1.133800 -0.095940 4.812500
-0.091238 0.131870 0.146570 0.061566 -0.287950 0.006584
0.035205 0.047353 0.034627 -1.435900 5.739700 8.700200
-0.286260 0.015632 0.043508 -17.709999 4.819700 4.130500
0.067537 0.080078 0.035395 2.189000 -5.510900 0.857980
0.032241 0.069100 0.168110 -3.602800 -2.493900 -9.903200
0.084938 0.054937 0.050471 -16.898001 -15.134000 -3.735100
-0.066651 -0.053111 -0.090529 4.423900 -8.513500 -0.307610
0.068998 0.025302 0.075408 10.746000 6.595300 -0.587560
-0.052358 -0.058637 -0.058899 -7.811700 -0.755610 0.590760
-0.102250 0.213920 -0.126970 0.241560 -0.216380 0.181830
-0.032923 0.067199 -0.000173 -0.056433 -3.511600 -5.078500
-0.110120 0.080518 0.113150 8.533500 3.800100 0.039301
-0.114100 -0.028356 -0.063837 -11.697000 4.653700 1.150500
-0.027158 0.009510 0.002327 -15.684000 -7.725600 -9.465100
-0.063611 -0.022697 -0.101240 5.087100 -2.606500 -3.718500
0.011671 0.003004 -0.078302 6.350300 -5.878400 8.336500
-0.013536 -0.096573 0.050368 3.131100 -0.045109 1.201500
-0.048529 0.005837 0.024741 1.962700 -1.495200 -10.981000
0.062473 -0.134490 -0.129430 -2.502000 7.967400 9.211500
0.055990 0.056432 0.035691 12.082000 5.942100 -2.777300
-0.017499 0.017492 -0.028697 10.643000 -2.034300 -11.026000
0.074753 0.035042 -0.045315 -15.387000 0.404300 -5.961400
0.078602 -0.041927 -0.002059 18.200001 6.788100 -7.944500
0.100560 0.010619 0.295960 -4.396300 -4.415100 11.339000
0.062131 -0.026452 0.002334 -8.595000 -5.778100 17.895000
0.199050 0.037194 0.013664 0.868820 -1.266000 0.863230
0.029572 0.017187 -0.026898 5.886800 11.842000 15.076000
-0.024324 0.037380 -0.011584 -7.110200 5.036600 -10.703000
0.076778 -0.062570 0.008277 -5.463700 3.165600 7.216200
0.033590 -0.006323 -0.028402 14.667000 -8.847200 -5.619900
-0.029710 0.064391 0.042482 1.556600 -6.822900 -11.448000
-0.113890 -0.229360 0.143550 0.310000 0.172370 -1.109200
0.043607 -0.007400 -0.008858 0.029276 0.968770 9.241000
-0.110780 -0.163890 -0.041680 -6.419400 -11.366000 5.034800
-0.172930 0.180230 0.088357 -0.455880 -1.292700 0.262830
-0.036067 -0.015915 -0.129800 6.671500 2.528300 3.236500
-0.078918 -0.190850 -0.284030 1.725600 1.751000 2.133200
0.086938 0.011780 0.099789 8.813300 -5.066500 12.375000
-0.092382 0.027606 0.033096 -16.171000 6.512800 14.388000
-0.163550 -0.118860 0.029990 10.533000 7.449300 -2.567900
0.014284 -0.030713 0.010566 -15.096000 -5.603300 5.050600
-0.113710 0.051544 -0.037904 -6.002100 10.994000 -19.021000
-0.030175 -0.176030 0.299280 -0.084636 -2.840500 8.802300
0.317380 -0.357380 -0.092384 0.892260 -4.490300 -2.682400
-0.094683 0.058007 0.015091 0.852520 -5.799700 -9.712100
-0.015391 -0.004582 -0.060706 -12.172000 15.040000 1.115400
-0.013447 0.052216 0.009432 4.745300 -12.166000 -10.469000
-0.093699 -0.217460 -0.183880 4.107800 -0.674090 2.376400
0.035792 0.018438 0.045838 -3.445300 1.536600 -2.292000
-0.379800 -0.197380 -0.005182 -7.624900 -5.168100 0.210570
0.129540 0.068573 -0.033749 -7.794800 -8.169700 2.485700
-0.117400 0.167020 0.062066 2.298200 -4.559200 3.162900
-0.006174 0.021682 -0.011875 5.481900 7.348000 -9.303500
0.017652 -0.011610 -0.036739 -5.066000 -8.390100 -4.400200
-0.003036 -0.045074 -0.010779 0.558110 18.833000 1.398600
-0.032738 0.033288 -0.093190 4.783500 -10.397000 16.436001
-0.131730 0.347660 -0.016580 2.236100 -8.296200 -3.758500
0.266610 -0.010639 -0.239040 -4.375900 -1.861000 2.424000
-0.037604 0.120190 -0.166610 1.064200 -4.717300 20.561001
-0.012212 -0.010974 -0.014618 13.388000 0.941690 -15.177000
1.956100 1.346800 0.807220 11.753000 7.475900 4.182100
-0.438600 -0.040992 -0.104710 11.585000 1.481500 1.712100
0.004970 -0.005643 -0.014656 -13.409000 -8.691200 -7.845400
-0.143200 0.039795 0.034131 1.467500 -3.747100 -3.524900
-0.026083 -0.026341 0.024650 4.279600 6.829900 2.909300
0.017864 -0.057026 -0.016376 -12.290000 -18.358000 1.907700
-0.091663 -0.056216 -0.009997 4.363500 -0.449070 5.105900
0.051291 -0.075100 -0.018406 -14.014000 5.374000 14.397000
0.003667 -0.038061 0.069715 -4.534000 1.741400 -3.003100
-0.011525 -0.073307 0.076726 6.065500 -2.123500 -9.456300
0.009785 -0.100390 0.008458 2.191800 6.179400 -7.225700
-0.024450 0.067803 0.022301 -12.921000 -7.998900 -14.544000
0.045457 -0.233220 -0.029859 -2.500500 14.101000 4.675400
0.562240 -0.810370 -1.536100 3.696100 -6.900900 -14.452000
-0.082304 -0.097444 0.190210 5.317500 2.869900 -17.683001
-0.094592 -0.138380 -0.070103 -5.536400 1.939900 -1.594700
0.032620 0.123220 -0.061906 2.372500 -2.717100 1.769200
-0.020552 0.216560 0.059757 -0.220620 -21.340000 -2.085500
-0.045240 -0.046963 0.051358 0.305040 6.274000 12.718000
-0.034331 0.055168 -0.111760 3.441400 -0.704180 -6.841000
-0.112730 -0.047043 0.033702 4.477800 -11.272000 -8.645100
-0.091140 -0.056469 -0.000676 -0.673100 4.558300 -14.711000
-0.016611 0.091436 0.015703 14.499000 -18.198999 -4.419700
0.180780 0.012041 -0.027291 9.193800 -7.760300 -11.687000
0.085033 0.012174 0.058750 9.123600 -4.145100 10.376000
-0.028698 0.019489 0.003256 9.564000 -15.083000 -0.599840
0.037651 -0.126400 0.041880 3.076900 6.182500 -8.462800
-0.040027 -0.011817 0.062761 13.310000 14.432000 5.245500
0.110800 -0.055288 0.004796 -8.750000 8.200200 -0.461990
0.130710 -0.056983 0.284020 -3.966100 5.267500 -4.335500
0.015395 0.014141 0.008156 0.378460 15.705000 1.934800
0.026618 -0.180120 0.083720 0.606920 -1.518200 -3.006400
0.288440 -0.180970 0.333160 -24.646000 13.576000 -20.399000
-0.019383 -0.003043 -0.012664 6.383800 -11.790000 7.571600
-0.117950 -0.200500 0.120500 0.685710 -4.269400 -3.952300
0.067660 0.056374 -0.025355 -3.968100 7.202400 -2.851300
0.060433 0.190910 -0.032436 -4.787900 3.001600 3.593900
-0.013819 0.002634 -0.033099 -19.667999 8.148300 -3.082000
-0.048236 0.115900 -0.108710 -1.921100 -1.931600 18.030001
-0.004649 -0.115300 0.073320 -3.063400 1.871300 4.863200
0.171030 0.068375 -0.417410 -1.956200 3.266300 -2.275500
-0.040901 -0.038739 -0.000492 -10.093000 -2.042900 -4.173800
-0.161510 -0.048070 -0.078089 -6.416600 14.989000 5.201100
0.128520 -0.045626 0.335120 -0.957690 1.299000 -13.939000
-0.029816 0.003363 -0.020384 11.730000 6.946200 4.106000
0.031043 0.076963 0.042561 -4.305100 4.989900 7.995600
0.078976 -0.285520 0.124150 -9.864100 1.532900 1.820700
0.170020 0.191270 0.153980 -1.138300 0.200600 -6.022600
-0.099548 -0.021038 -0.056689 -3.902900 1.345200 -5.162400
-0.083007 0.013525 0.193200 -9.305000 -3.127200 4.456800
0.011664 -0.002375 -0.021900 4.336100 6.071100 15.603000
0.201730 -0.006883 0.064475 -1.526000 2.882500 -8.736200
0.049833 -0.087199 -0.064371 0.130630 -1.013800 9.384400
-0.073815 0.010177 0.014834 7.331100 10.552000 5.246800
-0.000847 -0.190850 -0.081286 -5.605400 -2.167100 0.578920
-0.155870 -0.015002 -0.018249 6.127800 -2.553500 -3.682700
-0.001395 0.008593 0.001010 -6.893400 -5.168400 6.840900
0.168650 -0.053049 0.053431 -6.485100 -2.998200 2.968000
-0.021846 -0.071280 -0.058728 3.689600 8.337500 0.680470
0.065045 -0.041018 0.004406 -8.294700 -7.879300 -6.994000
0.020815 0.027767 0.012261 -3.073100 0.529420 -24.513000
0.144850 0.794730 0.324840 -4.929100 -10.479000 -2.047300
-0.035069 0.046578 -0.005846 -6.017500 -3.638700 2.739500
-0.173840 0.271680 0.032256 -0.655240 9.237500 -0.351700
0.087968 0.072303 -0.017284 -3.476500 8.650700 4.620600
0.106750 0.050155 -0.006191 3.440000 -9.247000 -7.434200
0.001473 -0.028879 0.001563 -14.822000 -4.887100 -21.480000
0.042615 -0.025827 0.071089 -17.767000 2.120800 -1.572600
-0.013642 0.020236 0.025807 3.022500 6.014700 -5.981500
-0.079509 -0.079685 -0.090808 7.853100 -6.661800 5.840200
-0.002339 0.022322 -0.013894 4.059800 16.698000 8.321800
-0.108850 -0.051763 0.166620 7.973300 2.559600 -1.276900
0.025192 -0.114390 -0.036222 -4.950000 11.301000 11.848000
0.025894 0.026399 -0.031157 -8.121400 -5.615500 -5.010900
0.155010 -0.118590 0.469600 -6.034000 5.135100 -23.320999
0.059031 0.066089 0.058335 -9.989800 -3.563500 10.383000
0.061578 -0.011024 0.107310 -2.836200 -10.390000 -2.789000
0.063348 0.005561 -0.007744 -9.814200 -17.889000 12.728000
-0.106920 -0.001950 -0.074057 3.062300 1.468100 -15.247000
-0.025077 0.031250 0.026581 13.142000 7.992300 -17.813000
0.027157 0.067237 -0.085950 -6.644900 6.524800 -2.801700
0.071035 0.174670 0.001728 -7.756500 -0.649400 5.307800
-0.042100 0.015738 -0.098949 -3.035500 -14.500000 10.142000
-0.053833 0.072243 0.003979 -1.886500 -14.848000 11.174000
-0.073214 0.013087 0.034615 -3.929500 26.823000 8.708300
-0.126830 -0.106980 -0.010295 11.182000 5.918100 7.070500
0.053786 0.019936 -0.105210 2.083600 -1.224600 -8.241600
0.003443 -0.016696 -0.083879 -9.838700 4.538600 5.324400
0.021077 -0.012560 -0.007597 15.282000 -17.267000 -3.779800
-0.023473 0.003720 0.009839 1.796900 8.525300 11.073000
0.044098 0.027814 -0.026696 9.141200 7.368100 -12.943000
-0.015633 -0.079491 -0.015722 -16.167000 -2.193800 7.213000
-0.007941 0.017808 0.023023 20.049000 -1.215100 -12.505000
0.068546 -0.034855 0.059273 3.302800 -3.641500 1.179600
-0.274940 -0.016080 -0.310670 -6.813400 -2.359500 -9.038400
0.179350 -0.007829 0.082565 6.538700 -4.355600 -3.059700
-0.106430 0.204750 0.191180 2.558600 -6.784500 -5.391500
-0.010887 0.435300 0.093438 2.784100 -11.040000 0.126990
-0.006532 -0.010930 0.173380 -2.769100 1.574400 0.263960
-0.020091 -0.029110 -0.036752 -0.612100 8.871100 -9.220100
-0.138580 -0.162920 -0.173950 -1.424200 -5.871400 -14.025000
0.006276 -0.018129 0.035307 -7.303300 1.253700 5.948100
-0.320430 -0.323030 -0.129500 -8.836300 -7.081600 -4.926800
0.117990 0.074834 -0.038613 -10.327000 -2.428000 -1.961500
0.042292 -0.064716 0.006422 8.777600 -0.547410 -1.975500
0.092638 0.038168 0.014786 -0.363500 -0.629810 -7.243700
0.000556 -0.051458 -0.071492 -1.885500 0.133820 1.143900
-0.106250 0.018950 -0.164120 11.032000 1.883500 20.816000
0.084680 -0.081392 0.004312 2.252000 -1.026500 6.298200
0.031611 -0.156170 0.101310 1.159900 3.590400 -6.294000
-0.125280 -0.068994 0.027979 -7.188200 -14.996000 3.956400
-0.039944 -0.010999 0.029569 2.936700 -3.533800 -8.074600
-0.128150 0.440610 -0.261540 7.236800 -25.763000 17.497000
0.215560 0.131290 0.035584 -6.139000 -0.600270 -1.832700
-0.009573 0.009371 -0.017518 0.819550 21.898001 2.676200
0.209270 -0.113690 0.024666 3.594500 -1.540200 3.586700
0.103260 -0.032752 0.057092 -6.679000 -4.013100 -1.742200
-0.035751 -0.006883 -0.005304 -2.070400 11.694000 11.627000
0.040318 -0.145450 0.029832 -7.844100 24.586000 5.828300
-0.039792 0.100320 -0.026768 -2.872700 17.072001 3.810900
-0.236340 -0.397210 -0.248890 -6.192600 -6.826300 -8.042800
0.179750 0.551080 -0.087509 -1.584900 -3.953200 -0.294550
0.002394 -0.041883 0.035166 1.476300 -0.761310 2.547700
-0.093355 0.149610 0.225140 -5.020100 0.923170 -0.029139
-0.055026 -0.089689 0.165150 -2.551400 -2.745100 11.424000
-0.067837 0.015555 0.054673 7.306000 7.480400 -8.179000
0.009678 0.014896 0.000986 -26.039000 2.403500 5.805900
-0.160400 -0.048951 0.007675 -2.687100 -14.111000 5.960800
0.035925 -0.020341 0.096098 7.015900 2.529100 -4.931200
-0.014826 -0.014528 0.022103 -8.817800 -6.633000 -6.869600
0.006961 0.127750 0.009067 3.045900 -12.360000 1.693400
-0.088525 0.068520 -0.092771 -7.166800 -1.275500 -5.407700
0.091345 -0.027306 0.212940 -0.797550 -4.595200 -1.631500
0.089121 0.036491 -0.042434 -26.760000 0.591470 20.561001
-0.035599 0.045589 -0.041203 9.991700 -3.493600 1.237200
0.025109 0.092764 0.085797 4.501500 1.777200 0.646080
-0.011424 0.069467 -0.007276 -3.383400 16.299000 3.353900
0.225440 0.081025 0.063896 19.479000 8.944700 -2.320100
-0.143020 0.048312 0.083064 21.194000 -1.904800 -11.021000
0.063915 -0.058829 -0.074995 2.487100 -8.365000 -1.532100
0.029858 -0.027646 -0.034727 -15.641000 4.987800 13.668000
0.148140 0.002465 -0.017687 -4.637000 8.840100 1.950300
0.017255 -0.081353 0.045796 2.637400 -7.399900 4.373100
0.024947 -0.061209 0.008243 -11.244000 -7.978300 -8.130600
-0.048194 0.149320 0.122840 -17.184000 14.931000 4.091300
-0.051612 0.022735 -0.267880 1.691500 -0.861980 3.783600
-0.074843 0.022702 -0.094784 10.059000 2.406800 0.841870
-0.024515 -0.043087 0.000292 -3.846000 1.520200 -12.710000
0.003033 0.093576 -0.359750 -1.291200 0.475640 -0.386740
-0.036878 -0.070710 -0.096362 -4.046900 -7.276700 -4.601700
-0.025609 -0.101320 0.045095 -9.857600 16.812000 -1.154000
-0.087316 -0.120280 0.080092 0.206370 2.226400 -2.926100
0.081278 -0.013085 -0.151240 2.225300 -1.316900 -5.958000
0.022413 -0.020633 -0.076527 -7.979300 2.862500 -1.959600
0.066060 0.156690 -0.014139 0.514710 9.971900 -2.216100
-0.120220 0.035114 -0.134870 10.770000 -3.520300 1.439300
-0.091286 0.772300 0.271810 -3.768100 5.663000 -0.453930
-0.092962 -0.015417 -0.093972 4.545800 0.663120 6.024100
-0.403550 0.153220 -0.200110 -20.368000 4.357000 -17.495001
0.026299 -0.052063 0.076580 1.803400 5.056200 -0.556460
0.014758 -0.008563 -0.003774 9.972200 1.521900 2.316000
0.215410 -0.160770 0.100180 -1.958100 0.396100 -4.720400
0.060119 -0.059183 -0.013064 -11.514000 -2.732000 2.979000
0.021876 -0.116310 -0.163200 0.562350 1.207000 2.076100
0.000616 0.080261 -0.093974 -7.981900 5.760900 3.839500
0.071443 -0.161480 0.123340 5.742100 -14.949000 14.222000
0.084754 0.097735 -0.000629 1.271300 -4.464500 2.685700
-0.018691 -0.005367 -0.049019 0.265910 3.414500 0.285810
-0.449440 0.434990 0.209680 11.582000 -7.263600 -8.193500
0.007781 -0.006374 0.060011 -1.197500 2.344700 -12.830000
-0.272180 0.174800 -0.086136 1.409800 2.459500 -2.112600
-0.042298 0.237970 -0.053303 -15.798000 16.488001 7.713400
0.041443 0.008482 0.021489 12.437000 0.259870 -5.029600
-0.035610 0.098839 -0.049443 3.311400 -4.828000 -1.368900
0.055926 -0.233820 0.087890 3.508400 -1.223500 4.928900
-0.067435 -0.234930 -0.026065 -1.279100 -6.824000 -3.040600
0.232460 0.638520 0.131890 9.699100 12.588000 5.111500
0.048109 -0.072607 0.089319 2.678900 -1.799500 -9.370400
0.040721 0.020630 -0.013764 2.687300 9.221900 -6.375900
0.027964 -0.059653 -0.115330 7.968100 -1.085200 -11.673000
0.027622 -0.020461 -0.019099 10.019000 -1.396200 -17.302999
-0.024585 -0.055946 0.083781 -6.784500 10.046000 -12.588000
-0.059477 -0.070590 0.035465 -6.291100 -15.440000 5.123700
0.052365 0.015616 -0.010216 -11.742000 -24.325001 4.080400
0.080828 -0.044673 -0.141710 11.714000 -1.414200 -8.388400
0.052207 0.003575 0.039988 -8.506400 -5.585500 -8.474400
0.020265 0.167750 -0.099015 -10.817000 -7.061800 14.044000
-0.294280 0.157330 -0.060186 -7.393300 2.913600 4.043700
-0.247660 0.080645 0.079901 21.718000 -7.123300 -0.034785
0.066796 -0.014478 -0.057514 4.224900 2.936500 -7.011300
0.015681 -0.006925 -0.008110 10.132000 -11.382000 1.260700
-0.056809 0.028831 0.019212 2.458500 -12.795000 -3.020000
-0.015700 0.006372 -0.048932 -9.275900 -10.642000 4.949700
-0.100740 0.055943 0.109000 -1.985900 1.976400 2.413500
0.215000 -0.212610 -0.068027 -2.045200 5.050400 -1.422500
0.015135 0.156720 -0.266950 2.166100 4.411600 -8.507000
-0.054258 -0.017191 -0.057471 -0.970320 1.996900 -3.464000
-0.016961 -0.031093 -0.002833 3.997400 -14.957000 5.005000
-0.080488 -0.004232 -0.001230 18.853001 9.718800 -4.810100
0.022147 -0.000389 -0.045766 1.694500 -8.000600 -27.695000
0.339370 0.145550 0.239770 1.583200 2.705300 -3.988800
-0.098578 0.282470 -0.155040 12.246000 -15.812000 10.891000
-0.068927 0.292650 -0.183380 -1.293100 3.741000 -1.167700
-0.044658 -0.079301 0.115890 -1.203100 -0.261560 -1.526400
-0.213340 -0.220720 0.262180 -8.319700 -4.511500 8.923600
0.064467 0.134380 -0.080380 2.423900 1.827600 -2.623600
0.062615 -0.010371 -0.020372 25.719000 5.649600 -13.792000
-0.007165 -0.071486 0.037594 -6.809100 -5.413800 7.040300
0.462840 0.157350 -0.140040 -31.947001 -10.732000 2.791800
-0.093379 0.087317 -0.131160 -5.360100 -3.751100 -0.193550
0.003124 -0.054909 0.028538 4.082000 8.771900 5.394900
-0.031828 0.017305 0.035631 15.719000 17.493999 3.279600
0.081849 -0.074342 -0.180490 10.199000 -6.441500 -8.167400
0.003753 0.025209 -0.074219 -0.938700 0.018668 -4.079600
0.044642 -0.131820 0.114400 2.062100 7.417400 -7.164300
-0.058580 0.092545 -0.005182 1.605800 -1.352200 -18.530001
-0.042855 -0.021435 0.031812 -12.881000 6.071500 0.117820
-0.073926 -0.033154 0.083747 -9.857300 -8.467700 12.371000
-0.100520 -0.131340 0.093556 6.920200 -0.781340 1.398500
-0.099810 0.061890 0.006198 7.076100 -3.696800 3.734800
-0.053554 -0.018742 0.037625 6.358100 -6.903000 27.096001
0.024041 -0.051349 -0.095560 -0.317060 8.944200 -9.506800
1.005900 -0.990080 -0.016308 -0.849760 2.344300 -0.405590
-0.160150 0.043432 -0.301580 9.965200 -1.606000 13.252000
0.013414 -0.126190 0.092195 1.579600 16.790001 -1.227600
-0.107720 -0.078270 -0.114320 -6.859100 -7.255600 -9.237200
0.029515 -0.042428 0.040334 1.278500 -17.155001 11.109000
-0.014346 0.180110 0.043358 1.441200 -1.020900 -4.460500
0.069047 -0.005738 -0.096015 -6.005000 -8.022500 -7.466100
0.115760 0.076349 -0.009228 -14.502000 -3.719200 13.711000
0.006061 0.002336 -0.001413 5.175800 -1.073700 0.618270
-0.008044 0.018767 0.025942 4.605200 -22.780001 -10.122000
0.089830 -0.077710 0.047058 -2.487700 -2.182100 0.972630
-0.029434 -0.087458 0.273420 0.477080 -0.523110 -0.440830
0.011384 0.038844 -0.025984 -7.186900 -15.507000 -6.730700
0.066581 0.180810 0.021788 -2.162300 -10.826000 -6.644900
0.047537 -0.114700 0.176060 -3.569000 -3.283200 0.326830
0.023365 -0.007906 -0.004147 6.279300 -14.266000 2.884200
0.413760 -0.250260 -0.205130 7.130400 1.701900 -4.510800
0.000734 -0.091332 0.130950 13.029000 0.055898 -1.944100
-0.329750 -0.209350 0.082062 5.376400 4.998800 -0.742960
-0.402980 0.132450 0.326400 13.813000 -4.098500 -7.824800
-0.141250 0.080469 0.051328 -11.734000 0.901450 2.610800
0.101420 0.022261 -0.011846 -19.896999 -9.208700 1.526500
0.128330 -0.040901 0.004516 -8.255300 -5.871500 9.871500
-0.164700 0.074393 0.094509 -4.117300 3.701100 -0.029034
0.106440 0.037122 0.000482 -10.284000 -2.590300 -1.123600
0.054316 -0.036572 0.079573 -0.657930 -11.666000 -12.802000
0.033246 0.048522 -0.010846 0.389380 -7.497300 22.304001
0.039972 -0.103960 0.027414 3.270200 -3.881800 -0.981620
-0.007459 0.085678 0.030588 9.002100 3.278600 4.217700
-0.033972 -0.045303 0.049266 5.926700 0.095521 -10.497000
-0.099763 -0.085934 -0.016862 0.919080 -2.699700 6.345900
0.120960 0.023702 -0.110710 0.749290 -3.600700 1.002800
0.135760 -0.182040 -0.095335 -7.322200 0.345030 1.595900
0.079878 0.060179 -0.094412 -4.002800 -1.134700 6.727500
-0.070464 -0.060025 0.087779 3.884800 -3.729500 -9.097500
-0.093378 -0.057255 0.113510 -4.210600 -15.476000 -0.298580
-0.034923 0.002489 0.001431 -4.892100 0.672550 6.685900
0.129700 0.536110 -0.274540 -6.868300 -18.419001 7.699000
0.136090 0.090607 0.001131 -10.036000 -3.551200 -3.319600
-0.013505 0.000969 -0.009119 -9.964100 13.935000 7.661300
-0.023944 -0.050572 0.079638 -0.946620 -7.825200 2.490100
-0.059471 -0.038118 -0.004725 -9.993500 8.590800 0.179970
0.096454 0.034670 0.069808 4.524500 2.418800 5.681900
0.005218 0.197530 -0.057735 2.172100 8.962700 -2.709800
-0.022983 -0.091462 -0.000448 -3.454100 -7.012700 4.907800
0.007691 -0.013316 -0.016162 -1.264100 -17.757999 10.052000
-0.033064 -0.037011 -0.049404 -6.572800 -6.535000 10.874000
-0.296230 -0.183620 -0.281470 0.670390 -2.805400 0.589920
-0.038906 0.000314 -0.011893 2.335800 15.648000 4.365300
0.041751 -0.097711 -0.053909 0.333160 8.294700 13.589000
0.081800 0.001569 -0.040760 -7.445900 -13.345000 -1.745200
-0.070695 -0.044268 0.097526 10.018000 -6.753700 7.506500
0.022087 0.025371 -0.055110 -11.943000 -16.665001 3.526100
0.041306 -0.034838 -0.001016 -1.629300 -14.633000 -1.870900
0.290820 -0.087340 -0.024155 -16.823000 -2.842500 0.258450
-0.004217 -0.073980 0.051098 6.874700 2.598300 -9.727800
0.115190 -0.515910 0.422680 1.348800 5.726000 -2.764500
0.108990 0.093458 -0.074458 7.639800 -5.081200 -4.497900
0.132130 -0.112180 0.073776 2.739000 -2.156400 -1.306700
0.021872 -0.104500 0.074326 -3.860800 8.154600 1.992200
0.401340 0.339180 -0.116410 -13.632000 -7.186800 3.502000
-0.150600 0.228670 0.187050 -6.154300 13.476000 5.960400
0.020157 0.025546 -0.071575 -7.420500 -5.827500 -24.672001
