-0.120840 -0.430700 0.305270 1.762000 9.565400 -5.758900
-0.107980 -0.068557 -0.035462 -8.624800 -0.293570 -0.480000
0.147780 -0.034982 -0.035425 6.196400 11.298000 -0.224630
0.002181 -0.003208 -0.021404 -2.787000 12.649000 -9.492100
-0.203660 -0.125380 -0.023276 12.374000 2.549400 1.669900
-0.157780 -0.149140 0.153390 -5.469000 0.163960 -1.319600
-0.127670 -0.078229 0.095305 6.618700 6.967900 -0.228300
-0.020516 -0.109410 -0.119810 -4.912300 -0.336180 6.514800
0.002286 0.000310 0.013355 -7.937900 0.569610 -18.753000
-0.017812 -0.057087 -0.036162 -4.099200 8.396400 4.982400
-0.046548 -0.109910 0.016898 2.525700 -1.621400 -13.447000
-0.038557 -0.256720 0.060815 -5.556500 -40.713001 13.276000
0.105790 0.186680 0.266410 -0.900710 5.857300 -7.809400
-0.067056 0.101790 -0.003039 -12.671000 5.259700 -4.344900
-0.001997 0.030038 -0.018438 4.990600 -2.730000 12.548000
0.118420 0.080206 0.052330 10.725000 7.876400 -7.141400
0.041593 0.030407 -0.123610 -1.210400 -7.813900 11.703000
0.048449 -0.080335 0.061727 1.224200 6.778400 3.908400
0.020229 0.036091 0.019670 7.188800 14.688000 -5.984700
0.034049 0.061043 0.091265 3.453100 12.795000 -5.922300
0.074534 0.069145 -0.065734 3.551300 10.125000 -16.579000
-0.022438 -0.048314 0.009783 -7.655400 -6.370100 13.699000
-0.014697 0.143340 0.041120 -4.216600 6.157600 -2.420700
-0.300230 0.096062 -0.341330 -7.876400 5.584100 -14.664000
0.237720 -0.047203 0.610720 2.198000 -3.015700 5.151800
-0.124470 0.031591 0.012186 -10.847000 0.872970 -4.334500
0.084769 0.050346 0.056588 8.860600 -6.798400 5.253700
-0.038358 -0.136300 0.079055 -5.570000 -2.274100 -5.344800
-0.002824 0.023420 0.018435 2.045100 -4.102200 2.075700
0.091255 -0.109050 0.034989 8.238100 -0.392290 -1.283500
0.097221 0.057722 -0.013154 6.142600 -4.550000 -10.057000
0.018921 -0.064169 0.068423 9.173500 -2.648200 1.950400
-0.017583 0.054983 0.059030 2.174400 13.079000 2.108000
0.119920 -0.117520 0.030574 -3.571600 1.907200 -3.968600
0.133060 0.080542 -0.025325 1.839200 2.010400 2.719700
-0.019273 -0.014027 -0.009191 6.027000 16.107000 -2.142500
0.203140 -0.240620 0.063610 -7.303000 11.498000 -3.042700
0.443050 0.031076 0.242330 16.035999 2.731700 4.212600
0.021836 0.015679 -0.004816 5.350800 3.114800 11.772000
0.055475 -0.008534 0.005102 -5.046600 11.878000 2.015900
-0.010698 -0.233110 -0.107300 0.960050 4.603200 -3.598600
-0.124600 -0.080159 -0.035114 -11.489000 -1.257700 -0.903690
0.279570 -0.069352 0.108750 -11.371000 13.006000 -0.514340
-0.121750 0.038061 0.010445 4.800000 -0.780920 -2.454200
0.138900 -0.290560 -0.355100 -0.978060 -1.512500 -1.792200
0.062429 0.120370 0.122030 -5.891000 1.988700 -7.375600
0.242460 0.041650 -0.141040 -0.448670 4.342400 -5.258100
-0.039563 -0.173310 0.029810 -6.042100 -13.119000 -1.681400
0.017399 -0.030817 0.301280 -1.320600 -0.157130 -6.598800
0.066909 0.105770 0.106580 2.065100 2.372300 -6.125300
-0.011522 -0.008138 -0.039669 -5.688500 1.089700 -9.674100
-0.009485 0.026476 -0.055099 -7.014800 8.330900 -10.100000
0.052207 0.003575 0.039988 -8.506400 -5.585500 -8.474400
0.020614 0.020940 0.000770 -9.509500 4.085700 -7.546700
0.313800 -0.243910 -0.150340 2.392300 3.777900 -3.393300
-0.177160 -0.219840 -0.012068 -25.701000 -11.473000 0.925560
0.063150 -0.068524 -0.340540 5.515700 -0.099394 8.833600
-0.149130 -0.143020 0.055848 -4.184100 -7.840000 5.190700
-0.045736 -0.071523 -0.069085 13.285000 0.583360 -1.940300
-0.092507 -0.002437 0.016131 10.134000 16.112000 7.780700
0.301960 0.108690 -0.121470 2.104900 7.159000 3.350400
-0.078632 -0.073512 0.074569 -0.789220 -4.480900 13.681000
-0.044966 0.038713 0.070410 3.977500 -9.120300 1.864800
0.062960 -0.053199 0.004387 3.660200 4.505200 -1.467400
-0.078157 0.052410 0.024027 -20.110001 3.739000 2.206500
-0.188720 0.179750 -0.101620 5.963200 -7.128200 2.158500
-0.009002 0.043277 0.023804 23.143999 4.675700 1.142700
0.040881 0.140840 -0.038357 6.384800 15.241000 -6.601800
0.042671 -0.115280 -0.293340 -6.345600 3.448100 13.615000
0.007465 0.031232 -0.106030 11.509000 4.411800 22.524000
-0.032952 -0.108320 -0.031447 -3.081600 -8.033500 1.078100
-0.034398 0.030611 0.020404 -13.658000 9.559000 -0.975500
0.043537 -0.019633 -0.099121 3.824400 11.042000 7.616600
-0.009727 0.095889 0.109600 -3.603700 -5.971300 -0.496490
-0.105800 0.188410 -0.027815 -4.492100 -1.993400 1.105000
0.030927 -0.032014 0.020243 -10.526000 3.708800 -6.497500
0.131770 -0.067696 -0.111430 7.378200 -5.243400 9.843600
0.073904 0.126820 0.029380 -2.100200 2.600800 -2.221200
0.009950 -0.220400 0.097191 -4.200500 -6.073300 7.600900
-0.055092 -0.057540 -0.019739 -1.745600 11.422000 4.596600
0.001287 0.090279 -0.041794 -3.570400 -0.053126 -1.106900
-0.023286 -0.052556 0.041663 -5.176200 0.303010 0.025598
0.003679 -0.088464 -0.033332 -18.830999 -5.901700 -0.050612
0.011564 -0.145580 0.184420 6.919800 4.392700 0.879630
-0.029420 -0.021248 0.057813 -11.235000 4.123500 4.713900
-0.010162 0.057973 0.009538 -15.291000 -7.287100 10.218000
0.015638 -0.011910 -0.048595 10.462000 -3.158200 6.009300
-0.410260 -0.180350 -0.010911 0.038964 -0.533280 -0.175330
-0.030996 0.056906 0.007289 -11.876000 14.562000 -4.551000
-0.279050 0.355250 0.066719 7.522000 -3.623300 -4.048600
-0.017833 0.127810 0.023883 3.798900 -15.165000 -0.665380
-0.037228 0.153630 0.106460 -0.204190 -4.249000 1.882600
0.096566 -0.080286 -0.157640 7.573800 -11.872000 -7.924400
0.039212 -0.059946 0.044518 -3.640800 0.402500 -13.379000
0.032819 -0.069832 0.003134 9.255500 14.945000 2.815700
0.106030 0.082651 -0.277950 -3.460000 -2.161400 7.651800
0.048079 -0.005469 0.066503 3.995900 3.482300 22.743000
0.135180 -0.113250 0.500870 -2.267300 3.665200 -6.659400
0.020872 0.044919 0.127730 -13.794000 -10.474000 -21.416000
0.150860 -0.145120 -0.285000 9.533400 -9.411600 -21.695999
