-0.104340 -0.056050 -0.089251 3.346011 3.243280 -6.739313
0.411450 0.081569 -0.715580 6.857714 2.772014 -15.702937
0.029720 0.025990 0.069735 -0.847353 13.944260 5.761127
-0.114100 0.005191 0.061131 -5.884399 -1.579346 16.839531
-0.178320 0.085176 -0.386360 3.136742 1.165101 -0.826240
0.035407 -0.018463 -0.010896 -8.734094 4.912065 6.921835
-0.022331 -0.025728 -0.024923 12.503691 3.107016 -0.326829
-0.337100 0.021708 -0.105240 -9.043060 0.205565 -2.571054
-0.087869 0.026901 -0.102750 8.201301 -8.304701 4.910565
-0.022533 0.013858 -0.047604 13.388582 4.154788 12.315535
-0.089752 0.151260 -0.006450 -5.643488 -5.510614 2.227715
0.100870 -0.093641 -0.060245 6.789124 1.444415 -6.128296
0.453190 0.012271 -0.250670 9.314880 3.051088 -13.315800
0.041477 -0.001548 -0.076490 9.746685 -14.419801 -19.041999
-0.025808 -0.248090 0.021038 -4.721108 19.554352 -6.575523
0.026719 0.017506 0.015683 8.192485 -8.930786 -12.432719
0.066181 -0.012845 0.469320 -4.141151 7.209956 -25.147801
0.030055 -0.036591 0.019046 23.326698 -11.223211 10.807727
0.036141 -0.082366 0.034807 -4.769096 14.368192 -4.627220
0.081617 -0.097944 0.057445 -7.092168 1.286609 8.599231
-0.126110 -0.001312 -0.102860 10.534123 4.579043 11.664230
0.042471 0.041478 0.036147 0.756869 6.483199 1.688091
-0.037824 0.036739 0.007060 -3.616471 -6.856767 5.349283
-0.037859 0.115820 -0.125290 0.608339 -3.664220 1.602740
0.010731 0.109460 0.037381 11.247129 -11.881519 -2.513968
-0.058346 0.046700 0.089572 0.828841 -0.214622 5.763187
-0.090721 -0.175380 0.193030 -5.537479 -8.548584 1.628710
-0.030978 0.021908 -0.048298 -0.156289 3.012592 -2.797103
-0.262610 0.116230 0.004381 8.700947 -3.684209 5.463891
0.074319 0.019501 -0.145260 0.764092 9.393781 -0.601654
0.045194 -0.052270 -0.086971 9.281837 -7.274492 -10.822681
0.060347 -0.037938 -0.101030 -3.248884 10.485802 10.985756
-0.128510 -0.018454 0.155550 8.409164 0.595551 -1.037014
0.101050 -0.087065 -0.022518 -11.170515 5.071728 -3.007491
0.059571 0.125930 -0.225320 -3.220419 1.484690 0.902410
-0.117580 0.032384 0.076960 11.346601 -2.100319 -2.456083
-0.343330 -0.053977 0.085126 26.884518 2.317987 -10.220395
-0.010586 0.141510 -0.069711 -0.974226 -4.562724 7.014669
-0.050217 -0.055739 -0.141740 -1.956038 0.917195 1.830612
0.049770 -0.202960 0.027200 -1.836727 2.883775 -6.563561
0.009051 -0.162940 0.019699 -3.562177 5.114361 -2.987664
0.137290 -0.051722 -0.054308 -6.794866 -1.606611 4.514829
-0.006101 -0.274110 0.018423 -5.989387 5.718820 2.321966
0.036317 0.063682 0.035215 -3.373551 -4.301489 -7.633089
0.018328 0.035888 -0.058481 -0.660797 -20.003386 -12.210354
-0.045161 -0.101170 -0.043097 -13.531287 2.066693 -14.109093
0.052313 0.040942 0.036175 1.519040 -5.026663 9.934492
-0.064620 -0.060513 -0.017044 -2.462165 -19.591594 4.666080
0.006384 -0.001404 -0.037002 13.642008 6.113562 -4.348636
0.313800 -0.243910 -0.150340 3.573167 3.815709 -2.540930
0.083880 0.155370 0.064654 -6.617806 13.741861 9.448958
0.044156 0.086301 -0.019971 10.961713 5.406865 11.466910
0.170910 -0.136010 -0.000614 6.502230 -6.708660 3.437710
0.093116 0.091579 -0.017519 -4.362722 -8.425220 6.370529
-0.045736 -0.071523 -0.069085 14.563298 -1.030490 -3.688130
0.013866 -0.033539 -0.123490 5.548064 3.223839 8.535787
-0.037055 -0.011268 0.038897 10.415463 -15.970064 -8.697782
-0.000500 -0.016183 -0.079496 -1.269616 -4.692911 -5.477324
-0.032904 -0.099145 -0.056337 -0.790172 -0.404335 3.942333
0.026913 -0.000091 -0.010586 4.357698 16.934008 -5.833262
0.004580 0.020583 -0.039202 -12.540472 -16.351952 -11.589010
-0.086321 -0.107390 -0.079247 9.750479 1.896902 -6.211362
0.125800 0.044319 -0.041925 -9.786850 10.843161 0.797311
0.075382 -0.187460 0.157200 0.264695 -10.985091 -0.867781
-0.027672 0.043251 0.069661 5.569289 17.934813 -4.343743
0.007716 -0.028453 -0.086946 9.821580 18.576756 -10.036403
0.046137 -0.051085 -0.021156 -6.569984 -4.286493 -5.370784
0.007508 -0.144530 -0.132090 -2.435812 1.150947 -8.882461
-0.062933 -0.288930 -0.251130 3.939391 11.744473 -1.295404
0.067556 -0.094666 -0.134300 -2.053843 -0.930225 -8.073140
-0.014687 0.025949 -0.044123 12.218851 13.598359 7.821529
0.148340 0.080472 0.004666 -15.978049 -2.436329 2.757665
-0.165840 0.074364 -0.049571 15.596146 -4.606141 5.790974
0.048807 0.151130 -0.237890 -0.753663 -3.195700 2.148576
0.107470 0.072267 -0.091999 -4.961351 3.437306 -0.340835
0.044506 -0.049001 0.050022 10.835615 -7.484276 5.073876
0.024366 0.061480 0.016223 8.608344 -6.639866 -0.104376
-0.088791 -0.008031 -0.067424 -1.275797 -9.370192 10.915312
0.053776 0.098842 -0.035930 5.716837 0.668981 2.265858
-0.059843 -0.095814 -0.246390 2.987578 -0.616203 0.271066
-0.007362 0.074976 -0.156510 3.135448 -2.032793 15.600798
-0.058919 -0.047433 -0.015828 -5.896552 -9.460139 -4.190589
-0.014568 -0.002848 0.054799 -19.789310 3.632251 -0.544902
-0.233810 -0.047732 -0.117270 14.756100 -1.048278 -0.534815
0.047909 -0.068208 -0.004397 1.481825 23.070487 10.311045
0.071713 0.028159 -0.029465 -8.911189 -3.902046 9.523737
0.072119 0.018049 0.008235 0.544925 10.505255 -0.846314
-0.046800 -0.034216 0.081391 -1.144589 -3.572262 -7.319793
0.192140 -0.064095 0.001237 -5.123940 -0.248298 -1.231124
0.103350 -0.133460 0.077704 7.812055 -7.281839 7.010978
0.020215 0.153030 0.036487 -1.710410 -7.452326 -13.348330
0.055497 -0.043308 -0.000752 4.455579 -5.020917 11.363097
0.034475 0.045292 -0.004652 -4.686377 -9.157071 15.730579
-0.016386 -0.005595 -0.150640 6.606002 -3.660498 -15.753214
0.007701 -0.047644 -0.084209 3.649820 8.508553 -5.847923
1.189500 0.132230 1.632300 8.887845 0.004245 9.007609
-0.195940 0.762240 1.011300 -2.701427 11.781238 20.506489
0.072939 0.336820 -0.034087 -5.090241 11.450811 0.241041
-0.268790 1.908100 -1.446600 -2.099178 11.556697 -13.692450
-0.065269 0.034770 -0.039986 -3.893368 6.318841 8.056840
-0.089694 -0.018430 -0.009714 -24.677074 -14.859621 -13.408115
-0.016329 -0.128000 -0.020372 -8.007283 -1.806642 3.612756
0.040773 0.057254 -0.038261 -5.087867 -1.396553 -4.086574
-0.107600 -0.038056 -0.039356 12.964010 1.009842 -6.523020
0.172390 -0.069066 0.061528 0.451669 -3.119259 -4.189471
-0.023799 0.050667 0.003618 5.261221 -2.202759 -7.869226
-0.005068 -0.115380 0.078320 -5.030954 -7.240831 6.851183
0.062455 -0.093230 0.093691 3.458054 2.601538 0.944648
-0.039826 0.071862 -0.003497 -2.280411 5.340645 1.032245
0.160700 0.098237 0.047218 8.556933 7.396475 -2.182209
-0.023753 0.098048 -0.077816 -4.803806 -3.916068 9.932693
-0.057542 -0.042083 -0.050013 3.466114 2.488384 15.783015
-0.045900 -0.098137 0.038215 -12.074415 -7.422548 14.516513
0.374060 -0.134960 0.354390 3.781854 -3.692675 1.814580
-1.488300 -0.502070 0.316060 2.399584 -1.434875 -2.500395
-0.046203 0.088182 -0.030372 -9.433838 -13.516722 -8.326382
0.309550 0.241680 -0.047210 7.952656 6.830302 -1.611061
0.099098 0.051717 0.069490 3.313872 3.263289 -3.947711
0.013392 0.071711 0.017490 0.995542 7.601908 2.633963
0.116420 -0.006143 0.081377 -13.946010 8.851158 -11.590237
-0.065143 0.081618 -0.037836 1.074982 -18.276107 0.394118
-0.168850 -0.163130 0.289520 -9.210077 -3.919832 9.208464
0.056252 0.019797 0.010759 3.572077 -1.086298 -0.032667
-0.042182 0.116330 -0.037603 -3.448558 1.951706 -6.627959
-0.189720 0.013063 -0.035283 -8.989897 -1.669111 -1.158128
0.082802 0.132650 0.151280 -3.407072 -3.044032 -5.064236
0.030470 0.285060 -0.128670 1.916558 -7.955590 4.014663
0.059573 -0.059456 -0.055318 -3.340994 -3.305000 3.243989
-0.024466 0.036253 0.036262 -1.585166 -3.322999 -1.823633
-0.075014 0.047357 -0.021423 -5.280643 -14.970717 -23.287917
0.001903 -0.085163 -0.051763 -2.570959 -4.233406 -4.672616
0.026387 -0.064003 0.013105 -8.086034 -8.620661 -0.202156
-0.146360 -0.139060 -0.071843 3.647617 13.047187 1.096438
-0.090467 -0.016192 -0.014920 -2.651139 -6.086783 4.426347
-0.154250 0.153950 0.100260 1.570329 1.598957 -7.984435
0.163850 -0.421220 0.113880 -3.905055 1.996991 1.102150
-0.028277 -0.026934 -0.010910 6.791572 -6.839510 -5.797596
-0.022867 -0.042638 0.161910 -0.359743 3.617418 -3.127220
-0.027404 -0.049275 -0.022187 18.995876 0.090729 -2.977811
0.067548 0.029898 -0.093662 4.963072 10.938605 -6.732731
0.086058 -0.064386 0.151000 9.843530 -4.144746 2.580810
0.049559 -0.044984 -0.020965 0.237637 -5.234797 -7.608485
-0.025967 0.002278 0.079907 -21.965933 -19.143087 3.861782
0.100780 0.019501 0.103710 -2.609203 -14.061527 -4.512962
-0.060131 -0.216510 0.075360 -0.698293 10.812435 3.573880
-0.252780 -0.089401 -0.052326 -38.312922 -4.183561 -13.351128
0.189370 -0.390930 0.045750 6.371600 -1.324412 -4.182922
0.132000 -0.166410 -0.385260 3.391258 -9.264378 -7.474362
-0.135410 -0.054772 0.079542 -6.308720 -5.150505 -2.190880
0.181300 -0.093979 0.131620 -8.335078 -0.035016 -8.185836
0.021206 -0.034639 0.059741 6.880511 -12.613462 20.335639
-0.167050 0.019443 0.066392 16.929541 -0.117798 2.247428
-0.094414 -0.014601 -0.022947 14.041531 -8.492137 4.024753
-0.175520 -0.001138 -0.073153 1.728966 1.995076 6.172651
-0.072670 -0.073547 -0.066582 7.274056 2.706609 -0.749132
-0.105650 -0.030208 0.152740 5.526573 14.808135 -3.422725
0.041106 -0.009233 -0.083612 -9.953631 0.168803 -10.281278
-0.047660 -0.012130 0.104960 3.734397 -3.426479 19.256294
-0.163620 -0.092722 0.087599 25.570667 13.374991 -13.599937
-0.003509 -0.033135 0.037987 -12.156109 5.895103 6.129578
0.322130 -0.093382 -0.089072 14.536173 -10.351564 -0.653858
-0.017812 -0.057087 -0.036162 -2.378414 9.284960 5.203145
-0.045863 -0.081461 0.020838 -7.099518 -2.314215 1.264322
-0.126440 0.039831 -0.089295 4.386283 6.328968 9.241954
-0.050454 -0.015987 -0.020172 2.216310 -6.872687 0.453393
-0.054800 -0.067778 0.097811 -4.181906 -8.131090 13.412178
0.101660 0.066588 -0.130350 3.719152 0.648404 -1.865559
-0.036428 -0.264660 0.010310 -2.310755 -17.941097 -4.379531
-0.200010 0.005744 0.139090 -11.488427 6.406674 5.442513
-0.012052 -0.010505 0.024706 -9.454604 5.595970 16.174064
0.153000 0.077676 0.118300 4.312475 -7.102048 4.903831
-0.025845 -0.088478 -0.058152 10.710444 7.419672 1.978062
0.077880 -0.052259 0.041797 -3.478622 -21.918996 2.066829
-0.056104 0.081671 0.005328 8.840067 -12.133835 5.454725
-0.193810 0.108070 0.256440 5.631565 -3.213283 -5.872168
0.012794 -0.012985 -0.003034 5.918246 -4.722591 -2.283513
-0.097249 -0.000569 -0.096522 -0.431330 -1.468535 10.943967
-0.044569 -0.027437 0.001781 4.552158 -7.021276 -1.720320
-0.019322 -0.018736 -0.048171 20.612751 -0.119911 -2.228977
0.069461 0.066455 -0.000564 -3.841349 1.208307 -3.093440
-0.057669 -0.040111 -0.025120 15.188577 2.306847 6.017775
0.079292 -0.089646 -0.086281 2.808187 10.157165 11.421816
-0.111040 0.186950 0.393780 0.279023 -6.889198 -4.447068
0.257440 -0.013964 -0.257980 -9.658448 -1.018278 6.681603
-0.021104 0.049990 -0.013415 -5.598701 -9.331598 3.022801
-0.195310 0.101940 -0.059490 6.152211 -0.241481 -4.033879
0.024991 -0.099338 -0.036041 2.698344 16.112281 15.681197
0.174620 -0.043423 0.096273 -5.787156 -14.592852 1.059310
-0.023664 0.087447 -0.320050 -0.294477 -2.541196 5.841620
0.000246 -0.029056 0.022072 5.230532 -2.884572 -1.769795
-0.023917 -0.105220 0.047494 -5.035866 -3.584021 0.419746
-0.123630 -0.004354 0.074453 -26.390130 -6.742811 -0.238710
-0.058950 0.097954 -0.028256 -3.636237 3.407547 -1.049170
0.168560 -0.092822 -0.080998 6.956131 3.191432 2.160263
0.085193 0.076973 -0.031162 -4.638413 4.221052 4.655964
-0.094973 0.123740 0.012283 9.704553 -3.462008 -10.408817
0.086396 -0.216320 -0.033738 -7.527765 -5.508077 -11.531851
-0.268390 0.349750 0.204330 6.314487 -7.315031 1.113332
-0.034943 0.033484 0.024500 9.753000 7.491137 -1.940238
0.029930 -0.006568 0.051431 3.259593 -4.892180 -5.011168
0.001753 -0.010146 0.081491 -0.177035 3.132369 -5.028427
-0.027916 0.003430 0.088254 -3.535236 6.797171 -12.980580
-0.007874 0.034250 -0.032794 7.385468 16.563717 -7.630977
0.008941 0.318060 -0.178990 -2.365896 1.141861 1.222740
-0.178380 0.043738 0.077102 -0.219760 1.964905 -1.686291
0.007795 -0.003434 0.042497 -7.312263 0.317605 18.000110
0.023780 0.174770 -0.104120 -10.471301 26.566397 -3.653262
-0.147770 0.038755 -0.006416 -6.244169 3.522259 4.120302
-0.011424 0.010865 0.004859 -27.463773 14.451924 -1.970330
-0.026145 -0.063026 -0.017256 13.282518 6.942802 6.804370
-0.030916 0.011292 -0.012693 -9.239969 8.305426 5.526158
0.009290 0.029791 -0.011461 -5.988397 -4.927132 -22.149385
-0.308840 0.285560 0.167040 30.349125 -24.252528 -17.452859
0.013637 0.143420 0.136480 -0.961363 -8.404204 0.592254
-0.099791 0.075285 0.113880 3.120135 -5.915240 -1.887877
0.109080 -0.340120 0.071116 3.798396 -14.794731 11.573663
0.014446 0.033642 0.034590 -0.451544 -6.003811 14.651031
0.215300 -0.167120 -0.196990 2.518444 0.899868 6.186564
0.076938 0.049257 0.004811 2.399004 -8.423941 -21.428531
-0.072649 0.081508 -0.118750 2.705214 -6.821077 3.757261
-0.077534 -0.074880 -0.032620 1.397815 1.578880 -4.986152
-0.065003 0.141640 -0.499690 -11.112600 4.510238 -25.814943
-0.690640 0.571930 -0.146410 -0.945247 1.205403 -0.522188
-0.008398 -0.100000 -0.035676 -13.529742 4.987156 2.661740
0.057469 -0.021162 0.037776 8.090927 -12.378885 1.905140
0.010195 0.036361 0.032544 16.300813 -4.868324 8.058757
0.189360 -0.221460 -0.125120 -5.525023 10.928025 10.394401
-0.181760 0.056969 0.023154 -4.576080 -3.397036 -3.382857
-0.142380 -0.061124 -0.221970 14.443195 5.712697 13.257329
0.046804 -0.001074 -0.202840 0.925050 -7.921792 5.941022
0.075778 0.085316 -0.073938 -4.230548 -6.317125 2.100139
0.025527 -0.143210 -0.012694 -2.803123 -17.780696 -3.208476
-0.228600 -0.003038 0.008266 -2.283491 -2.945784 -7.889307
0.086639 0.088379 -0.014323 8.398708 5.657111 -10.336153
-0.146020 -0.038359 -0.126960 6.729942 -8.954753 3.709296
0.030772 0.017754 -0.035089 -8.673404 -13.931473 -8.734496
-0.037810 0.091427 0.089846 0.079703 7.529219 -4.201341
-0.012707 0.007463 -0.014024 -21.671098 5.878059 -12.456597
0.033411 0.018567 -0.015259 -8.875771 -6.818439 -11.289751
-0.046774 0.016269 0.019729 -2.456695 -15.298739 1.504612
0.060319 0.029542 0.011877 -0.035406 -12.126456 6.645802
0.215720 0.114030 0.227690 -9.757988 -13.406239 -23.384089
0.127910 0.038296 0.065332 2.538176 2.699873 -0.992310
-0.087679 0.047500 -0.086349 -17.124883 4.295183 -13.403439
-0.001746 -0.098160 0.011492 17.558081 -14.771079 6.883612
0.007006 -0.198630 0.040380 0.979969 3.756177 -1.409595
-0.001830 -0.012020 0.019136 -7.767295 -4.726470 -5.415463
-0.040091 0.051487 -0.044837 -16.306702 8.497156 -10.798985
0.016909 0.025385 0.085329 -0.492188 15.298763 -3.384525
0.077951 0.217980 -0.153720 -2.802814 -4.226989 0.463304
0.091673 0.129860 -0.172310 3.396170 -3.805830 -4.791146
0.010787 0.094975 0.067497 7.125703 -7.090341 6.607174
0.024594 0.013717 -0.021099 -0.449692 -20.661373 -10.905328
0.084648 0.016240 0.025077 -11.769058 5.292890 -6.318649
-0.045547 0.016806 0.077640 -3.508187 -10.417241 -9.370609
-0.066371 0.028708 -0.057674 7.274225 -3.870787 8.296527
-0.092256 0.070670 0.012055 -7.202560 1.248662 -6.725475
-0.036503 0.187940 -0.253090 -6.239289 15.981903 -21.988926
0.108300 0.069442 0.037343 0.754648 2.594000 -2.696642
-0.035797 0.034111 0.151590 8.967119 2.563864 -12.503785
-0.017048 -0.037435 0.009741 -3.498974 8.908202 -2.823546
0.211690 -0.243530 0.135040 -9.377737 1.531651 -0.471819
0.148890 0.013070 -0.004830 -1.075435 -6.835807 -10.929551
-0.039429 0.027571 -0.049885 -17.548484 4.475787 -5.798085
0.025767 -0.020052 -0.023035 5.210338 11.448672 17.362240
0.057061 0.062041 -0.021603 11.959608 5.864107 -4.711936
-0.003508 -0.066908 0.034774 3.314432 -5.947737 0.854267
-0.079097 0.062405 -0.066656 14.330262 -1.942263 -4.495197
-0.191170 0.030968 -0.023776 2.516832 -2.224959 2.256881
-0.025129 0.016735 -0.050658 -2.510478 7.533553 18.723976
0.462040 0.528290 -0.105700 -12.637014 -12.657080 -0.324050
-0.238990 -0.062284 -0.099298 -11.339515 -8.799959 -4.888774
-0.041261 -0.070479 -0.039425 15.720923 0.394006 -6.780952
-0.122890 -0.015765 -0.032658 7.813167 0.406571 -0.441953
0.049202 -0.057075 -0.004216 0.427120 17.741386 -17.224119
-0.037905 0.030726 0.045882 -1.047404 -4.300112 -8.490350
0.444890 0.570240 0.783100 -9.860836 -11.679306 -18.657041
-0.021733 -0.144860 -0.035198 0.424339 9.685568 -6.412823
0.012736 0.040359 -0.057927 -1.037905 6.349895 22.465120
0.001974 -0.003353 0.033447 8.110610 12.363040 -4.261197
-0.077965 0.008799 0.025935 -15.267834 -8.374156 7.363949
-0.080807 -0.061073 0.111650 -2.601344 9.154580 -4.590982
0.400520 0.391280 0.196050 -3.030798 -3.622250 5.001844
0.235030 0.147540 0.097541 15.928407 22.853384 3.335208
-0.058724 0.268760 -0.036157 1.238382 -7.452464 0.858733
-0.010738 0.035089 0.053930 3.913363 -21.385903 10.170527
-0.051254 0.153610 -0.144980 7.823709 -8.298283 2.391967
0.271280 -0.129860 0.139760 -8.512858 4.436888 0.368193
0.095435 0.010781 0.031094 -14.278061 0.931661 -3.760950
-0.025397 0.019034 -0.019588 5.258163 -7.777542 -17.387346
0.015343 -0.138340 0.123150 -2.630050 -11.466884 15.489714
0.073928 0.043309 -0.047013 -14.178243 -3.938985 -6.511746
0.008005 0.289400 -0.093534 -2.604852 -1.934761 -2.325061
-0.111890 0.103140 0.147470 1.791351 -9.543362 8.100416
-0.003859 0.035790 -0.021428 -1.278282 -7.183041 -16.380386
0.017519 0.014985 0.001601 1.489781 1.488876 -4.064356
0.027492 0.024516 0.044560 -2.447907 4.925829 -8.743984
0.128560 -0.104500 -0.034655 -15.231026 1.475131 4.855010
-0.041382 0.118060 0.015899 -1.086177 1.094300 -6.536265
0.004262 -0.011182 -0.068476 3.606035 -18.954019 -8.059186
-0.052565 0.022345 -0.052916 -18.915460 -7.989578 -13.488743
0.000780 -0.008029 -0.033005 -3.634617 -16.752038 -6.926239
0.008354 0.036509 -0.004078 22.636776 -5.924385 1.764106
-0.005282 0.037321 -0.001822 1.106205 -12.094992 0.946464
-0.017551 -0.078019 0.240390 -4.017318 -2.189661 3.571488
-0.163200 -0.204100 0.077356 8.627769 5.936237 3.740767
-0.060813 0.047507 -0.018079 -7.105627 -8.478716 1.027811
0.108580 -0.018521 -0.049364 -7.319092 6.675940 10.397019
0.025897 0.082602 0.008355 -12.757133 20.529284 -3.138749
0.041801 0.080453 -0.029584 -4.848796 -23.514367 -0.919224
-0.005153 -0.107110 0.033101 9.290328 8.000166 -0.829291
-0.023206 0.074079 -0.009545 -6.287956 -6.538437 -2.038153
-0.013479 -0.057220 0.054923 16.506054 -0.088959 5.114019
0.136060 -0.004796 0.015727 17.515575 8.866657 -1.029001
-0.022921 0.036714 -0.083621 0.160276 -23.837094 -0.496013
0.004625 -0.002696 -0.039367 -4.260265 -0.334305 -8.630199
0.063012 0.051845 0.133730 3.722251 3.427629 -13.591399
0.002016 0.024000 -0.039318 7.759420 -5.311358 0.556934
-0.044152 -0.047204 0.114200 -3.895036 1.872495 -6.266303
0.033866 -0.005644 -0.021887 -6.262210 12.399303 -4.469608
-0.006756 -0.030600 0.021144 5.733746 9.527604 -17.011989
0.001671 0.011952 -0.143750 1.246342 -1.309743 -21.085709
0.008595 0.044041 -0.113830 4.089674 3.827066 -2.441560
0.053548 -0.242570 0.190410 7.053189 21.070864 -14.776273
0.014342 0.024366 0.051668 -0.325796 0.153610 -14.245028
-0.025128 0.036914 -0.051593 -5.933028 1.755715 -2.581945
-0.056016 -0.107800 -0.087407 5.580370 6.320085 7.494402
-0.057282 0.006579 0.054072 13.146932 2.938684 5.464726
0.309940 -0.302250 0.846870 -5.202381 1.035007 -1.973717
0.053825 -0.009315 -0.076324 0.833009 0.514525 9.140608
-0.116560 -0.047296 0.056812 -14.074496 -11.101575 11.739571
0.176200 0.026709 0.022620 3.116930 0.161694 5.593857
0.048571 0.001649 -0.010276 0.001159 8.369638 -3.621654
-0.049475 -0.097584 0.069226 -2.382077 -6.538902 -0.378432
-0.012246 -0.078299 -0.006613 -4.001952 -8.014026 -8.275412
-0.035563 0.044014 0.069709 -0.912611 -20.432106 -15.842239
-0.001123 -0.063149 0.067226 -4.091302 5.512346 3.952643
-0.046143 -0.032656 -0.106190 -3.403133 2.718186 -8.547751
-0.039853 -0.053504 0.087210 -0.196069 9.450640 -9.575574
0.009714 -0.056902 0.046090 1.699677 6.629361 9.537856
0.151630 0.163740 0.054550 10.368672 -4.191131 -5.553175
-0.057706 -0.217900 0.186300 7.762411 11.836796 0.786678
-0.290470 0.048239 -0.014037 -4.731066 -3.990248 8.693293
-0.012601 0.010730 0.045369 12.630936 1.688494 9.951516
-0.012084 -0.066189 -0.071735 -5.078019 13.991663 4.990841
0.038590 0.037710 -0.019272 1.248121 1.338043 -4.656661
0.027424 0.054788 0.048621 2.348768 -3.954281 -5.731777
-0.055401 0.015409 0.001624 -3.005411 11.247374 3.136963
0.035278 0.054075 -0.027158 -24.458395 -36.836717 0.797144
0.187950 -0.154880 0.080279 10.445356 -2.387121 3.989354
-0.015620 0.067434 0.122140 9.618112 -5.445978 -3.897244
0.096298 0.071231 -0.052199 -5.045392 -0.699144 -6.724361
0.028796 0.042779 -0.013415 -0.051597 -5.337275 -9.204657
-0.152310 -0.057138 0.084765 -0.088087 -6.738826 0.646979
0.024998 0.098377 0.005713 -1.421246 15.699183 2.817737
0.055870 -0.040218 0.053430 3.843351 -4.348546 -3.335481
0.006609 0.010841 -0.080082 2.343448 1.273475 -0.968545
0.017554 0.027846 -0.024860 -6.738278 -11.478273 -7.086208
0.035692 0.092043 0.013050 -0.479080 -4.921418 6.746362
0.033002 0.026422 0.021739 -9.482211 2.812639 -17.289456
0.001193 -0.066388 0.065251 -3.805693 -2.846131 17.293895
0.100910 0.051517 0.060588 4.981946 9.614642 4.337519
0.027259 0.014395 0.086448 -2.346825 6.155269 -9.329372
-0.064654 -0.061159 -0.009839 0.145532 6.476158 4.763946
0.056511 -0.086298 -0.177230 5.329112 -13.354679 -10.701487
-0.056245 0.101750 -0.007838 5.306615 -5.510939 11.351823
-0.122450 -0.048896 0.047219 -6.359906 -5.533297 9.101658
-0.109970 0.065462 0.026850 8.566176 -1.442857 6.245801
-0.058658 -0.067997 0.013458 10.745314 7.014704 -7.423243
0.001103 0.219140 -0.102810 -10.201312 19.192376 -12.075701
-0.172080 0.128460 -0.039299 16.184683 -16.135944 -8.413170
0.097452 0.065743 -0.032812 11.513012 0.899433 -0.908575
-0.024468 0.007550 -0.047875 -4.145552 -4.010032 -14.202997
-0.007098 -0.121620 0.029959 10.446272 -1.635302 4.557249
-0.036153 -0.052066 0.040944 12.228685 -2.292671 -3.836595
0.409830 -0.195670 0.329350 -0.244319 -2.264395 -2.595374
0.250830 0.835290 0.798880 2.453674 6.060870 11.673884
-0.035056 0.442160 -0.528080 -3.251059 8.937024 -14.936971
-0.198980 -0.078903 -0.031535 -12.971252 -6.689279 -0.218617
0.135570 -0.075999 -0.143280 -8.363827 16.943407 7.583474
-0.348560 0.037584 -0.012635 10.588784 -6.807378 4.403216
0.138170 0.072314 -0.023948 0.048609 2.274948 -6.244567
-0.853850 -2.694800 0.888630 -1.383644 1.063184 -0.239363
0.038159 0.054947 0.043402 2.512019 -5.668431 -5.441684
-0.172970 0.012145 0.191530 10.485570 -9.119292 -10.542544
0.015921 -0.054171 -0.031787 -15.513104 7.751147 12.951360
-0.041291 -0.018553 0.059486 -3.084464 -8.387067 8.347889
-0.272130 0.246760 -0.876100 -0.237281 2.624644 -6.838199
-0.042969 -0.027043 -0.035800 1.243961 -8.336428 -3.672139
0.027005 0.157590 -0.050622 3.471773 2.966412 -2.709151
0.110780 -0.137800 0.007671 -10.291024 6.471929 0.172285
-0.078358 -0.049740 0.036813 -1.443640 24.402146 -4.225902
-0.270460 0.157880 0.233160 -16.369256 1.002941 16.512240
0.046660 -0.092814 0.029398 -2.160978 1.866615 -0.364675
0.044565 0.051796 0.191490 5.845498 0.479726 19.980703
-0.041936 -0.027792 -0.070432 -23.727744 -1.015694 -6.765004
0.066886 -0.053487 0.124780 -9.788287 11.706906 -7.578821
0.070688 0.095465 0.227660 -1.676655 -6.371111 -2.768242
-0.099227 -0.002068 -0.040471 17.490832 -2.733588 7.397756
0.161210 -0.068557 0.251150 2.786623 -1.907358 3.457003
-0.005876 0.045160 0.051767 -1.074257 0.279880 -0.157571
0.085892 0.007877 -0.074459 -10.109303 4.185837 14.691529
-0.210710 -0.053274 -0.076322 10.797344 -2.976274 -2.292492
0.044223 0.003035 0.043424 -3.627266 1.325487 -5.113052
0.049155 0.006259 0.059369 -2.819650 4.593522 2.511173
0.063653 -0.046400 0.049765 -3.981541 -14.524206 1.688460
0.165840 0.015778 -0.129980 -7.011786 5.000521 4.096689
-0.054768 0.128420 0.015883 4.642421 21.707551 -3.586911
-0.004417 -0.083877 -0.020541 -4.358936 -7.987069 -18.420902
0.066690 -0.077397 0.055236 -24.578359 26.972168 -18.382635
0.078645 -0.050344 0.076943 -3.902623 -0.688857 1.768063
-0.093814 0.077282 0.150620 7.579528 -6.120769 1.398794
-0.171290 -0.020139 -0.044463 0.310180 3.608786 5.046153
0.007279 0.063486 0.038751 7.434233 -0.719845 -8.421523
0.096952 0.307490 0.026206 -2.886575 -7.463343 -1.090642
0.115570 0.027058 0.064898 -8.704317 10.696964 3.675716
0.228680 0.256120 0.113260 -17.250782 -18.178027 -7.117847
0.035197 0.133380 0.117730 -3.822266 5.579593 -4.751782
0.049588 0.008783 0.002403 -1.578177 -2.144547 -2.754808
0.010928 -0.111480 -0.053033 -4.080358 -6.683905 7.271591
-1.582600 0.825270 1.791300 -14.322248 12.738494 14.651528
-0.002204 -0.013325 0.026942 11.972804 5.877784 -7.637802
-0.011522 -0.008138 -0.039669 -7.868760 0.023029 -9.767279
-0.013827 0.023035 -0.020831 14.856947 13.569142 12.694530
0.063409 0.013135 0.101860 -0.847778 2.893173 -7.597369
-0.069431 0.046413 -0.066442 -3.487595 -8.739771 7.734098
0.025892 -0.013086 -0.011408 -6.146406 -14.030747 -12.212522
-0.200820 0.126630 0.009809 -12.163533 14.854639 5.007452
-0.083941 -0.062496 -0.020120 7.002315 6.442392 7.941944
-0.102050 -0.091592 0.363210 -2.143488 -1.868133 21.233389
0.052197 -0.049877 -0.033428 -1.734923 0.713750 -7.869183
-0.045920 -0.155810 -0.097806 2.780156 -0.754755 -2.501659
0.055863 -0.039665 -0.027656 -3.870452 14.353531 -1.597547
-0.064106 -0.059696 0.029211 0.420004 -6.838640 -4.670514
-0.017255 -0.078013 -0.007848 5.461684 7.538674 4.410567
0.105280 0.019118 0.010505 7.596211 13.566872 -8.540176
-0.095895 0.162340 0.090113 -6.010775 7.496845 1.869533
-0.283880 0.256490 0.205560 10.116427 -11.706232 -7.551537
-0.156430 0.087374 -0.000559 -2.185809 2.875215 2.114373
0.035965 0.062587 0.089539 -5.001362 1.963367 3.227690
-0.031595 -0.002855 -0.134630 2.774461 6.657168 -12.755766
0.071643 0.054415 -0.009780 2.935064 4.698014 9.566956
-0.057066 0.006462 -0.004387 4.057783 -3.385530 6.306860
-0.028444 0.110060 0.039087 3.424454 3.762071 -14.797164
-0.125130 0.261670 0.244240 -3.623558 -0.618570 1.145831
0.044554 -0.093126 0.220600 3.321701 4.353912 2.635297
0.033864 -0.120500 -0.133920 -1.824452 1.248345 -0.546568
0.074840 0.099264 0.028972 -7.724930 3.508960 -2.348966
-0.017843 -0.092762 0.096997 0.993989 -2.263958 9.675896
0.035075 0.029157 0.060634 -1.869982 -11.063184 2.737431
-0.028310 0.119320 -0.031484 1.103833 -11.360571 5.683579
-0.176170 -0.065365 0.052415 -19.270024 -4.444859 0.946402
-0.263080 -0.078782 -0.234840 -12.497973 -8.440442 -12.907951
-0.010183 0.046696 0.020313 2.126268 6.909761 14.919198
0.014131 -0.143310 -0.057329 7.905656 23.309241 5.815903
0.053510 0.027331 0.010604 1.853981 0.048717 0.433434
0.069846 -0.028728 0.003112 3.324568 -9.397237 -3.181268
-0.523340 0.323990 -0.045150 10.649449 -6.757017 -3.155232
0.142100 0.113560 0.013508 9.425852 2.978014 5.189586
-0.083003 -0.046653 0.011118 -11.085975 -0.074586 -2.849067
-0.019370 -0.009488 -0.024450 9.584203 -4.045656 -5.272650
-0.021763 -0.220160 0.011588 -3.728396 -16.113988 2.236751
0.149880 0.213840 0.011361 5.885831 16.727159 -0.222002
-0.097675 -0.031921 0.014696 18.958455 4.335297 0.308378
0.131610 -0.060048 0.093219 -7.113871 0.028273 -6.713194
0.000615 -0.018601 -0.010764 9.674588 -11.443102 2.830908
-0.061658 -0.005332 0.021526 18.273709 7.504166 -5.012699
0.014416 0.039543 -0.054893 -5.663258 -13.734201 4.572241
-0.012833 0.026993 0.008088 8.147409 -1.747437 -6.376734
-0.027081 -0.064297 0.056908 -8.009022 0.786535 -0.362523
-0.061365 -0.113570 -0.001736 3.115819 -6.275841 6.547079
-0.180570 0.009896 -0.050794 -25.084182 -2.681691 -6.944470
0.082386 -0.066527 -0.023005 3.252843 17.177837 1.093670
0.030927 -0.032014 0.020243 -12.088074 4.047323 -5.709557
0.000568 -0.076550 -0.148150 -2.931505 5.401339 20.661379
-0.023879 0.163280 0.078618 -0.279694 -8.005656 -0.323844
0.094090 0.033091 -0.061785 2.745118 -6.882701 10.091955
0.025747 0.038323 0.042659 2.607748 -5.313234 -5.932213
-0.041174 -0.035069 -0.018696 -2.942550 -2.516081 2.037854
-0.073931 0.044596 -0.426150 3.779699 6.099751 -8.146660
0.264620 -1.159500 -0.396320 3.793498 -12.807142 -3.391464
-0.067161 -0.174520 0.027451 6.144847 -5.403043 4.010011
-0.050775 0.014483 -0.043715 0.246630 4.668665 -8.979374
0.147260 -0.253840 -0.078313 -1.706388 4.314907 5.900773
0.006235 -0.064403 0.049344 -9.911491 13.496885 0.018149
0.120270 -0.047829 0.058937 3.511862 -5.168468 -2.136997
-0.120890 -0.089015 0.005874 -26.199692 4.854516 2.324930
0.040127 -0.161380 -0.051230 14.374638 11.903477 5.519285
0.045248 0.003100 0.004329 -8.834764 9.457059 -2.231585
-0.301780 0.083102 -0.462270 6.612329 1.392690 0.987795
0.082540 -0.051809 -0.031409 -3.149822 10.240891 -1.133438
-0.050004 -0.059330 -0.017894 -14.082340 -2.463893 -0.639673
-0.043000 -0.047832 0.084876 6.900280 -7.175945 -3.847148
-0.037668 0.012547 0.012543 20.332719 5.442634 3.032401
0.248830 -0.016919 0.080937 -4.994409 4.799380 0.292879
-0.081241 -0.121660 -0.063664 5.211749 -5.953802 10.608271
-0.207880 -0.254530 -0.465820 -7.388177 -10.350821 -11.551859
0.089522 0.032485 -0.015541 -1.392853 4.026650 -7.504588
-0.146110 0.021402 -0.144550 -1.436861 -0.277594 -6.187297
0.151410 0.049091 -0.029131 6.845364 -4.841428 -3.914404
-0.155180 -0.001812 0.032817 4.084154 2.644645 -5.551199
-0.090332 -0.191280 -0.345640 -0.107752 -16.689944 -32.796964
0.009409 0.017117 0.000753 15.134708 -10.815818 -14.936745
0.209830 0.225900 -0.048311 3.242309 11.638612 -1.926394
0.005228 0.026205 0.038126 15.369825 4.747394 -6.205649
0.103310 0.111870 0.057501 -4.606594 -12.924997 0.079022
-0.107740 0.185960 0.434210 -3.190144 13.994808 18.376404
-0.025447 -0.117780 -0.013715 6.220657 6.237263 -7.713762
-0.017480 -0.003137 -0.009259 -4.391849 5.117602 4.291877
-0.023540 -0.051267 -0.065420 -16.254600 -4.158244 -7.691521
-0.076120 0.051234 -0.110930 -4.621127 -6.641289 11.114142
-0.066662 0.047767 -0.003443 -2.224808 7.325237 2.655500
-0.007710 0.038076 0.038613 -4.696621 9.526686 0.481552
-0.085734 -0.034603 -0.005258 22.719075 -19.870055 12.794041
-0.103180 0.261900 0.322500 -8.798088 9.675097 9.371094
0.069354 0.060698 -0.091300 -2.304139 4.256862 -22.479510
0.045745 -0.057231 -0.149210 4.927125 -2.778462 -10.111239
-0.020570 0.094717 0.031664 -10.235891 7.960038 12.428881
0.028130 0.054240 -0.003128 9.052639 -13.310014 1.996855
0.050036 0.083386 -0.039675 -11.292081 14.228395 -1.776585
0.034553 0.021612 -0.074273 0.975532 -1.807474 7.065628
-0.008097 0.073585 0.022558 -2.444384 21.988829 -6.545228
0.146500 -0.130680 0.206690 9.337511 -6.292665 12.067667
0.031358 -0.035703 -0.058907 -8.795209 -30.135121 10.716329
0.162200 -0.100680 0.001567 6.346886 1.696389 -0.048094
-0.101180 0.172460 -0.205910 0.039748 0.049899 -7.613956
-0.105290 -0.105180 -0.057335 9.968870 11.987220 -0.857718
-0.106000 0.038169 0.018624 3.125935 -0.676288 13.069544
0.128310 0.053682 -0.149710 6.281418 3.867833 -12.962739
-0.736990 -0.089371 -0.232390 4.423528 -0.991902 -2.157045
-0.068918 0.054084 0.223190 6.885707 -7.764405 -3.442065
-0.021497 -0.002627 -0.157560 3.458134 8.647044 8.922124
0.027353 -0.000232 0.031428 0.004188 -3.546339 -6.291236
-0.012020 -0.092276 -0.028183 -0.085452 -0.119197 -1.112450
0.072052 0.029810 -0.006453 -15.001954 -6.644276 -2.490462
-0.138020 -0.117900 -0.094440 -6.702936 10.438854 4.787967
0.018632 -0.085820 -0.046080 -3.045165 20.104975 19.460334
-0.041660 -0.046893 0.128310 4.435170 1.115559 -17.035332
0.111240 -0.065416 -0.092368 -1.832785 -6.521575 8.396612
-0.000190 0.008774 0.008859 -7.407393 5.517707 18.009869
0.048002 0.002733 -0.051877 20.171603 9.274554 -18.196289
0.813400 0.316930 -0.182580 -13.336022 -1.584882 0.955500
-0.023651 0.158140 0.141870 4.492838 -3.768256 -0.415961
-0.056032 0.068059 0.016829 0.324951 -7.906798 3.176553
-0.032692 0.020354 0.114820 -10.018332 6.841205 11.659463
0.120050 -0.128740 0.016679 13.260319 -17.114491 -6.444851
-0.012057 0.003803 0.012225 7.338012 0.098401 -3.865919
0.216500 -0.202970 -0.034764 5.560703 6.397066 5.842405
0.014793 0.047972 -0.045018 7.914664 -1.114189 1.334329
-0.309450 -0.179290 0.110810 -12.670021 -4.609115 6.481547
0.020559 0.040427 0.068342 9.297016 13.053301 2.787482
-0.006062 -0.344190 0.068088 -2.235858 -2.868611 2.433723
-0.146950 -0.067475 -0.058761 3.228181 2.031057 4.633184
-0.142690 -0.028209 -0.109710 -2.970340 4.545862 1.339951
-0.038688 -0.074645 0.111150 -9.830592 -3.074572 6.602137
0.054321 0.524790 0.258580 0.811759 -10.521394 -2.347540
-0.005334 0.042818 -0.074724 9.790386 6.398710 -7.013022
0.161850 -0.345150 -0.027647 -20.533161 22.726098 6.542026
-0.000327 0.018129 0.015165 13.683062 5.630076 -11.931053
0.027497 -0.070145 0.003353 6.942715 -1.397345 -1.401373
0.120530 -0.123420 0.000295 10.438270 5.263174 -5.197373
0.155890 -0.005182 0.021231 11.418751 7.996999 -1.179964
-0.078779 0.004598 0.114750 10.885172 2.412284 -11.140033
-0.016862 0.065031 0.000101 -5.442560 -7.076832 0.629250
-0.010303 0.009549 -0.023487 -18.032591 -8.063187 -15.288429
-0.007602 -0.073460 0.049709 9.104680 -2.129113 -1.340368
-0.064728 0.091393 -0.037155 6.652471 -7.121765 -2.738838
-0.086515 -0.019119 0.019403 1.083617 4.427525 17.968425
-0.068695 0.032021 0.137600 5.270219 2.489922 -4.273962
-0.031985 0.059767 -0.086019 -6.996417 4.980629 -8.909313
0.011308 0.094720 -0.037416 -0.684341 -11.002695 6.594706
-0.021474 -0.034224 0.013045 4.009436 -4.052200 4.913407
-0.026919 0.177860 0.003022 0.783851 -3.087727 -2.457374
-0.022878 -0.188210 0.057019 8.171937 3.113815 -2.792217
0.056586 0.452930 0.020267 -1.682018 -0.848516 -3.270154
0.093436 -0.037234 0.079114 0.334688 -3.402887 -4.192206
0.151750 -0.096672 0.000441 1.068933 1.957418 13.504822
-0.171850 -0.049607 -0.009542 -6.914751 -3.096217 0.432852
0.065387 -0.056650 0.020140 -8.258401 10.018702 -5.037663
0.088128 0.127380 0.388430 -2.425622 3.349481 -10.096674
-0.004164 0.001830 0.045705 14.303139 -7.939199 5.668443
-0.030948 -0.104520 -0.072247 8.935252 1.419214 3.404050
-0.392980 -0.101680 -0.444940 -3.616098 -2.626271 -3.157864
-0.016484 -0.021138 -0.004820 18.957394 -0.260437 5.111551
-0.071485 0.080097 0.037975 1.266807 1.281311 -6.507941
0.069518 -0.042287 0.044643 -0.081769 4.143812 -1.204190
0.093145 -0.075098 0.078525 0.940333 -4.875815 -2.030716
-0.057474 0.022353 -0.022401 9.457195 4.576697 -3.902910
0.010999 -0.007662 -0.032535 2.348755 -12.186889 6.151279
0.058403 -0.070195 0.036081 -5.717824 5.420157 -1.216086
-0.100820 -0.110550 0.037759 9.030807 5.821612 -10.685879
0.010408 -0.010195 -0.054020 -15.251212 7.641544 1.532288
-0.101030 -0.078876 -0.094146 -2.250670 -2.748159 -0.516287
0.033759 0.032430 0.029709 -0.646657 -17.909857 1.582428
-0.053384 -0.051476 0.060851 -2.744009 0.844808 0.368557
0.003694 -0.156230 -0.245850 4.142516 -4.062767 8.812587
0.079558 0.555780 -0.400450 1.953336 6.902491 3.567270
-0.116860 0.077118 -0.109650 20.733223 -1.319412 12.666213
-0.040686 0.051245 0.091516 -4.137515 -1.228301 -8.668203
0.064284 0.034961 0.021131 0.328644 11.924604 8.647866
-0.110750 0.058409 0.160560 13.125950 -17.287491 -8.619278
-0.142730 -0.019118 -0.152030 -14.175879 -1.776932 -12.290505
0.043940 -0.086570 0.106070 4.486803 -3.927598 11.474157
0.017546 0.056034 -0.009211 9.822522 20.745286 0.886074
0.096566 -0.080286 -0.157640 4.849281 -10.198665 -8.902536
-0.001794 -0.038806 -0.001622 -6.568970 -10.570106 3.154487
-0.067656 0.026933 -0.090996 -15.258145 -7.937378 -3.034198
-0.027218 -0.006344 -0.009503 5.527716 1.550028 9.943266
-0.059874 -0.011072 0.121620 0.097648 9.815574 4.086831
0.009215 0.150560 -0.047265 1.427614 -4.645211 0.155916
-0.289750 0.021196 0.050850 8.303789 -0.399485 -5.688909
0.125260 -0.081073 0.042752 2.861603 -1.875407 -3.373732
0.058591 0.126350 -0.032116 5.764355 11.726828 -4.226390
0.110030 0.027447 -0.020997 8.979499 1.951341 -13.192997
0.036991 0.128660 0.120450 5.408165 8.215489 -0.377397
-0.038022 -0.003805 0.031850 9.357377 -5.187354 7.138643
0.111340 0.026617 0.047259 -2.994866 20.680623 13.780349
-0.043681 0.068369 -0.100940 -7.713330 -12.603576 -5.085033
0.045458 0.371700 -0.219900 -1.349267 -5.783999 2.927142
0.015239 0.008023 -0.025242 1.657186 -6.770812 -1.565475
0.014519 -0.068189 -0.014407 -4.032576 5.266099 39.347805
-0.035730 -0.057649 -0.035413 14.319653 14.462260 11.070388
-0.130950 0.078382 0.108670 -0.046682 -7.008387 0.153306
0.025895 0.068704 -0.006159 -2.329884 -0.750932 -4.784067
-0.540790 0.055079 -0.572560 3.297055 -4.827484 4.549376
-0.028842 -0.027451 0.007608 -7.454675 -8.349937 4.796092
-0.039913 -0.054163 0.008813 -4.625627 -11.473962 1.190897
0.118030 0.017241 -0.015411 -8.774160 10.338941 0.130803
-0.001040 0.105600 -0.031062 -1.106687 0.065709 -0.087634
0.365280 0.053512 -0.473230 5.008335 1.502143 -10.183342
0.054171 -0.118560 0.019734 -9.599278 -4.402848 11.746784
0.006430 -0.010676 0.046376 6.691190 -2.235407 -0.672327
-0.065466 0.034630 -0.114670 -4.376154 -5.266110 1.669980
-0.021773 0.022241 -0.025619 7.214633 -11.721261 -5.112927
-0.016844 -0.007301 0.140700 -2.233315 -12.108121 2.779792
0.091635 0.116120 0.077722 -1.394467 15.129069 7.146015
-0.038280 -0.035593 -0.087955 -2.230726 -10.419294 -11.693738
0.035086 -0.159270 0.025288 6.629943 7.653176 -1.538142
-0.232180 0.232040 0.088383 -2.391277 1.077052 1.605617
0.022347 0.034867 -0.003105 6.777014 4.167138 16.540853
0.192310 0.071537 0.069742 -8.897063 -4.352057 -1.047344
0.232070 0.074955 0.094907 -5.019102 -3.467683 -2.210458
-0.084842 0.040778 -0.115610 4.006588 1.338156 -5.133900
0.009948 -0.121850 -0.029956 -1.831212 -1.602360 -9.145313
-0.030223 -0.045712 0.003538 -0.465501 6.462238 6.161739
-0.074838 -0.007597 -0.076540 4.067573 4.344573 13.839244
-0.001871 0.106990 0.078781 7.931994 -2.027410 2.300378
-0.031952 -0.005179 0.056997 3.626092 12.536135 -3.366183
0.035365 0.039233 -0.060204 -6.883851 0.763196 2.597358
0.021418 0.012915 0.031181 -7.084435 6.269324 10.772392
-0.011889 0.101590 0.249000 -3.048103 -7.932534 -10.356754
0.040210 0.221630 -0.051986 -1.144911 -13.004702 -5.505932
-0.051551 -0.014376 0.063262 11.244872 3.659356 -9.139562
-0.036009 -0.069212 0.041561 12.618789 22.310734 18.310928
-0.350740 -0.193530 -0.117700 -0.172086 0.066647 2.842697
-0.091238 0.131870 0.146570 -1.382992 1.088782 2.832065
0.035205 0.047353 0.034627 -3.243234 8.087733 6.657251
-0.286260 0.015632 0.043508 -19.959497 2.013181 3.299952
0.067537 0.080078 0.035395 2.116081 -5.760765 2.080169
0.032241 0.069100 0.168110 -4.379514 -4.175011 -9.157835
0.084938 0.054937 0.050471 -18.925805 -17.699643 0.378815
-0.066651 -0.053111 -0.090529 4.618530 -9.948938 -2.337202
0.068998 0.025302 0.075408 10.266929 5.619235 -3.680081
-0.052358 -0.058637 -0.058899 -10.442138 -0.205109 2.940922
-0.102250 0.213920 -0.126970 -0.068038 -1.963467 -0.248797
-0.032923 0.067199 -0.000173 -0.779586 -8.896183 -7.341851
-0.110120 0.080518 0.113150 6.041596 4.883134 1.779805
-0.114100 -0.028356 -0.063837 -11.534676 4.655630 1.209754
-0.027158 0.009510 0.002327 -16.243107 -6.131530 -6.234673
-0.063611 -0.022697 -0.101240 7.586219 -2.916975 -1.288319
0.011671 0.003004 -0.078302 7.289667 -4.720804 9.344799
-0.013536 -0.096573 0.050368 2.014592 -2.403659 0.217767
-0.048529 0.005837 0.024741 -0.197478 -2.144565 -10.025588
0.062473 -0.134490 -0.129430 -2.307880 10.678734 11.166720
0.055990 0.056432 0.035691 12.888564 3.464213 -3.649189
-0.017499 0.017492 -0.028697 9.667805 -2.770160 -10.733511
0.074753 0.035042 -0.045315 -17.911003 1.496572 -6.554865
0.078602 -0.041927 -0.002059 21.321199 6.017997 -7.953657
0.100560 0.010619 0.295960 -1.303819 -3.974337 8.811405
0.062131 -0.026452 0.002334 -8.005468 -7.067108 15.415759
0.199050 0.037194 0.013664 -0.202783 -1.236608 0.623616
0.029572 0.017187 -0.026898 8.165025 13.453258 13.140261
-0.024324 0.037380 -0.011584 -4.060367 5.524669 -11.944581
0.076778 -0.062570 0.008277 -7.166162 1.437541 10.630196
0.033590 -0.006323 -0.028402 16.310723 -9.639270 -4.297840
-0.029710 0.064391 0.042482 -0.343488 -2.839947 -10.036009
-0.113890 -0.229360 0.143550 1.077200 -0.045820 -2.168653
0.043607 -0.007400 -0.008858 0.331121 1.037870 9.425754
-0.110780 -0.163890 -0.041680 -3.009515 -12.805967 7.290722
-0.172930 0.180230 0.088357 3.658589 -3.112832 -0.546679
-0.036067 -0.015915 -0.129800 1.920271 6.402277 3.581539
-0.078918 -0.190850 -0.284030 -1.015808 -0.660140 2.109536
0.086938 0.011780 0.099789 9.268498 -7.571195 12.813015
-0.092382 0.027606 0.033096 -15.817399 3.002518 15.827885
-0.163550 -0.118860 0.029990 11.887385 7.608214 -4.302083
0.014284 -0.030713 0.010566 -17.009742 -6.847621 5.410501
-0.113710 0.051544 -0.037904 -9.484476 10.528215 -19.310313
-0.030175 -0.176030 0.299280 0.181273 -3.587998 8.476384
0.317380 -0.357380 -0.092384 0.908303 -4.460223 -1.524636
-0.094683 0.058007 0.015091 -1.931635 -2.803027 -13.737409
-0.015391 -0.004582 -0.060706 -11.526189 15.380132 0.646032
-0.013447 0.052216 0.009432 6.059001 -13.078557 -11.758442
-0.093699 -0.217460 -0.183880 4.964638 -3.373098 5.297340
0.035792 0.018438 0.045838 -3.378591 -2.421033 -3.495148
-0.379800 -0.197380 -0.005182 -6.961688 -0.360401 2.057317
0.129540 0.068573 -0.033749 -8.449218 -2.039877 2.739734
-0.117400 0.167020 0.062066 2.140675 -5.595368 0.980896
-0.006174 0.021682 -0.011875 5.357409 4.855637 -4.733977
0.017652 -0.011610 -0.036739 -3.368836 -8.779092 -2.974895
-0.003036 -0.045074 -0.010779 -0.012620 17.560339 0.860623
-0.032738 0.033288 -0.093190 0.684620 -10.114517 19.513628
-0.131730 0.347660 -0.016580 0.917747 -11.339065 -3.379826
0.266610 -0.010639 -0.239040 -5.747386 -3.508881 2.783952
-0.037604 0.120190 -0.166610 0.382837 -3.101475 16.699155
-0.012212 -0.010974 -0.014618 12.083480 -0.332067 -17.610929
1.956100 1.346800 0.807220 9.680443 10.785261 4.270184
-0.438600 -0.040992 -0.104710 8.904812 -1.751651 0.802326
0.004970 -0.005643 -0.014656 -12.516970 -8.442172 -6.960892
-0.143200 0.039795 0.034131 0.356624 -2.181388 -3.852665
-0.026083 -0.026341 0.024650 7.114447 5.981070 5.562899
0.017864 -0.057026 -0.016376 -11.824794 -20.121090 2.304357
-0.091663 -0.056216 -0.009997 2.680509 1.660844 1.647178
0.051291 -0.075100 -0.018406 -11.335563 1.896097 14.857006
0.003667 -0.038061 0.069715 -0.457201 1.838605 -7.260517
-0.011525 -0.073307 0.076726 7.066949 -2.943784 -11.757412
0.009785 -0.100390 0.008458 3.488134 6.647451 -7.616085
-0.024450 0.067803 0.022301 -10.838050 -8.265842 -11.251451
0.045457 -0.233220 -0.029859 -3.031526 8.150443 3.102250
0.562240 -0.810370 -1.536100 4.405211 -7.914996 -13.689169
-0.082304 -0.097444 0.190210 2.657370 5.935498 -15.459647
-0.094592 -0.138380 -0.070103 -5.442805 1.685087 -5.233878
0.032620 0.123220 -0.061906 3.301066 -5.328305 2.343461
-0.020552 0.216560 0.059757 -0.948355 -24.973861 -5.047657
-0.045240 -0.046963 0.051358 -0.387068 7.113999 11.689428
-0.034331 0.055168 -0.111760 1.634083 -1.247811 -6.779831
-0.112730 -0.047043 0.033702 5.210549 -11.493384 -10.035420
-0.091140 -0.056469 -0.000676 1.647954 7.567678 -15.960724
-0.016611 0.091436 0.015703 14.922993 -17.287579 -7.182266
0.180780 0.012041 -0.027291 7.987064 -8.675850 -13.168400
0.085033 0.012174 0.058750 8.003514 -3.076693 12.312521
-0.028698 0.019489 0.003256 10.612966 -14.987806 -3.126303
0.037651 -0.126400 0.041880 1.763093 8.066796 -4.887839
-0.040027 -0.011817 0.062761 16.088532 14.272953 7.712521
0.110800 -0.055288 0.004796 -10.408746 7.419881 -1.960956
0.130710 -0.056983 0.284020 -1.934245 5.681824 -0.813515
0.015395 0.014141 0.008156 -1.736600 16.368491 -0.338781
0.026618 -0.180120 0.083720 -3.862439 -0.997123 -4.493187
0.288440 -0.180970 0.333160 -25.423095 12.193860 -20.571800
-0.019383 -0.003043 -0.012664 6.196303 -7.684337 8.213965
-0.117950 -0.200500 0.120500 -2.336862 -2.520926 -4.380424
0.067660 0.056374 -0.025355 -4.221458 5.848839 -0.276945
0.060433 0.190910 -0.032436 -5.672057 2.187072 5.973787
-0.013819 0.002634 -0.033099 -16.667493 6.201014 -0.734696
-0.048236 0.115900 -0.108710 0.200305 -1.813740 15.309756
-0.004649 -0.115300 0.073320 -4.157164 2.301829 6.874620
0.171030 0.068375 -0.417410 -6.468578 -0.693787 -1.463815
-0.040901 -0.038739 -0.000492 -10.854499 -2.665901 -5.296715
-0.161510 -0.048070 -0.078089 -1.023870 12.042873 5.008847
0.128520 -0.045626 0.335120 0.059255 -1.349159 -14.569307
-0.029816 0.003363 -0.020384 10.448887 4.158528 4.393500
0.031043 0.076963 0.042561 -3.993695 4.799689 7.541245
0.078976 -0.285520 0.124150 -9.454490 3.224760 4.748601
0.170020 0.191270 0.153980 -4.235302 2.951387 -3.651408
-0.099548 -0.021038 -0.056689 -3.994380 -2.294822 -2.280130
-0.083007 0.013525 0.193200 -11.404042 -2.121121 4.058951
0.011664 -0.002375 -0.021900 1.703049 9.918589 13.825401
0.201730 -0.006883 0.064475 -0.174144 5.906472 -7.859930
0.049833 -0.087199 -0.064371 1.382915 -1.184711 7.878025
-0.073815 0.010177 0.014834 10.546551 10.003028 7.075626
-0.000847 -0.190850 -0.081286 -5.757195 -1.956855 -0.235381
-0.155870 -0.015002 -0.018249 2.345773 -7.170597 -8.750983
-0.001395 0.008593 0.001010 -4.394102 -4.105937 7.762441
0.168650 -0.053049 0.053431 -5.618712 -3.395139 2.433431
-0.021846 -0.071280 -0.058728 2.483382 6.970879 -0.877856
0.065045 -0.041018 0.004406 -7.578033 -8.273604 -5.295278
0.020815 0.027767 0.012261 -6.119028 1.272702 -24.403211
0.144850 0.794730 0.324840 -4.163245 -10.588386 -3.079392
-0.035069 0.046578 -0.005846 -7.157320 -7.298117 -0.444010
-0.173840 0.271680 0.032256 2.607890 11.922201 2.565132
0.087968 0.072303 -0.017284 -0.423993 9.325143 4.233019
0.106750 0.050155 -0.006191 0.362521 -9.058150 -6.065254
0.001473 -0.028879 0.001563 -15.971728 -2.328444 -20.234565
0.042615 -0.025827 0.071089 -15.446722 4.045132 -1.236506
-0.013642 0.020236 0.025807 6.602544 8.196484 -4.169451
-0.079509 -0.079685 -0.090808 7.690521 -9.796680 10.939708
-0.002339 0.022322 -0.013894 2.362607 17.096015 8.310432
-0.108850 -0.051763 0.166620 7.812479 3.184643 -2.252295
0.025192 -0.114390 -0.036222 -7.062517 7.476935 13.139119
0.025894 0.026399 -0.031157 -8.146587 -2.615362 -3.990293
0.155010 -0.118590 0.469600 -6.999273 7.357793 -19.465218
0.059031 0.066089 0.058335 -7.742239 -5.316371 9.738901
0.061578 -0.011024 0.107310 -4.509775 -10.355050 -3.648490
0.063348 0.005561 -0.007744 -12.461059 -15.832978 14.262127
-0.106920 -0.001950 -0.074057 0.551710 -1.665667 -16.281241
-0.025077 0.031250 0.026581 16.106634 8.122250 -19.503979
0.027157 0.067237 -0.085950 -6.356541 6.958416 -4.685384
0.071035 0.174670 0.001728 -3.377388 -1.471267 3.134517
-0.042100 0.015738 -0.098949 -1.422747 -16.560215 10.505554
-0.053833 0.072243 0.003979 0.609020 -13.706595 10.028297
-0.073214 0.013087 0.034615 -7.013101 26.760445 9.240498
-0.126830 -0.106980 -0.010295 12.821220 5.442790 9.014577
0.053786 0.019936 -0.105210 -0.871903 2.881773 -11.855472
0.003443 -0.016696 -0.083879 -14.523412 6.272332 4.506231
0.021077 -0.012560 -0.007597 15.090004 -21.923841 -4.166290
-0.023473 0.003720 0.009839 3.235196 5.621422 11.051749
0.044098 0.027814 -0.026696 8.527624 8.042283 -15.388333
-0.015633 -0.079491 -0.015722 -11.501007 -2.049703 5.307761
-0.007941 0.017808 0.023023 19.401744 -3.036958 -12.884450
0.068546 -0.034855 0.059273 0.557960 -1.599167 1.918736
-0.274940 -0.016080 -0.310670 -9.457213 -0.204914 -7.823859
0.179350 -0.007829 0.082565 10.180740 -5.855077 -3.592759
-0.106430 0.204750 0.191180 -1.226061 -7.638279 -4.417995
-0.010887 0.435300 0.093438 0.313360 -11.356663 0.030184
-0.006532 -0.010930 0.173380 -4.351056 0.303219 -0.920530
-0.020091 -0.029110 -0.036752 2.654474 10.219068 -10.819872
-0.138580 -0.162920 -0.173950 -6.037210 -8.807591 -14.039034
0.006276 -0.018129 0.035307 -6.838857 2.452080 3.796873
-0.320430 -0.323030 -0.129500 -6.863887 -9.866111 -3.122702
0.117990 0.074834 -0.038613 -11.145648 -0.463532 -3.231246
0.042292 -0.064716 0.006422 6.650159 -0.152197 -1.392940
0.092638 0.038168 0.014786 -2.663564 -1.324621 -10.208621
0.000556 -0.051458 -0.071492 -8.428250 1.979343 2.283586
-0.106250 0.018950 -0.164120 10.144659 3.800656 22.118122
0.084680 -0.081392 0.004312 -0.448839 -1.798014 6.250633
0.031611 -0.156170 0.101310 4.528876 3.568584 -6.268007
-0.125280 -0.068994 0.027979 -10.026319 -15.377228 3.994217
-0.039944 -0.010999 0.029569 0.781497 -3.522044 -7.652244
-0.128150 0.440610 -0.261540 9.335478 -29.004880 17.349269
0.215560 0.131290 0.035584 -7.862162 -1.418387 -0.009447
-0.009573 0.009371 -0.017518 3.066055 24.057038 4.683331
0.209270 -0.113690 0.024666 6.264217 -4.510899 2.625135
0.103260 -0.032752 0.057092 -3.353280 -2.797311 -1.438970
-0.035751 -0.006883 -0.005304 -5.305286 14.428502 9.869404
0.040318 -0.145450 0.029832 -10.432555 25.699617 3.916885
-0.039792 0.100320 -0.026768 -2.381817 15.173361 5.878892
-0.236340 -0.397210 -0.248890 -9.270890 -7.333416 -7.486183
0.179750 0.551080 -0.087509 1.093199 -0.839669 -2.476699
0.002394 -0.041883 0.035166 1.057627 -0.772385 0.705618
-0.093355 0.149610 0.225140 -5.494284 2.148196 0.770866
-0.055026 -0.089689 0.165150 -2.689132 -2.316808 11.462863
-0.067837 0.015555 0.054673 6.517558 6.469169 -10.825873
0.009678 0.014896 0.000986 -28.681049 4.509901 7.609485
-0.160400 -0.048951 0.007675 -2.847535 -15.077469 8.933656
0.035925 -0.020341 0.096098 7.593150 5.179417 -3.095373
-0.014826 -0.014528 0.022103 -11.353536 -6.284171 -5.976785
0.006961 0.127750 0.009067 2.544856 -11.369483 2.222129
-0.088525 0.068520 -0.092771 -4.297197 0.330051 -9.341693
0.091345 -0.027306 0.212940 -3.517024 -3.503202 -2.246261
0.089121 0.036491 -0.042434 -26.416585 0.745374 20.197784
-0.035599 0.045589 -0.041203 12.275441 -3.302181 1.388169
0.025109 0.092764 0.085797 1.139450 2.591277 2.302732
-0.011424 0.069467 -0.007276 -4.265079 16.646909 0.579149
0.225440 0.081025 0.063896 21.638561 9.607626 -1.663165
-0.143020 0.048312 0.083064 18.786611 -3.859415 -8.968369
0.063915 -0.058829 -0.074995 1.503419 -9.395605 0.548183
0.029858 -0.027646 -0.034727 -13.397292 6.797725 14.748498
0.148140 0.002465 -0.017687 -1.983701 7.859923 4.404590
0.017255 -0.081353 0.045796 5.825505 -7.092560 5.486732
0.024947 -0.061209 0.008243 -11.571555 -8.605514 -6.093399
-0.048194 0.149320 0.122840 -18.504346 15.564349 3.103426
-0.051612 0.022735 -0.267880 5.940179 1.273467 3.604716
-0.074843 0.022702 -0.094784 12.043806 0.483754 1.687284
-0.024515 -0.043087 0.000292 -2.442288 0.170571 -12.044527
0.003033 0.093576 -0.359750 -1.474562 1.918701 0.045123
-0.036878 -0.070710 -0.096362 -4.745825 -9.897635 -5.350064
-0.025609 -0.101320 0.045095 -5.225129 19.465189 -2.688587
-0.087316 -0.120280 0.080092 0.395425 -0.843179 -3.547470
0.081278 -0.013085 -0.151240 0.021281 -5.108844 -6.280739
0.022413 -0.020633 -0.076527 -9.177546 1.370010 -1.313618
0.066060 0.156690 -0.014139 2.651819 9.526315 -2.294976
-0.120220 0.035114 -0.134870 9.420530 -5.753658 0.368699
-0.091286 0.772300 0.271810 -6.033210 4.845060 2.229461
-0.092962 -0.015417 -0.093972 5.280687 2.235662 7.249890
-0.403550 0.153220 -0.200110 -20.663897 4.789887 -12.808503
0.026299 -0.052063 0.076580 1.403331 5.576899 -1.815355
0.014758 -0.008563 -0.003774 8.083363 2.919606 4.355678
0.215410 -0.160770 0.100180 -1.084024 4.363945 -3.584824
0.060119 -0.059183 -0.013064 -11.779842 0.652804 2.427606
0.021876 -0.116310 -0.163200 -0.126720 5.004354 -1.434254
0.000616 0.080261 -0.093974 -7.977969 3.188412 2.400593
0.071443 -0.161480 0.123340 7.318830 -14.917194 13.783176
0.084754 0.097735 -0.000629 1.585044 -4.445083 5.558765
-0.018691 -0.005367 -0.049019 -0.489460 5.403002 1.983822
-0.449440 0.434990 0.209680 12.506319 -10.167786 -7.036554
0.007781 -0.006374 0.060011 1.675620 2.332616 -12.525793
-0.272180 0.174800 -0.086136 -0.923107 1.677036 1.658671
-0.042298 0.237970 -0.053303 -12.712929 17.571120 10.294995
0.041443 0.008482 0.021489 7.692993 0.901793 -2.005327
-0.035610 0.098839 -0.049443 3.568357 -5.152720 -0.496250
0.055926 -0.233820 0.087890 1.200384 -1.703696 2.312518
-0.067435 -0.234930 -0.026065 -0.999128 -4.595899 -4.135309
0.232460 0.638520 0.131890 7.944279 15.416635 4.653643
0.048109 -0.072607 0.089319 1.685062 -3.841225 -11.659888
0.040721 0.020630 -0.013764 1.312406 6.825023 -9.665499
0.027964 -0.059653 -0.115330 10.068738 -5.535474 -10.660591
0.027622 -0.020461 -0.019099 10.227969 0.102301 -16.111879
-0.024585 -0.055946 0.083781 -9.627446 6.109636 -14.517617
-0.059477 -0.070590 0.035465 -7.201488 -16.610740 4.327421
0.052365 0.015616 -0.010216 -11.449778 -29.283786 1.060749
0.080828 -0.044673 -0.141710 13.945261 -1.192906 -5.852511
0.052207 0.003575 0.039988 -9.238672 -3.474973 -8.157099
0.020265 0.167750 -0.099015 -12.014810 -2.890475 13.473271
-0.294280 0.157330 -0.060186 -7.733876 0.642351 5.487792
-0.247660 0.080645 0.079901 21.588833 -8.008997 5.453230
0.066796 -0.014478 -0.057514 6.325878 3.543834 -8.673470
0.015681 -0.006925 -0.008110 9.795895 -15.327674 2.477825
-0.056809 0.028831 0.019212 2.853130 -13.351661 -3.755595
-0.015700 0.006372 -0.048932 -10.076953 -9.011796 1.613460
-0.100740 0.055943 0.109000 -1.465593 2.334872 1.425906
0.215000 -0.212610 -0.068027 0.786862 3.398122 -3.585258
0.015135 0.156720 -0.266950 1.841685 5.127778 -9.719325
-0.054258 -0.017191 -0.057471 0.588924 0.208485 -5.005230
-0.016961 -0.031093 -0.002833 3.752646 -17.094941 9.114000
-0.080488 -0.004232 -0.001230 14.842061 9.168989 -3.684150
0.022147 -0.000389 -0.045766 2.151877 -7.844016 -26.237739
0.339370 0.145550 0.239770 1.653261 6.696858 -3.694726
-0.098578 0.282470 -0.155040 12.848677 -13.676897 9.844021
-0.068927 0.292650 -0.183380 0.449378 5.649662 -1.257395
-0.044658 -0.079301 0.115890 2.299319 -1.898660 -1.188137
-0.213340 -0.220720 0.262180 -8.866525 -5.829771 8.538396
0.064467 0.134380 -0.080380 -1.450616 2.387541 -3.757837
0.062615 -0.010371 -0.020372 23.243920 4.973599 -14.879017
-0.007165 -0.071486 0.037594 -3.252000 -3.886846 7.926343
0.462840 0.157350 -0.140040 -30.405652 -13.064873 1.238154
-0.093379 0.087317 -0.131160 -8.324338 -6.504922 -1.225862
0.003124 -0.054909 0.028538 5.692152 5.829787 8.335682
-0.031828 0.017305 0.035631 13.806523 14.946124 2.651290
0.081849 -0.074342 -0.180490 7.986425 -7.687957 -8.558481
0.003753 0.025209 -0.074219 -0.006345 2.049095 -6.404334
0.044642 -0.131820 0.114400 2.398419 7.445997 -9.901461
-0.058580 0.092545 -0.005182 2.697174 0.804761 -18.912730
-0.042855 -0.021435 0.031812 -11.884654 6.506299 0.844313
-0.073926 -0.033154 0.083747 -7.491042 -11.284115 14.831251
-0.100520 -0.131340 0.093556 5.426111 -1.761081 0.816569
-0.099810 0.061890 0.006198 8.279978 -8.501287 6.893804
-0.053554 -0.018742 0.037625 8.138150 -4.465627 27.654946
0.024041 -0.051349 -0.095560 -3.024345 7.709055 -11.419594
1.005900 -0.990080 -0.016308 0.187944 2.956210 2.072641
-0.160150 0.043432 -0.301580 6.627891 -5.731263 14.011444
0.013414 -0.126190 0.092195 4.936437 16.769865 -0.449895
-0.107720 -0.078270 -0.114320 -4.339582 -5.045282 -9.975250
0.029515 -0.042428 0.040334 2.056695 -20.310135 11.007445
-0.014346 0.180110 0.043358 -2.095105 -2.077961 -4.977772
0.069047 -0.005738 -0.096015 -7.704217 -12.839245 -5.907528
0.115760 0.076349 -0.009228 -12.881739 -2.428430 14.197501
0.006061 0.002336 -0.001413 3.365364 -3.298999 1.590247
-0.008044 0.018767 0.025942 3.489616 -22.891891 -8.496530
0.089830 -0.077710 0.047058 -4.255803 -2.372997 -2.272406
-0.029434 -0.087458 0.273420 2.072564 -0.401175 3.191322
0.011384 0.038844 -0.025984 -7.400957 -16.449926 -5.461933
0.066581 0.180810 0.021788 1.007712 -9.639984 -5.634972
0.047537 -0.114700 0.176060 -2.187246 -2.869908 -0.723300
0.023365 -0.007906 -0.004147 8.179314 -12.454296 3.190439
0.413760 -0.250260 -0.205130 5.955452 0.749678 -5.940606
0.000734 -0.091332 0.130950 10.215945 -2.112347 -2.954124
-0.329750 -0.209350 0.082062 4.028032 2.618736 3.400928
-0.402980 0.132450 0.326400 11.629850 -3.410061 -6.539554
-0.141250 0.080469 0.051328 -9.325947 -0.478756 4.292463
0.101420 0.022261 -0.011846 -20.374297 -11.126608 2.644866
0.128330 -0.040901 0.004516 -8.084358 -4.089123 10.120469
-0.164700 0.074393 0.094509 -1.961126 10.437775 0.962205
0.106440 0.037122 0.000482 -12.586853 -4.165942 -5.422306
0.054316 -0.036572 0.079573 -2.153467 -10.438827 -13.665910
0.033246 0.048522 -0.010846 1.988687 -6.189719 25.431623
0.039972 -0.103960 0.027414 4.686124 -3.585851 -2.511129
-0.007459 0.085678 0.030588 7.544193 -0.440121 7.914425
-0.033972 -0.045303 0.049266 6.530101 -2.971205 -10.610739
-0.099763 -0.085934 -0.016862 0.724485 -6.935364 7.112659
0.120960 0.023702 -0.110710 0.672575 -5.676134 -3.999308
0.135760 -0.182040 -0.095335 -7.729591 0.024489 1.571387
0.079878 0.060179 -0.094412 -5.123169 -2.094741 9.369851
-0.070464 -0.060025 0.087779 0.708889 -1.312354 -8.919295
-0.093378 -0.057255 0.113510 -4.912056 -17.267957 -3.175325
-0.034923 0.002489 0.001431 -3.480402 1.285956 6.129413
0.129700 0.536110 -0.274540 -5.185815 -19.237366 6.091916
0.136090 0.090607 0.001131 -10.681240 -5.511885 -1.786518
-0.013505 0.000969 -0.009119 -6.329239 8.973630 7.171596
-0.023944 -0.050572 0.079638 -3.209246 -9.083332 -0.274895
-0.059471 -0.038118 -0.004725 -6.344590 10.890350 0.733729
0.096454 0.034670 0.069808 8.133242 1.976358 7.630852
0.005218 0.197530 -0.057735 0.632187 10.215143 -4.994151
-0.022983 -0.091462 -0.000448 -4.398781 -8.904150 6.184127
0.007691 -0.013316 -0.016162 -0.736492 -15.692498 9.883921
-0.033064 -0.037011 -0.049404 -7.111730 -8.191987 10.311211
-0.296230 -0.183620 -0.281470 1.595868 -3.503896 0.970330
-0.038906 0.000314 -0.011893 0.201730 15.448754 2.442571
0.041751 -0.097711 -0.053909 1.738041 7.986792 13.745116
0.081800 0.001569 -0.040760 -9.378423 -10.552784 -1.229336
-0.070695 -0.044268 0.097526 9.430612 -9.252469 10.054611
0.022087 0.025371 -0.055110 -8.719379 -13.855251 3.090232
0.041306 -0.034838 -0.001016 -1.293386 -15.434650 -2.371472
0.290820 -0.087340 -0.024155 -19.933899 -1.453440 -2.076578
-0.004217 -0.073980 0.051098 7.557496 4.168180 -4.677945
0.115190 -0.515910 0.422680 1.712994 6.428930 -0.682294
0.108990 0.093458 -0.074458 8.576915 -3.527424 0.306199
0.132130 -0.112180 0.073776 1.187589 0.582160 -3.706927
0.021872 -0.104500 0.074326 -4.111687 9.778950 2.989866
0.401340 0.339180 -0.116410 -14.686695 -4.501898 5.752457
-0.150600 0.228670 0.187050 -3.294497 8.813934 7.168157
0.020157 0.025546 -0.071575 -7.103919 -7.709275 -24.739523
