0.078988 -0.164240 0.090197 -1.331000 -2.681700 1.505000
-0.014687 0.025949 -0.044123 9.138600 12.439000 6.852900
-0.002330 0.026117 -0.022709 -0.493920 -1.448800 -14.792000
0.614800 0.053908 -0.391710 8.552400 2.270200 -6.846600
0.029720 0.025990 0.069735 -4.094600 14.102000 8.773000
0.121770 -0.292870 0.164220 6.355100 -26.195999 18.792999
-0.007874 0.034250 -0.032794 6.284100 16.191999 -5.969200
-0.307710 0.156430 -0.079748 -5.371100 2.216700 -9.485800
-0.025129 0.016735 -0.050658 -1.276300 3.531800 17.448000
-0.045910 0.003335 -0.037802 10.593000 12.919000 5.740500
0.118200 0.088107 0.074257 4.702500 -6.951300 -7.148300
-0.104500 0.006102 -0.027870 -5.533800 6.372000 2.588400
0.000818 0.069760 0.083274 4.815900 -5.176900 -0.500490
0.063059 0.040721 0.001600 7.934900 -4.406000 -4.745000
-0.003610 0.219510 -0.037050 7.570000 9.291900 -0.976590
0.013456 -0.340380 -0.108390 -0.771770 7.094600 0.056328
0.189370 -0.390930 0.045750 7.734000 1.881800 -3.563300
-0.094903 0.129060 0.110600 9.789600 -0.114090 -6.998500
0.020563 -0.018356 -0.043547 12.099000 0.604920 2.158200
-0.197750 0.132940 0.194960 3.315600 -0.343240 -2.110400
-0.120840 -0.430700 0.305270 1.762000 9.565400 -5.758900
-0.001777 -0.440550 0.117060 -7.508500 15.591000 -0.826160
0.322400 0.079735 -0.059242 -11.794000 -2.211500 2.785000
-0.006788 0.011158 -0.063926 -16.577999 7.337600 -4.470600
0.093216 -0.163330 -0.001633 7.414900 9.038500 1.782500
0.038590 0.037710 -0.019272 -1.332300 -3.094000 -3.241400
0.067271 0.020358 -0.030810 4.823700 2.503800 -13.346000
0.061949 -0.071181 -0.013347 2.499000 4.256500 4.549500
0.058493 -0.035695 -0.058782 -2.662600 8.025000 -5.367400
-0.002156 -0.124260 -0.059555 14.842000 -1.386400 -3.600100
-0.034509 -0.007601 -0.023501 -4.122600 -5.546700 7.720600
0.150720 -0.012573 -0.049743 9.525300 -11.418000 0.097459
0.223470 -0.032340 0.247400 7.193000 4.015500 -2.662800
-0.087612 0.081461 -0.092244 5.190100 -5.740100 7.928200
-0.182410 -0.214430 0.111510 2.493900 2.837500 -1.514000
-0.166090 -0.362230 0.321840 0.322270 -1.565300 -7.163800
0.024699 0.005764 -0.019835 3.946700 -3.202400 17.582001
-0.139890 -0.024800 -0.014249 -7.740200 5.047200 -11.378000
-0.076868 -0.070316 0.046314 13.037000 15.222000 -0.544890
0.032014 -0.022130 0.008080 1.708100 -1.692700 -4.550700
-0.046774 0.016269 0.019729 -4.692900 -14.786000 -2.561700
-0.058919 -0.047433 -0.015828 -6.951000 -5.796700 -5.783000
-0.013392 -0.114710 -0.141120 6.938800 -5.702100 2.460200
0.034997 -0.163830 -0.119910 -2.336600 -8.877900 -13.206000
-0.244950 0.000630 0.048852 -0.276790 -4.237400 -2.169500
-0.031098 0.082326 -0.044603 3.397100 -8.759900 -0.629140
-0.059712 0.005789 0.041416 12.098000 -9.794900 -6.549000
-0.032730 -0.039155 -0.014787 0.846640 0.491810 2.968200
0.198230 -0.049149 0.069945 -9.614900 5.898300 3.808200
0.029929 -0.002412 -0.036312 -10.281000 -5.611100 6.393600
0.117820 -0.131150 -0.080863 1.290500 -1.196500 -6.196000
-0.024456 0.026407 -0.057679 -7.558300 5.177600 1.909200
-0.069230 0.036599 0.038687 -21.289000 -3.032700 -9.792500
0.066688 0.019605 0.007488 -8.180600 10.811000 7.158500
-0.019322 -0.018736 -0.048171 22.969000 -2.881800 -0.619810
-0.068044 0.018149 0.002861 0.258640 7.014900 -4.153600
-0.066395 0.053201 -0.006460 -12.096000 13.401000 -33.220001
0.127910 0.038296 0.065332 0.561400 0.691070 -1.348300
-0.109970 -0.050707 0.106030 4.641400 -0.681920 -12.568000
-0.019140 -0.060631 0.000224 -5.849400 17.990999 0.136940
0.004065 0.018497 -0.077350 -4.351800 2.987600 -2.443800
-0.078047 0.039546 0.096946 4.938500 -1.924300 -1.697400
-0.150170 -0.022208 0.055630 -11.758000 6.176300 -3.581100
0.134840 0.086496 -0.107730 -7.785900 -1.730200 6.166600
-0.066595 -0.025645 -0.086223 6.724000 8.654800 -11.505000
-0.104390 0.009014 0.028943 5.871500 8.482300 -3.598800
0.060155 0.015666 0.054881 -8.204100 -15.470000 3.996900
0.058632 -0.073785 0.215020 -2.826400 -11.204000 -1.658900
-0.050756 -0.070010 0.019873 -1.449700 -19.556000 7.705200
-0.028494 0.013014 -0.017895 -17.105000 34.500000 -29.224001
-0.110830 0.060093 0.093822 -13.175000 -1.557500 2.448700
0.062704 -0.102110 0.027255 -2.640100 15.300000 -17.558001
-0.010420 0.025534 0.114310 -4.582200 16.660000 6.868400
-0.045745 0.045418 -0.000273 18.613001 5.715000 -12.773000
0.041306 -0.034838 -0.001016 -1.629300 -14.633000 -1.870900
-1.235300 2.983800 0.320320 6.321700 -17.396999 -1.818700
0.025329 0.082202 -0.015974 -5.224200 8.067600 -10.712000
-0.012157 -0.409850 -0.120030 2.066500 7.627500 5.736200
-0.474540 -0.299780 0.691610 -7.549600 -7.643800 10.521000
0.186180 -0.009563 -0.006582 10.598000 -0.340910 -7.743900
0.014325 -0.073532 -0.017517 4.838700 -8.532200 6.625600
0.044156 0.086301 -0.019971 10.573000 5.048200 10.678000
0.053786 0.019936 -0.105210 2.083600 -1.224600 -8.241600
0.073966 0.016916 -0.018061 -15.599000 6.229100 -9.187200
-0.100210 0.176380 0.086550 -5.467700 17.254999 12.335000
-0.035340 -0.084763 0.061451 -9.694000 -1.015100 -3.597900
-0.171190 0.315950 -0.080263 -5.812700 3.636600 -4.666300
-0.075492 0.142790 0.000827 4.435700 16.910000 15.080000
0.051404 -0.091555 0.063710 -12.787000 19.417999 -4.165600
-0.013492 0.086836 -0.068307 -10.077000 4.329900 2.471000
0.192670 -0.084008 0.031421 11.079000 -3.087300 5.047500
0.055863 -0.039665 -0.027656 -6.575200 11.873000 -2.290200
0.208090 -0.145450 -0.129390 -15.711000 7.694500 2.395400
0.069789 0.088668 0.226310 -4.286700 -14.683000 -16.785999
-0.043529 0.042544 0.005447 22.558001 -15.900000 -0.525810
0.131690 0.031053 0.084967 -7.371300 7.404300 -4.660900
0.095391 0.087329 -0.181960 9.725500 -4.508700 8.520100
1.392100 0.327190 -0.256460 18.407000 5.295300 -3.037700
0.015023 -0.087693 -0.092519 -14.384000 -1.286400 3.265600
0.023754 -0.131930 0.065595 -4.607700 -4.631600 -5.362200
-0.004218 -0.010194 0.034693 -15.097000 -6.855400 -4.301200
0.059962 -0.046326 0.097463 -4.332800 2.751000 -12.868000
-0.046110 0.029615 0.360650 3.821000 -1.221900 -15.030000
-0.110590 -0.100700 -0.232270 5.057000 -2.420400 8.471200
-0.076664 -0.068872 0.003844 7.762300 8.364400 -1.288100
0.090118 0.063565 -0.000174 19.384001 11.419000 -10.397000
-0.027672 0.043251 0.069661 7.853600 16.816999 -4.795500
-0.064295 -0.008208 0.035868 7.736800 -6.719700 -2.181400
0.004721 0.024990 -0.058413 -3.660400 -16.823999 3.753600
-0.018991 0.025282 -0.016442 6.637000 2.460100 -6.522000
-0.008929 0.028695 -0.046253 6.601400 4.547500 12.027000
-0.152550 0.113000 -0.042972 8.776900 -6.115000 0.846180
0.037924 0.032783 -0.106610 -6.882600 -6.554800 3.953500
-0.000747 0.046006 0.040517 -14.942000 18.731001 2.372700
-0.032515 -0.047569 -0.001648 -5.185500 -23.806000 -0.233530
0.021881 -0.052684 -0.068208 14.952000 4.761100 -0.494110
0.004832 -0.046632 -0.008042 12.600000 7.912400 -1.336200
0.071990 0.037006 0.049753 3.887700 -0.096127 4.646300
-0.160400 -0.048951 0.007675 -2.687100 -14.111000 5.960800
-0.049475 -0.097584 0.069226 0.312320 -2.696800 -0.342350
0.102160 -0.029838 -0.110290 0.498670 5.132500 -0.115570
0.018909 0.102000 0.017317 1.836600 3.892900 2.316400
-0.018191 0.239960 0.206450 -5.469400 5.515000 3.461500
0.046213 0.253050 0.019455 -2.488300 -5.802900 -1.589100
0.300580 0.613430 0.196360 -0.066999 2.630900 4.837700
-0.297910 0.053594 0.528720 -12.891000 6.191400 11.377000
-0.000200 -0.006707 0.191860 -8.613600 5.448200 17.761000
0.008518 -0.006349 -0.175150 -8.693200 10.689000 0.946930
0.006582 -0.171720 0.008620 -10.118000 7.985900 8.908800
0.119260 -0.003857 -0.016784 -8.170400 -0.745790 -0.543580
-0.022831 -0.089344 0.012822 -10.795000 -2.962300 -0.558440
-0.055317 0.007739 -0.029996 -2.465600 -17.791000 -4.284500
-0.058899 0.108820 0.080232 -9.455000 6.319600 4.158600
0.036821 0.033245 0.173860 3.431600 -2.585200 5.553600
0.250760 -0.105700 0.042527 -3.639400 2.504000 -2.280300
-0.098719 -0.242420 -0.181890 5.443500 -10.301000 -9.936200
0.045256 0.028197 -0.034034 -8.131400 4.586200 -7.222800
0.076298 0.099409 -0.056280 -10.486000 -18.990000 -1.287500
0.056261 0.048159 0.012184 7.726900 -3.093400 -0.416180
-0.259990 -0.003899 0.320710 14.611000 0.468060 -19.485001
-0.068917 -0.069737 0.149660 -4.883400 -9.392200 -3.183000
0.201870 0.036746 0.089814 -9.387900 -7.280100 -5.833800
0.036142 0.065769 -0.114700 3.623600 3.533000 -1.263200
0.111280 -0.039294 0.048473 10.595000 8.578100 17.195000
0.157500 0.093933 0.411670 -2.597600 -0.848390 6.455900
0.046949 0.331820 0.209240 1.378700 1.283000 0.724720
0.125800 0.044319 -0.041925 -3.539800 12.231000 2.916500
-0.192710 -0.455810 0.313770 -0.512450 3.041800 -3.761900
0.114110 -0.128110 0.027486 -6.564200 12.137000 -3.149800
0.108790 -0.048813 0.027940 0.297770 7.249700 1.045700
0.020896 0.005617 0.014530 -2.321300 8.718900 11.711000
-0.061899 -0.011582 -0.016412 -3.420700 13.282000 7.887000
-0.023120 0.132020 -0.009218 -8.746300 18.902000 -12.708000
-0.008028 0.004829 -0.003464 3.690200 -3.015300 -23.812000
-0.134170 -0.083349 0.192440 0.034203 7.203100 -2.791000
0.149830 -0.081802 0.010280 -3.383800 5.709900 8.989000
0.064741 -0.019213 -0.015096 6.914300 4.312300 6.563900
0.232290 -0.020868 -0.232530 -1.319700 4.834800 6.148500
-0.093036 -0.077873 -0.016989 -7.237100 -11.595000 -2.367900
0.155890 -0.005182 0.021231 12.797000 9.050600 -2.292800
-0.018720 0.065847 0.008420 -10.706000 -2.231400 2.870800
-0.005963 0.057794 -0.081412 -4.708800 -1.318500 -10.765000
0.122130 -0.008930 0.104030 19.945000 8.755000 3.219300
0.042117 -0.025943 0.009852 13.847000 -12.443000 9.038800
-0.161890 -0.256050 0.040727 0.834060 -0.620540 5.696400
0.057131 0.039435 0.013164 4.874600 -25.872999 -8.986900
0.520150 -1.404000 -1.015500 13.041000 -34.686001 -25.500000
-0.140930 0.157790 0.109300 -0.127030 5.342500 7.372100
-0.672900 0.182710 -0.401320 3.610200 0.077729 -0.220640
0.090374 0.138060 -0.087776 5.049100 -1.279400 -2.860300
-1.424300 1.118200 -0.548470 11.489000 -8.309500 4.437200
0.040103 0.054099 -0.120890 1.347800 -1.198500 -9.704700
0.478640 0.069228 -0.233490 19.417000 -0.047520 -6.872700
0.395930 0.072001 0.176510 -17.740999 -2.334100 -3.877200
-0.039508 0.039591 0.008048 0.009051 7.155800 2.277800
0.045756 0.075092 0.026938 6.659700 0.866130 4.292500
-0.367830 0.066388 -0.162800 27.683001 0.114310 5.245400
-0.009172 0.022989 0.002145 -2.213600 3.253900 18.214001
0.096566 -0.080286 -0.157640 7.573800 -11.872000 -7.924400
-0.077177 -0.092664 -0.112940 -7.244500 -2.379100 -5.214500
-0.044232 -0.145720 0.107720 0.912740 3.220700 -7.014600
0.152930 0.024241 0.101600 9.744000 -5.727600 10.550000
0.007112 -0.220750 -0.074931 -11.044000 -10.947000 0.143240
-0.110360 -0.050201 -0.011739 1.735200 -4.201700 -4.803400
0.287240 0.744930 -0.036445 0.197670 -3.769600 0.508400
0.011701 -0.014528 0.014608 -14.584000 2.984100 -18.982000
-0.367020 0.145160 -0.007683 5.218500 -0.232810 2.463900
-0.057669 -0.040111 -0.025120 16.243999 3.088600 4.433900
0.041195 0.060929 0.044927 -14.558000 -0.948970 20.016001
0.014758 -0.008563 -0.003774 9.972200 1.521900 2.316000
-0.000412 -0.012390 -0.061233 -19.271999 6.337100 1.446800
-0.022440 -0.153410 -0.092779 1.361600 12.155000 11.889000
0.064754 0.185320 0.165530 5.874200 10.400000 4.320600
0.065356 -0.074936 -0.079883 -11.390000 16.032000 5.539700
0.078895 0.034592 -0.080300 5.556200 -31.222000 -17.208000
-0.014080 0.097276 -0.180000 1.009800 22.709000 -9.684300
0.094406 0.145350 -0.393300 1.360900 4.260600 -7.846800
0.163580 0.052141 0.621270 -1.631100 0.409510 -5.205600
0.140470 -0.105470 -0.036495 -8.582600 -3.678700 -2.201300
-0.014083 0.125410 0.005783 2.260700 -0.950240 5.517100
0.036896 -0.233230 -0.145810 0.361460 -16.528999 -2.097000
0.030878 -0.045252 -0.020962 -4.499000 -1.229400 0.841140
-0.273990 -0.006568 0.275710 3.929000 -3.151400 -3.776400
-0.007149 0.007707 -0.221650 -3.491200 2.150800 -31.882000
-0.038470 0.055333 -0.101810 -0.247560 -4.269400 -6.429000
-0.073864 -0.105430 0.369240 3.609700 4.317600 -4.243900
-0.039301 0.062667 -0.004129 -3.304400 0.124220 10.298000
-0.004850 0.020192 0.068916 -2.232200 -5.020000 5.013600
0.041135 -0.126970 0.196460 7.070100 -5.891300 13.132000
0.002482 -0.031112 -0.033926 8.484600 -20.336000 -2.283600
0.059548 0.035373 0.002780 -13.088000 -8.456600 3.634700
-0.011037 -0.076188 -0.003686 -1.369400 -26.825001 -3.158100
0.010798 0.058098 0.002941 6.968700 6.174700 5.622100
0.003643 0.037768 -0.074441 -8.195400 -3.078300 -4.990900
-0.000348 -0.083311 -0.009583 -10.953000 -13.864000 -7.673200
-0.072078 0.015359 -0.018388 2.781600 -3.555500 2.499300
-0.095380 -0.009588 0.059607 -20.785999 -8.959500 0.531850
0.086662 -0.095578 0.117590 2.406600 -0.408580 15.385000
0.007250 0.111780 -0.012077 6.231700 -24.922001 -0.196620
-0.291970 0.708960 0.116700 1.485300 -1.822700 -1.376800
-0.080807 -0.061073 0.111650 -0.881270 6.903600 -4.345900
-0.012643 0.049452 -0.191440 4.326700 2.967600 -13.850000
0.096276 0.040942 -0.090868 8.653600 3.436900 -0.958220
-0.052422 0.069257 -0.039413 -2.593000 -3.477700 0.719940
0.001671 0.011952 -0.143750 -0.316820 1.308000 -21.221001
-0.030441 0.116310 -0.314330 -4.806700 0.138450 -0.752700
-0.051337 0.146030 -0.044416 11.362000 -4.177800 -5.615000
0.022104 -0.022932 -0.073408 12.364000 5.480400 -8.064000
0.110800 -0.055288 0.004796 -8.750000 8.200200 -0.461990
-0.039692 0.029060 -0.001763 1.866200 3.486100 -18.726999
-0.291500 -0.037506 -0.231930 -9.710400 -6.112400 -10.597000
-0.203060 0.005473 -0.107110 0.022723 -0.367500 1.111700
-0.079973 0.037374 0.021302 4.942500 25.662001 3.998700
-0.049964 -0.207680 0.233210 0.230360 -15.394000 14.414000
0.005878 -0.018876 0.045035 -3.931600 -1.021600 -5.056200
-0.010944 0.041678 0.054866 14.365000 -6.749500 -15.530000
0.018572 0.051316 -0.089227 -3.331800 -13.840000 -8.436800
-0.048704 0.006265 -0.179410 -2.289700 3.714300 11.508000
-0.056161 -0.067562 0.089565 4.668000 -8.566700 1.810000
0.010115 0.005402 0.017037 1.167000 15.843000 16.455000
-0.015993 0.055616 -0.062710 -5.769200 -11.275000 5.666100
0.316960 0.168500 -0.438010 3.609500 2.910000 -1.613300
0.027761 0.003220 0.035720 -0.569280 -5.976800 1.333600
-0.063865 -0.128100 0.032156 0.882400 10.934000 -2.350500
0.090581 0.254460 0.059838 5.582300 10.605000 9.243000
-0.010183 0.046696 0.020313 4.479700 4.452100 10.754000
-0.011472 0.017882 -0.011489 4.974200 4.922800 2.834000
0.019430 0.105590 0.058221 -3.241600 5.670900 8.004200
-0.092583 0.015090 -0.014082 -3.346400 0.743620 -1.507500
0.231450 -0.195130 0.433370 -2.205400 1.668200 -3.942000
0.052030 0.025856 -0.073735 -0.241750 10.558000 4.123200
0.019640 0.256750 0.172320 4.638900 -6.510300 -10.083000
-0.133140 0.044477 -0.189250 4.838800 0.145570 -4.043500
-0.005141 0.004505 -0.043826 4.970400 2.757900 3.612900
-0.102190 -0.061631 -0.011803 9.912600 7.816600 5.286000
-0.051254 0.153610 -0.144980 6.258900 -7.998800 1.468600
0.018970 -0.404410 0.067592 6.718400 4.745000 -3.668000
-1.423000 -0.151420 0.286930 -10.342000 -2.580900 1.830600
0.024185 -0.059879 0.046081 -7.807200 4.623600 -14.528000
-0.017509 -0.027463 -0.007971 -1.827300 -9.572400 1.836500
0.041802 0.057302 0.037412 -2.685900 4.287500 -3.979900
0.086486 0.024905 0.120170 1.713300 -7.453300 5.886900
0.087133 -0.027731 -0.040162 3.064300 -1.679200 2.858000
0.001927 0.032979 -0.039196 15.768000 -9.564000 -1.431700
-0.073869 -0.079886 0.063345 -0.342540 6.573500 2.120900
0.057052 -0.011278 0.005885 -3.408800 -11.759000 10.403000
0.101080 0.099068 -0.045410 0.055940 -6.501400 1.338800
0.030574 0.142500 0.223340 2.916400 -8.512600 -6.090700
0.049418 0.037899 -0.004646 -8.149400 21.577999 -16.014000
0.069573 -0.144810 0.214820 -7.375700 3.704800 -16.033001
0.098767 -0.086318 0.236460 4.225000 -1.789100 11.149000
0.069062 0.243750 -0.495610 -1.047700 -6.147800 4.170000
-0.071634 0.021229 0.030217 -2.432400 -0.117210 2.083000
-0.022331 -0.025728 -0.024923 13.972000 5.884800 3.791500
0.064296 -0.314670 -0.139720 2.114400 -1.786500 -0.160930
-0.058519 -0.040514 0.040522 8.328900 -3.245200 -19.497000
0.069846 -0.028728 0.003112 2.741000 -6.965700 -9.312900
0.433130 -0.520600 0.176030 13.363000 -17.851000 8.669300
-0.036864 -0.071911 -0.044960 -6.216200 -5.735600 3.262400
-0.050217 -0.055739 -0.141740 0.373290 -0.388790 -0.329770
0.074387 0.111060 0.004507 6.122100 -27.811001 -3.081600
0.017950 -0.077157 0.065105 -6.004000 10.914000 -5.228800
-0.116910 0.014388 -0.024677 -12.231000 4.398300 8.814200
0.055467 0.008690 0.032456 -7.257000 -8.665400 -3.662300
0.048234 -0.012236 0.112840 -0.343720 -2.003800 7.578300
0.042635 -0.038065 -0.018298 -6.316800 10.391000 3.339100
-0.060102 -0.094829 0.278720 7.384000 -2.992100 -4.710700
0.108990 0.093458 -0.074458 7.639800 -5.081200 -4.497900
0.067752 0.054793 0.010152 4.463500 -1.269000 -10.925000
0.047537 -0.114700 0.176060 -3.569000 -3.283200 0.326830
-0.147450 0.030189 -0.103530 11.185000 -7.533500 -2.799500
0.012775 0.169850 -0.001411 9.628300 17.799999 5.790600
0.315650 -0.479780 0.067787 3.460400 -9.176100 2.524000
0.301730 -0.170800 -0.019963 -26.299999 21.327000 -0.255340
-0.008468 -0.021356 0.012054 6.665700 6.389400 -1.079700
-0.127630 0.069665 -0.126390 5.551400 4.929100 -1.212200
0.101940 0.158040 0.042968 -5.175100 -3.553300 -4.147300
0.042864 -0.008039 -0.034876 -3.954600 4.135200 -1.167400
-0.062202 0.042407 -0.216450 -2.691200 -2.570900 -0.275960
-0.010303 0.009549 -0.023487 -15.161000 -4.292000 -16.406000
-0.064680 0.001837 0.003090 2.160900 -3.445100 -5.397600
0.128310 0.053682 -0.149710 10.135000 2.941900 -13.431000
0.075538 0.213690 -0.118310 -0.758630 15.867000 -0.825240
-0.049395 0.223440 -0.123860 -2.097100 4.878000 -3.245200
-0.111120 0.068627 0.250810 -0.490820 2.752400 -3.217200
-0.023465 -0.078626 -0.131700 -2.073900 2.823600 5.647500
0.055415 0.015617 -0.120680 6.745600 0.360990 -11.664000
0.084437 -0.051782 0.122150 -3.132400 -3.167900 -4.046100
0.086916 -0.051773 -0.010323 1.758400 10.614000 -16.141001
0.004242 -0.033925 -0.013045 1.262100 -8.845200 -10.678000
0.005633 0.121890 -0.046456 0.635220 8.968500 7.861800
-0.075283 -0.074593 -0.066121 -12.854000 -3.192300 7.894700
-0.016773 -0.039006 -0.036743 -5.830800 -8.426600 -8.562300
-0.006669 0.064378 -0.071418 -6.484300 7.847000 -6.180200
0.067066 0.036718 0.025897 14.236000 -0.245390 0.985730
-0.176800 -0.167550 0.141920 -2.483100 2.166500 -5.154300
0.014076 -0.010753 0.122690 0.665100 -12.800000 -4.617000
-0.117220 -0.022940 -0.087342 -11.060000 -2.510100 4.649600
-0.146360 -0.139060 -0.071843 5.380000 10.525000 2.537800
0.116300 0.001992 -0.071892 14.109000 11.057000 -6.174500
0.086938 0.011780 0.099789 8.813300 -5.066500 12.375000
-0.023932 -0.043492 -0.015943 -6.395600 -5.989000 1.085100
-0.025414 0.044575 -0.020324 0.210880 -4.386000 -3.043700
-0.207680 -0.055147 -0.047249 -16.635000 -4.271100 -1.040800
-0.023074 -0.044840 -0.157890 0.899040 -4.384300 -1.790200
0.042602 -0.086577 0.064036 2.328800 24.391001 -4.723300
-0.058946 -0.042974 0.001059 -3.739900 0.506900 5.188000
-0.224480 0.141550 0.075984 38.840000 -27.475000 -4.624700
0.105030 0.052466 -0.020279 18.964001 -10.215000 1.404200
-0.095457 -0.032886 -0.110260 -10.832000 -5.219000 -26.450001
-0.150140 0.062087 -0.068103 -0.242910 2.229000 9.134000
-0.010529 -0.082289 -0.006324 -2.188600 11.782000 -13.587000
-0.073150 0.015315 0.012099 17.145000 0.571610 1.073000
-0.083429 0.058204 0.028777 1.993100 -4.927700 4.581100
-0.187380 0.305400 0.073137 6.318700 -11.895000 -4.695700
0.088169 -0.207750 -0.041041 -1.338800 -2.031100 -2.733600
-0.110170 -0.076590 0.153510 -7.826700 -2.514100 8.187400
0.084915 0.164150 -0.031313 0.395020 4.026400 -0.834520
0.094423 0.087106 -0.003993 0.503330 7.219800 -19.364000
-0.128560 0.067220 0.109770 6.185000 -1.467400 5.990500
-0.066136 0.028772 0.038782 -21.437000 16.961000 1.553400
-0.051825 -0.006960 0.064492 3.987600 4.759400 3.973300
-0.051301 -0.029399 -0.053872 -6.948800 10.871000 -4.669200
-0.128910 -0.163930 0.005466 3.044600 6.598500 3.198500
-0.065951 0.059964 0.045618 6.678100 0.444530 -26.645000
0.174870 -0.065503 0.050172 -17.823000 1.586400 5.778200
0.039460 0.005218 0.049110 0.814880 0.715940 -10.243000
-0.079410 0.001420 0.024448 -5.488300 2.567300 -0.931700
0.391040 -0.795560 -0.136140 -4.600600 7.027900 -2.374000
0.053296 0.263250 -0.027654 3.625000 -0.585950 0.507990
-0.110770 0.040075 -0.244780 -3.291200 -4.276800 1.875900
-0.052565 0.022345 -0.052916 -19.239000 -6.560000 -14.026000
-0.033830 -0.147590 -0.016588 -6.645300 -11.795000 4.020200
-0.011122 0.086149 -0.054082 -11.223000 0.025815 -10.157000
0.108550 -0.130680 0.028802 -12.661000 -4.431000 -6.396700
-0.114120 -0.080513 0.068305 8.787800 -6.700100 1.929800
-0.002081 -0.044351 -0.106190 -12.607000 -5.295400 -18.301001
-0.102890 -0.028440 -0.016681 4.770400 4.767000 4.694800
0.192190 0.081471 0.077562 17.480000 -3.060200 14.550000
-0.067083 0.091684 0.073310 -2.848100 -1.081000 -4.614200
0.041336 -0.071095 -0.034488 15.746000 11.728000 11.918000
0.061847 0.019443 -0.120850 -0.196390 -0.333060 -3.137700
0.008571 -0.053898 0.147970 6.536200 -1.941500 9.553800
-0.115290 0.051023 -0.018979 6.610600 0.769410 5.810000
-0.025163 -0.619720 -0.233130 5.639800 -21.643999 -11.569000
-0.003201 -0.064385 -0.080594 6.469200 -1.249000 -7.503000
-0.302930 -0.026012 -0.074759 -1.901500 -3.510300 2.884900
-0.001429 -0.035444 0.038024 -17.981001 -20.458000 -0.692980
0.119220 0.128020 -0.055328 6.429700 10.437000 6.017100
0.019403 0.063589 -0.022411 -0.492240 -0.824700 -15.601000
-0.136570 0.054764 0.161340 -2.272500 -6.076900 -3.156200
0.145520 0.101780 0.270580 1.362800 1.137200 -2.145000
-0.041473 0.077521 -0.026399 0.019441 -5.573800 3.727700
-0.080751 -0.139300 -0.115520 9.444000 0.004525 1.304800
0.022878 0.005428 0.032493 -2.276600 13.361000 -13.786000
-0.077728 0.170550 -0.031293 7.158600 -4.019000 4.273900
0.179930 -0.134260 0.196790 5.831200 6.847000 8.378600
-0.203660 -0.125380 -0.023276 12.374000 2.549400 1.669900
0.149240 0.077605 -0.303510 -19.922001 -11.614000 33.679001
-0.200010 0.005744 0.139090 -13.292000 8.748800 8.073300
-0.624030 0.019630 -0.506670 18.096001 -1.183600 10.537000
0.151440 0.082271 -0.017664 -17.698999 -4.608300 -7.037600
-0.008319 0.013668 -0.095535 5.006500 -5.446600 -5.011500
0.025192 -0.114390 -0.036222 -4.950000 11.301000 11.848000
-0.031535 0.040007 -0.033840 2.481900 -8.790500 -7.653200
0.040781 0.049044 0.071499 -7.454600 -2.037800 9.101100
0.111580 0.081980 0.036532 0.538940 15.553000 3.793300
-0.059875 -0.019565 0.047948 -3.987800 0.255300 -1.323700
-0.122080 -0.042244 0.330200 0.037496 0.714070 3.603200
-0.053544 0.006867 -0.065336 -1.123500 1.381200 -11.367000
0.143400 0.013218 -0.006086 -6.462200 -2.563600 7.921500
0.053678 -0.064157 -0.035398 -4.462500 0.526820 -0.727720
0.277100 -0.057913 0.270220 -5.760000 2.428500 -0.799770
-0.032509 -0.017497 0.071375 -19.875999 7.258800 -11.168000
0.026586 -0.075300 -0.009226 -17.474001 9.257100 5.671000
-0.021988 0.057714 -0.016157 -0.641560 0.087485 8.667400
-0.063249 -0.038455 0.015876 21.694000 6.821200 -5.920600
-0.025080 -0.074254 0.024937 -6.834600 11.466000 -6.627800
0.043296 0.049396 0.068916 2.054500 2.227400 7.202500
-0.040466 -0.004890 -0.070095 12.753000 -14.437000 1.652900
0.019820 -0.038366 0.030344 14.058000 0.731470 -3.884700
0.018130 -0.272280 0.167180 2.336800 -9.607600 4.489400
0.114880 0.063477 -0.056361 3.337900 6.125100 -1.614300
0.047909 -0.068208 -0.004397 4.087300 21.722000 9.158000
-0.078175 -0.076848 -0.017196 -7.706900 -6.271000 -5.214100
0.139340 -0.099443 0.010632 -4.513800 2.064200 -0.063149
0.094768 0.020625 -0.013909 3.943600 -8.973800 0.026349
-0.024498 0.073066 -0.028364 -1.759200 0.354140 4.224500
0.024420 0.011863 0.032150 18.339001 -8.278800 -7.648800
0.035852 -0.003305 0.045232 6.213900 -6.699900 -7.601700
-0.344930 -0.217140 0.017716 -5.166400 -3.899500 1.205500
-0.032923 0.067199 -0.000173 -0.056433 -3.511600 -5.078500
-0.035599 0.045589 -0.041203 9.991700 -3.493600 1.237200
0.019352 -0.020265 0.131090 -3.539600 -1.191500 -6.801700
-0.030328 -0.016243 0.000525 -3.251800 7.468800 -6.678700
-0.079650 -0.032933 -0.127870 -4.142000 -5.019300 -13.275000
-0.027345 -0.023916 -0.094756 8.989800 -19.334999 -21.297001
0.020636 0.142820 -0.017059 2.411300 -0.825390 5.200900
0.089559 0.145500 -0.109780 5.654700 12.276000 -8.376500
-0.069431 0.046413 -0.066442 -4.444400 -7.227200 5.256000
-0.015328 0.067843 0.090366 -12.011000 -0.370370 -4.581100
-0.033252 -0.230140 0.183060 -1.769600 -11.749000 11.450000
0.187370 0.005737 -0.241670 -4.492800 0.208560 14.167000
0.040111 0.039802 -0.112640 -3.911300 -5.942100 9.126300
0.317380 -0.357380 -0.092384 0.892260 -4.490300 -2.682400
-0.008152 -0.007106 0.061421 -10.522000 -9.891900 -22.471001
-0.070206 0.152550 0.023707 7.368900 -17.643999 -6.655900
0.105600 0.026732 -0.036362 14.174000 -5.077400 -6.115300
0.315290 -0.255790 0.036402 2.526300 -6.315700 5.950200
-0.050765 0.060103 -0.043343 -10.492000 -3.568600 2.005500
-0.005231 0.017462 -0.037766 0.878820 -9.817400 -14.069000
0.023095 -0.047824 -0.040235 -1.273400 -2.056600 -2.138800
-0.034699 0.037767 0.040625 -0.444900 -1.476800 -10.421000
-0.006165 -0.053224 -0.047264 -6.358900 -11.362000 -2.706500
0.042400 -0.056285 0.280980 -2.714200 -3.398600 2.268100
0.373860 -0.435320 -0.321050 -12.814000 13.730000 11.370000
0.007545 -0.005954 -0.102160 5.779300 -0.213680 10.695000
0.107140 0.200090 -0.182530 2.306400 7.150300 -6.987500
0.045497 0.073108 -0.073972 7.935000 4.741300 5.983000
0.059675 -0.083516 0.050844 8.295000 -5.372600 -1.745100
0.002470 -0.052310 0.071261 1.952000 8.042400 -6.097200
0.056252 0.019797 0.010759 8.156000 -4.028400 1.618000
0.107990 0.223030 -0.104480 3.789900 -15.452000 3.913600
-0.016346 -0.289740 -0.077406 6.103500 22.239000 -0.662230
-0.002715 -0.026977 -0.040061 17.547001 -11.725000 15.879000
0.002045 0.311380 -0.096214 -0.566760 7.418700 -0.242180
-0.021066 -0.038291 -0.025920 -6.805000 -8.882400 -6.441200
-0.048277 0.056866 -0.013752 23.933001 -3.091800 -2.419400
0.061852 -0.091186 0.131730 8.284100 -1.558400 -1.464100
-0.219250 0.398060 -0.070119 7.244800 -11.678000 5.798700
-0.039548 -0.070699 -0.077581 4.219800 -1.104700 1.425800
-0.485900 -0.560380 1.627700 -4.081800 -5.231200 15.051000
-0.054836 0.012698 0.104890 -5.736500 -0.291320 3.803100
-0.124600 -0.080159 -0.035114 -11.489000 -1.257700 -0.903690
0.052902 0.125150 -0.021869 1.503800 -15.007000 -13.870000
-0.003797 -0.023585 -0.029178 5.827200 10.622000 3.329000
0.088443 0.033044 0.291040 2.011200 1.305000 -6.915100
-0.283600 0.035373 -0.611550 -1.912100 2.288200 -10.984000
-0.034736 0.037161 0.006243 0.101340 3.854200 -24.384001
-0.115480 -0.039201 0.003135 12.793000 -7.093100 -9.505700
-0.706560 0.466710 -0.437660 21.868000 -13.305000 14.657000
-0.014320 -0.021070 0.032691 -2.277000 -12.990000 12.566000
-0.069223 -0.075405 0.318720 3.931800 1.422300 -5.521800
-0.137200 -0.047344 -0.080941 17.381001 0.243370 5.031300
-0.064843 0.138920 -0.023491 -7.051400 0.997180 -9.844900
0.057270 0.071294 -0.140310 -5.316300 2.574900 3.214300
-0.059477 -0.070590 0.035465 -6.291100 -15.440000 5.123700
-0.023473 0.003720 0.009839 1.796900 8.525300 11.073000
0.034063 0.028499 -0.033077 9.369000 -0.670780 15.686000
-0.002149 -0.047542 0.137260 4.547000 1.913700 4.665900
-0.073589 0.168470 0.119190 0.582400 -5.247500 13.522000
0.020559 0.040427 0.068342 8.611300 12.052000 3.160400
0.022949 -0.044217 0.182530 -7.250000 3.505600 8.952100
0.223840 0.018984 -0.123410 9.440300 7.859600 -10.589000
0.031856 0.055479 0.128520 7.071200 0.709700 8.355200
0.038377 0.057927 0.075499 -8.619500 -5.544600 -15.805000
0.009083 -0.013212 -0.073526 1.894700 8.108100 -5.296500
-0.266860 -0.298140 -0.039274 2.329100 9.130100 1.270900
0.006272 0.009172 -0.041261 -13.710000 7.630800 4.427600
-0.031783 0.032228 0.014083 6.603200 -11.770000 10.167000
0.020689 0.048678 -0.012840 -11.077000 3.098700 12.452000
0.052634 0.167000 0.253010 -3.438000 -8.762500 -3.205500
0.007562 0.075535 0.039664 3.895500 13.520000 1.998600
0.027454 -0.021078 0.135220 4.552900 -1.486200 6.539100
-0.051550 -0.057262 -0.046607 1.063000 7.134400 -10.356000
-0.033949 -0.018058 -0.023602 -11.985000 -2.486800 -10.237000
-0.087233 0.109330 -0.067213 -4.737400 0.264320 -1.631100
0.018252 0.017046 -0.094865 -1.262800 -1.786200 4.538500
-0.097184 -0.076129 -0.006293 3.729700 11.580000 -13.487000
-0.079627 0.077495 -0.017030 2.239600 -1.968200 -1.022400
0.052453 -0.039167 0.000277 1.689600 -13.922000 1.538600
-0.178440 -0.284000 0.096016 5.078600 -3.040000 0.459130
-0.036603 -0.055996 -0.016963 -0.287060 -2.333100 -1.278000
-0.055524 -0.013932 -0.054819 4.237000 -0.001543 21.208000
-0.059900 0.164940 0.000503 -5.563400 -10.355000 7.527700
0.149990 0.037818 -0.024687 13.259000 -7.170000 -10.628000
0.037595 0.085579 -0.009052 -0.232310 -7.005700 -1.353600
0.073033 0.073493 -0.023834 -3.115200 7.284700 5.191900
-0.402980 0.132450 0.326400 13.813000 -4.098500 -7.824800
0.034713 0.228970 -0.075732 -0.425730 -5.634800 1.467200
-0.127650 -0.015346 -0.186210 8.050000 0.248500 12.580000
-0.010723 0.064376 -0.008522 1.735200 -3.805800 -11.661000
-0.036067 -0.015915 -0.129800 6.671500 2.528300 3.236500
0.166980 -0.055903 -0.100900 -11.365000 -0.911210 -3.111000
0.008704 0.017155 -0.053584 -6.442500 0.646990 6.700700
-0.066684 0.050875 -0.006805 1.980800 -12.062000 9.413200
0.067884 0.041130 -0.014263 -5.758800 -14.752000 -0.669220
0.031213 -0.017437 -0.044684 1.802200 9.693900 4.418100
0.027950 0.340980 0.079437 -0.155010 -9.616600 2.326800
-0.020097 0.083674 0.092895 -7.506200 -1.091000 -6.351400
0.150300 -0.058346 -0.015893 -16.125000 -5.594600 5.237000
-0.039506 0.035845 0.131820 1.824900 1.477000 -7.285100
-0.096702 0.024221 -0.300740 8.609100 -0.333030 0.856510
-0.091044 0.134120 -0.067961 -7.506200 3.939800 2.697800
-0.201560 -0.020020 -0.069474 14.581000 2.984400 6.086200
0.048469 -0.020785 -0.024407 -5.562400 -8.421700 2.151500
-0.016043 0.003197 -0.042250 12.458000 7.510600 -0.205520
0.007020 0.014859 0.012914 28.365000 -11.853000 9.843000
-0.075743 0.035954 0.012417 13.173000 -0.509750 5.598100
0.159270 0.077532 -0.165850 3.738100 5.154700 -7.013800
-0.085883 0.162780 -0.086840 6.987300 -1.830600 4.986300
0.010524 0.012072 -0.028345 -16.254999 6.140900 10.102000
-0.183570 -0.027331 -0.253330 1.287300 -3.921500 5.247600
-0.031305 -0.051643 -0.106910 -12.553000 -16.573000 -14.919000
-0.029408 -0.009095 0.075427 -11.602000 -4.525300 7.296000
0.228960 0.030027 0.124440 7.020900 6.844900 11.373000
0.082045 0.034117 -0.012328 13.596000 3.738400 4.129400
-0.017260 -0.054498 0.004661 2.165300 -0.250880 -7.404500
-0.239230 -0.261300 0.074102 -1.482100 -1.918900 0.421920
0.031174 -0.063239 0.052164 -6.997800 5.025800 -3.969700
-0.037334 -0.074956 0.028155 7.622800 6.735100 5.568400
-0.037810 0.000995 0.029738 2.962200 0.312330 12.085000
-0.175470 -0.001823 0.028372 -3.136900 2.345700 8.552900
-0.024456 0.010534 0.070677 6.375000 9.700200 -3.050800
0.185420 -0.215600 -0.057519 0.546040 -2.587300 -6.879400
0.100160 0.034500 0.072659 23.493999 -3.809700 27.895000
0.231580 -0.155120 0.184560 4.858800 -3.696400 1.907000
0.050862 0.084780 0.016976 6.578000 4.853400 4.999700
-0.011491 0.066510 -0.026280 -0.681670 -7.016600 16.260000
0.079957 0.109790 -0.004869 -8.708800 -8.061200 3.985000
0.054325 0.032433 -0.230550 4.099500 1.325700 25.687000
-0.011525 -0.073307 0.076726 6.065500 -2.123500 -9.456300
-0.045064 0.055865 -0.042320 11.789000 -10.382000 9.700800
-0.468170 -0.591140 0.019295 -17.163000 -23.031000 3.909900
0.019392 0.007222 -0.023101 -1.028800 -13.213000 8.340900
-0.200880 0.007628 0.323930 -4.430600 2.164600 6.814000
0.097058 -0.053436 0.068637 1.159100 6.680500 1.863500
-0.147770 0.038755 -0.006416 -6.190200 5.736800 5.790300
-0.090507 -0.024022 -0.001460 4.502200 5.078100 2.731700
0.137500 -0.239770 0.035683 8.902100 -12.125000 -2.551200
0.094918 -0.131410 -0.136370 -7.791600 6.055400 4.006700
-0.116330 -0.018556 0.150820 -0.728590 -2.953900 2.613700
-0.227520 -0.057454 0.092524 11.854000 2.156000 -10.444000
0.119360 0.024934 0.016995 15.812000 10.383000 3.143900
-0.011090 0.083482 0.091850 1.133600 0.472060 8.586400
-0.164630 0.479470 0.332180 7.716900 -20.889000 -18.627001
-0.003579 -0.021138 -0.032291 -12.859000 -3.229100 -4.216000
0.004205 0.015719 -0.037023 -5.767600 9.184100 -6.030700
-0.011200 0.021236 -0.067997 -10.450000 -8.796800 17.125000
-0.028724 -0.176260 -0.005340 12.358000 4.667800 -3.007700
-0.255650 0.176890 0.035789 -9.254800 5.883100 1.390400
-0.107370 0.030884 0.018032 3.401700 5.568200 -16.716000
0.003063 0.076278 0.037256 2.463800 -5.089800 1.752500
0.150970 -0.045081 0.101370 -3.575500 2.825800 3.754600
-0.108510 0.084610 0.029960 17.837000 -3.908600 -6.749200
0.081115 0.122650 0.118680 2.435100 3.427700 1.676000
-0.142460 0.177370 0.020160 6.262700 -1.152100 -1.107500
-0.069812 -0.002996 -0.029219 6.603100 6.672400 8.225700
0.083010 0.012579 -0.007665 -7.980400 -0.336270 3.618900
0.009040 0.011397 -0.129640 5.849600 3.410800 -5.542200
-0.059709 -0.031684 0.071852 0.349920 10.568000 4.942200
-0.073817 0.070092 0.103380 -17.332001 -6.425700 -3.259100
0.067178 -0.135140 0.032734 0.966270 5.615700 6.670000
0.057007 0.023107 -0.030615 8.268000 5.180500 -18.826000
0.029582 0.028417 0.006841 1.824200 3.001600 5.026100
0.018061 0.059212 -0.007556 -2.318700 19.687000 -7.342000
0.060098 0.036302 -0.027011 -7.067700 -16.580999 -0.060119
0.043364 0.005821 0.091297 4.515900 18.864000 2.242600
-0.248040 -0.074091 0.119040 19.289000 10.803000 -11.122000
-0.023319 -0.055937 0.026455 -0.846870 2.221200 8.059100
0.051085 -0.083531 -0.185260 6.124200 -10.372000 -4.564200
-0.182630 0.201600 0.235110 3.978100 -0.638160 -1.645100
0.028410 0.211490 0.147550 -3.467200 11.092000 7.433500
-0.262730 -0.145080 0.354890 -2.436700 -0.501220 4.177500
0.067724 -0.112840 -0.044731 0.757870 0.291550 -1.774300
0.134950 0.759340 0.811560 -0.877760 -5.446500 -6.886700
-0.126080 -0.120750 0.006509 9.868000 -2.698800 -6.236800
0.478130 -0.048530 -0.498500 13.611000 -4.725500 -12.874000
0.015132 -0.056920 -0.011963 18.211000 -9.927400 -1.303400
-0.144750 -0.092672 -0.121230 7.754400 -2.405000 13.528000
0.011728 -0.005142 -0.019159 -4.756800 5.295800 -0.349480
-0.375890 -0.151640 0.001504 13.699000 3.846100 -0.951730
0.015397 -0.088754 -0.107750 -15.614000 -4.499200 -8.254000
0.066121 -0.842090 0.610160 2.488100 -13.340000 9.866300
0.079436 -0.137770 -0.027987 15.699000 -8.664200 -6.790300
-0.078300 -0.103660 0.020835 0.912790 1.025900 -1.652400
-0.023904 0.042400 0.015395 5.980600 -5.151200 1.330600
0.012216 0.027345 0.105840 5.835800 10.895000 -15.375000
-0.112960 0.223000 -0.195000 -0.911100 0.678200 -0.461850
0.069961 -0.012023 -0.052934 5.406200 2.481500 -0.983950
0.034875 -0.021915 0.167600 -2.195700 0.821170 -0.005418
0.200570 -0.183580 0.002728 0.888360 -3.098100 5.934100
0.032220 -0.179830 -0.083569 -4.403900 -7.260700 2.660200
0.068779 -0.155720 -0.030051 15.590000 -4.592900 1.780700
-0.059196 -0.625920 0.390810 3.821500 15.425000 -7.016100
0.061869 -0.186490 0.115020 2.465000 -8.277300 9.043000
-0.037670 -0.129540 0.021530 8.829200 3.332500 -1.164200
0.027125 -0.086732 0.131660 -1.753800 -0.437700 -4.654000
-0.000970 0.004716 -0.079568 0.904410 -1.600000 9.965000
0.040947 0.038440 0.038745 11.843000 5.728300 -4.495300
-0.012328 0.002114 0.083405 5.223700 -4.444800 13.704000
-0.049638 -0.127080 -0.082066 -16.698000 19.208000 -14.230000
-0.634500 0.437430 0.028940 -9.946600 5.515900 1.392500
0.064026 -0.177300 0.001505 -2.169400 -6.463500 -4.278800
-0.002659 -0.162000 0.033427 1.147100 -0.683220 -3.830200
0.202690 0.058406 0.161720 -6.830600 0.246460 -3.226100
-0.325710 0.093263 0.203500 21.862000 -2.775500 -9.193700
0.101560 0.154900 -0.262970 -2.548800 -3.126400 1.820700
-0.047390 -0.055912 0.008724 -12.442000 -2.968400 -3.597700
0.061494 0.083684 0.040013 -2.022900 3.724100 0.461130
-0.049072 0.046987 -0.054970 -4.293100 -5.241200 6.407900
-0.027696 0.102470 -0.004049 -1.064500 -13.765000 1.852900
0.011792 -0.076380 -0.047848 7.178200 9.390200 3.471400
0.046219 0.004652 0.017925 -7.938700 8.585200 7.518200
0.055551 -0.010709 -0.036171 -25.591999 -2.060100 6.338700
-0.035102 -0.032545 -0.052761 -1.137500 9.522300 2.922600
-0.003793 -0.211660 0.170690 9.503900 -18.874001 2.760300
0.401340 0.339180 -0.116410 -13.632000 -7.186800 3.502000
-0.067681 -0.097483 -0.039607 6.173500 2.846100 7.632100
0.103060 -0.957620 0.268210 -1.575900 28.430000 -7.525100
-0.006101 -0.274110 0.018423 -5.398900 10.556000 5.121600
-0.066210 0.013645 -0.145000 -1.195300 -4.421100 -0.883970
-0.006662 0.016385 0.013454 1.841600 0.166870 -1.690000
-0.115700 0.101170 0.120340 -8.091400 -0.111430 -2.365200
-0.060739 -0.122560 -0.003063 17.437000 30.437000 10.454000
0.020593 -0.020542 0.034793 12.032000 -0.118930 -2.158100
-0.005102 -0.001012 -0.079492 -7.935700 2.957500 3.049400
-0.020722 -0.064982 -0.024245 -6.324800 -1.083100 5.404000
0.058330 0.173200 0.115120 0.971180 1.657300 -4.660300
-0.039572 -0.022812 0.086473 3.607000 -2.456500 2.889000
-0.166620 -0.579420 -0.187400 -0.345720 -4.328000 -1.491600
-0.048980 -0.041961 0.049294 -1.682500 10.263000 -0.253890
-0.104820 0.069985 0.021987 4.741200 -3.160800 -9.137200
0.107000 0.193290 -0.220700 -12.967000 -21.796000 18.733999
-0.058580 0.092545 -0.005182 1.605800 -1.352200 -18.530001
0.021365 0.008293 -0.006477 15.962000 -13.886000 0.798290
0.031645 -0.017818 -0.181930 -2.838800 -9.698800 2.483300
0.077130 -0.070282 -0.036825 -5.385500 -8.585100 -3.336700
-0.027658 -0.019863 -0.019347 -13.600000 11.117000 1.329300
0.067792 -0.092516 -0.167010 -1.126800 5.715100 -23.410000
0.138950 -0.737490 0.588660 -3.324500 16.510000 -11.104000
-0.076129 -0.092825 -0.052227 6.153100 16.110001 -3.495800
-0.025404 -0.069514 0.057138 3.856100 3.837600 19.538000
0.224520 -0.212920 0.033735 3.784900 -11.322000 2.237100
0.048061 -0.117770 -0.185430 -2.747700 -1.009700 -1.272300
-0.093153 -0.179480 0.072644 5.972900 -6.053100 5.153100
0.290020 -0.088213 -0.031684 2.958500 -1.764400 7.027200
0.012382 -0.020199 -0.077619 -2.708300 11.103000 -12.155000
-0.101720 0.131320 -0.007567 9.116900 1.408800 0.350750
0.040127 -0.161380 -0.051230 11.258000 11.315000 7.330100
-0.048227 0.019256 0.005922 -8.416500 -4.974800 0.882510
-0.018386 -0.007182 -0.042149 17.023001 0.260550 -8.659300
0.162720 0.098297 0.138900 -3.602200 3.023100 3.603400
0.002159 -0.160830 -0.253340 3.739300 -4.166500 -5.724700
-0.028842 -0.027451 0.007608 -10.616000 -6.377300 4.813800
0.146720 -0.014826 -0.040738 -4.168500 6.186600 -6.740400
0.020157 -0.081817 -0.217080 0.201480 -2.728800 -4.308900
-0.015680 0.002608 -0.039451 -6.084400 -15.551000 -3.637000
-0.438280 0.102820 -0.380530 -25.462999 8.791000 -22.607000
-0.005799 -0.047357 -0.087346 -2.600800 3.814000 29.525999
-0.054366 0.049662 -0.026838 1.444600 -6.604400 -8.879600
0.005746 -0.010517 -0.040958 -15.713000 5.945400 -12.261000
-0.080163 -0.031069 -0.054133 2.477700 2.282100 2.914600
0.057931 0.099331 0.012797 -3.656400 9.066400 0.618810
0.067112 0.032303 -0.026732 1.584300 9.188400 5.201100
0.007781 -0.006374 0.060011 -1.197500 2.344700 -12.830000
0.014687 0.064827 0.005139 -19.459000 -6.819500 -2.180000
0.156480 0.242330 -0.223330 0.974790 9.425400 2.385700
-0.016378 -0.036860 0.008342 -1.895900 -9.172000 2.346500
0.055741 0.032029 0.006373 1.245900 -11.704000 -2.439700
0.041139 -0.044809 0.004003 -7.502200 1.249200 6.755300
0.093410 0.052620 0.032556 1.284800 7.425400 7.777800
-0.007595 0.064426 0.036268 8.138600 5.937100 11.121000
0.064819 0.026665 -0.029759 19.084999 -0.830380 -14.107000
0.014519 -0.068189 -0.014407 -5.066300 5.276900 35.825001
-0.233990 0.072524 -0.033322 -3.311900 0.593820 -4.094500
0.013459 -0.383070 -0.018674 2.598000 5.693700 -1.196000
-0.000827 -0.071991 0.074362 -0.134080 5.079300 1.651800
0.100780 0.019501 0.103710 -3.460100 -12.049000 -3.084700
-0.168120 -0.273340 0.276470 -0.703420 -3.663700 2.871600
-0.035463 0.045368 0.073313 -7.116700 5.627900 11.745000
-0.085331 -0.044770 0.065879 -4.012000 -12.667000 3.864800
-0.136560 0.086198 -0.219380 -3.889400 1.532800 -5.638400
0.082540 -0.051809 -0.031409 -6.771300 9.545100 -3.957000
-0.009119 -0.033231 -0.078399 -2.253000 -1.803700 2.205000
0.028437 -0.105820 -0.263570 2.670900 -4.844200 -24.280001
0.017583 -0.037568 0.164620 5.719600 1.698400 9.604100
-0.017296 0.031575 -0.019406 5.993900 -4.559800 0.322710
0.047537 -0.021677 -0.220340 5.315100 -4.237800 2.560900
0.166200 -0.091474 0.149770 -11.525000 4.436100 3.358800
-0.085105 -0.170960 0.023779 2.628900 9.703000 3.479000
-0.117160 -0.263380 0.098064 -13.905000 -7.958500 6.694400
0.118510 -0.118280 -0.185060 6.771500 -9.054000 -3.220800
0.005215 -0.057938 0.026773 -2.782400 5.621900 -5.681000
-0.029191 -0.092310 0.036327 12.883000 0.718710 -1.579900
-0.021094 0.050875 0.118810 -0.365890 -4.389700 11.146000
-0.008826 0.068770 0.070289 5.086000 3.922300 5.203900
0.160350 0.088038 -0.068387 -24.069000 -7.636800 13.937000
0.024434 -0.101520 -0.001160 8.795200 6.441100 6.662900
0.052015 0.083453 0.001872 -2.806800 -4.038900 -10.177000
-0.084161 -0.168660 0.235180 -2.757600 12.073000 -0.331290
-0.112210 -0.092397 0.042719 1.428900 -1.823800 6.418500
0.017771 0.081152 -0.015644 0.981340 10.520000 4.952200
-0.034331 0.055168 -0.111760 3.441400 -0.704180 -6.841000
0.014816 0.014585 -0.041983 -5.867900 7.515800 -15.154000
-0.165290 0.052105 -0.106840 -10.414000 -2.438600 -5.497400
-0.005410 0.050691 0.008625 -6.102100 -11.727000 -3.279600
-0.190980 0.192330 -0.193070 4.160300 0.841440 4.047600
0.006878 0.030922 0.090199 3.114100 4.813700 8.269600
-0.177160 -0.219840 -0.012068 -25.701000 -11.473000 0.925560
-0.023489 -0.062399 0.005384 8.246500 -9.123600 -7.180300
-0.061838 0.095506 0.006507 5.336600 0.528590 -2.784400
0.126760 0.275550 -0.242660 4.979900 16.580000 -6.663800
0.134830 0.372400 0.025357 -8.902500 -29.458000 3.014700
0.126610 -0.084799 0.312740 4.918100 -3.908200 -1.913200
-0.005241 0.016941 -0.029061 8.213700 -17.146999 0.716910
-0.035620 0.459420 0.359520 0.148960 -12.872000 -13.884000
0.208040 -0.302370 -0.262400 -0.485810 2.351900 -1.332600
-0.113710 0.051544 -0.037904 -6.002100 10.994000 -19.021000
0.059727 0.296010 -0.068075 6.062800 10.345000 1.963000
-0.035083 0.053320 -0.134250 -4.686900 -8.866300 5.883400
0.043554 0.078626 -0.042253 0.499110 8.152400 5.896800
-0.027560 0.016629 -0.038702 -20.091999 9.824200 -27.406000
0.029858 -0.027646 -0.034727 -15.641000 4.987800 13.668000
-0.080579 -0.029361 0.029841 12.035000 -13.623000 -8.476900
-0.299230 -0.012632 0.085458 14.853000 -6.567900 -1.783300
0.096624 0.091317 0.009270 6.446900 5.453400 1.294500
-0.077048 -0.092309 -0.084484 5.135300 -7.308900 -2.980100
0.069982 0.019266 -0.011771 -5.361600 9.289100 1.824200
-0.041604 0.005540 -0.079149 7.304500 10.043000 -10.906000
0.040210 0.221630 -0.051986 0.104170 -10.474000 -3.932500
0.114340 -0.170080 0.144840 4.441900 -4.165200 1.537700
0.237720 -0.047203 0.610720 2.198000 -3.015700 5.151800
-0.026120 -0.049769 -0.008130 -3.244700 -3.045000 4.544800
-0.065710 -0.044039 -0.159500 -4.469000 -8.801400 -8.439800
0.046104 -0.020584 0.028992 5.254300 9.833100 12.207000
-0.030279 -0.106620 -0.094249 -4.568900 11.599000 3.361200
-0.000526 0.161510 0.089149 -0.634740 -5.603300 -3.096800
0.050732 -0.088113 -0.014327 3.021500 -0.623270 -6.679900
0.036544 -0.006358 0.083016 4.395500 10.812000 12.159000
0.067660 0.056374 -0.025355 -3.968100 7.202400 -2.851300
0.060947 0.069761 -0.049361 8.790400 0.321780 -8.153800
0.232070 0.074955 0.094907 -5.365500 -2.301800 -5.751100
0.109080 -0.340120 0.071116 3.922900 -15.126000 7.975900
0.103840 -0.059915 0.176030 -3.099700 -0.213470 -4.578900
0.261040 0.141410 0.083027 -12.530000 -5.020900 -5.931300
0.017589 -0.071938 0.027297 9.799200 2.065700 -2.620400
-0.032197 0.003257 -0.065125 1.134200 -15.960000 9.126000
0.060347 -0.037938 -0.101030 -1.870100 10.144000 8.909400
-0.005533 0.036531 0.030034 -7.761800 -13.709000 -23.742001
-0.024472 -0.016476 -0.060260 -0.624110 -12.365000 -0.044641
-0.046236 0.037113 -0.054298 5.268300 -7.611100 -6.085600
-0.027836 -0.050463 0.032498 4.545800 -10.069000 7.604400
-1.518700 -2.527900 -7.087700 -0.646310 -0.938080 -3.530900
0.011881 -0.084118 -0.039811 -6.664800 0.016050 -3.440300
-0.122450 -0.048896 0.047219 -7.872700 -7.338100 7.333800
0.171980 -0.023045 0.046394 -22.715000 3.927800 1.998600
0.053548 -0.242570 0.190410 7.782800 20.247000 -13.506000
0.063020 -0.002045 -0.002423 2.897800 7.288800 6.425700
0.076114 0.059477 0.037928 7.517100 6.988700 4.804200
-0.050454 -0.015987 -0.020172 1.815100 -5.548200 2.099900
0.023332 -0.074656 0.114610 -6.577600 -5.685600 3.858000
-0.030531 0.081046 0.067490 0.029417 1.650500 8.676900
0.028779 -0.043582 -0.030586 1.373800 7.265000 -13.808000
0.030773 -0.123200 -0.002646 2.294400 18.607000 -1.212800
0.172300 0.176520 -0.138880 4.112900 0.134320 2.483700
-0.091746 0.014671 -0.036123 4.439600 4.074800 -4.017500
0.101810 -0.178900 -0.128550 9.439600 -8.872500 -5.079600
0.025448 -0.063069 -0.056358 -9.878700 0.572250 11.919000
0.270960 -0.259050 -0.244290 -1.859100 7.817600 -0.571510
-0.159400 -0.063411 0.117900 0.274580 -10.032000 2.529600
0.077245 -0.084346 -0.045484 -9.430300 10.294000 -1.990700
-0.007459 0.085678 0.030588 9.002100 3.278600 4.217700
-0.079097 0.062405 -0.066656 10.445000 -3.737800 -3.345600
0.004625 -0.002696 -0.039367 -6.024300 -1.207400 -8.282000
-0.018454 0.010814 0.076222 -2.266100 0.903730 -14.815000
-0.071628 -0.029759 0.080996 -1.746900 -4.144900 3.762600
0.116700 -0.129740 -0.017713 24.791000 -8.024900 -5.362300
0.148160 0.532700 0.025108 0.371050 -0.746050 -0.647520
0.330060 -0.334290 0.197370 -12.842000 8.748000 0.052151
-0.068473 0.077198 -0.127850 7.517500 -1.464300 4.270700
0.055172 -0.033096 0.041540 -19.386999 6.957400 -10.105000
-0.069294 0.050531 -0.025292 -4.152900 22.579000 -8.456500
-0.296440 0.064785 0.253850 10.852000 -3.795700 -11.923000
0.021872 -0.075141 0.050390 0.067222 11.645000 -0.328550
-0.139550 -0.123200 0.038263 4.732300 3.749300 1.527600
-0.028723 0.209580 0.004063 -3.000700 4.833400 -2.091700
-0.038330 0.014573 0.008661 2.671100 -4.049600 -13.634000
-0.025183 0.000899 -0.029980 4.797400 9.212800 -4.328500
0.019855 -0.019556 0.113330 11.008000 7.693900 12.624000
-0.024083 -0.163480 -0.401820 -1.962100 -1.437200 -22.296000
-0.063262 0.068429 0.011440 -10.061000 8.284200 -4.990000
0.068266 0.047031 -0.031975 4.214200 8.796900 -3.779700
-0.218010 -0.248180 0.178080 2.585800 -2.424900 5.196500
-0.019010 0.155140 0.125390 -3.024900 11.352000 5.713000
-0.019252 0.042328 -0.048900 3.116800 -8.146800 12.613000
-0.004642 0.016992 0.017398 5.052900 -10.691000 2.631500
0.012985 -0.094555 0.043933 -4.317400 13.904000 0.742800
0.050549 0.066177 -0.076611 5.280800 4.614200 -7.701500
0.069909 0.010797 -0.021027 8.947400 -4.514400 -11.939000
0.340980 -0.137620 -0.333360 -13.607000 7.088700 10.046000
-0.071795 -0.102460 -0.003340 -0.477990 0.593000 4.388000
-0.053334 0.103000 0.293390 -2.323200 1.306800 -2.761500
0.135640 0.191100 0.033161 1.754900 2.871100 4.093800
0.001774 -0.080742 0.120210 4.057400 -0.859010 6.425700
0.043260 -0.025792 -0.082850 3.304700 -13.823000 3.598700
-0.055624 -0.075679 -0.092316 14.051000 2.013600 6.331100
0.066347 0.058864 -0.088819 0.553270 3.302700 11.291000
-0.044966 0.038713 0.070410 3.977500 -9.120300 1.864800
-0.180230 -0.060195 -0.224290 -6.217800 -0.931400 -0.484230
-0.007864 -0.013679 0.014914 6.150600 12.678000 7.766100
0.030062 -0.048126 -0.030285 -9.951500 9.563200 10.560000
0.199470 0.131070 -0.374200 -5.027700 -5.436100 15.866000
-0.113730 0.034801 -0.083962 -4.301200 -4.200100 -1.513900
0.067081 0.004461 0.007653 0.367100 0.653800 -4.146300
0.188880 -0.190620 -0.051353 1.098700 -4.127300 2.282200
-0.007705 -0.011702 -0.014275 13.572000 -2.050100 -1.650900
0.068574 0.032711 0.144900 3.720200 2.964600 -16.113001
-0.017612 0.029427 -0.036810 27.073999 4.020200 -12.100000
-0.097952 -0.105150 0.022805 -8.462200 -4.448500 -4.767400
-0.004795 0.023348 0.047171 5.420200 13.849000 15.128000
0.120590 -0.113370 -0.154310 -1.514200 8.831700 -4.276000
0.036745 0.152280 0.127700 0.649450 -3.621100 -2.799100
-0.035891 -0.065042 -0.004788 -14.316000 0.290540 14.034000
-0.075186 0.235810 0.089558 6.154500 -0.207460 -3.961700
-0.051152 -0.440310 0.334950 -1.470400 5.355800 -5.768700
0.008726 0.018120 0.295990 5.147800 4.576600 -1.842500
-0.075356 -0.102500 0.060633 10.887000 3.577100 0.747110
-0.001871 0.106990 0.078781 9.131800 -4.955000 0.970330
0.019411 -0.035626 -0.052963 -0.879800 3.501900 -18.462000
0.138590 -0.085739 -0.115590 11.322000 3.342500 -3.675400
0.010116 0.063365 0.010992 11.433000 -8.276500 19.872000
0.087262 0.014562 -0.030573 -4.073900 4.291500 -0.402880
-0.012533 0.034319 -0.009911 -16.593000 -2.502400 1.474200
-0.003423 -0.091099 0.163390 1.423800 -1.572800 16.618000
0.084023 -0.041987 -0.042289 2.417000 -15.484000 -8.361600
0.086001 -0.050147 -0.406970 -0.150380 0.190870 8.104400
0.016801 0.001523 0.001038 -18.964001 0.800730 3.916800
-0.053075 -0.086322 0.077702 -12.822000 -6.743900 -5.268100
0.006328 0.011556 -0.065767 -6.221900 -0.490570 -8.653800
0.051116 0.150550 -0.070990 3.139800 -17.830999 0.339180
-0.119290 -0.075485 0.117130 -16.091999 -5.326600 4.184800
-0.041577 -0.027674 -0.022045 0.023422 -6.693300 0.464340
-0.029710 0.064391 0.042482 1.556600 -6.822900 -11.448000
0.016745 0.004159 -0.059860 -6.704500 -8.072200 6.188400
-0.027760 0.021707 -0.267920 -5.524900 -3.532400 5.333800
-0.103030 -0.041030 0.195770 -15.454000 -3.146800 14.771000
0.080548 -0.059120 -0.023755 -4.762400 4.180200 -3.030800
-0.165840 0.074364 -0.049571 16.448000 -4.401800 8.407400
-0.092993 -0.024295 0.070906 0.312750 8.900500 -4.442600
-0.001645 0.051737 0.056884 7.930300 12.662000 1.728000
-0.024100 0.012715 -0.066881 -6.290000 11.555000 7.563000
-0.008805 -0.033673 -0.066450 1.260900 -17.864000 5.949700
-0.011822 -0.003694 0.009337 23.388000 5.641900 0.447290
-0.045736 -0.071523 -0.069085 13.285000 0.583360 -1.940300
0.076267 0.073890 0.100370 2.001400 -6.322300 3.545600
-0.271170 -0.337970 -0.122020 8.020300 13.181000 5.497400
-0.013542 0.004826 0.051294 9.450500 -18.990999 -5.332000
0.072820 0.006313 0.010449 -8.455700 -6.682800 0.526180
0.020157 0.025546 -0.071575 -7.420500 -5.827500 -24.672001
-0.017718 -0.022597 0.125320 -5.505600 -7.722100 7.421100
0.014991 0.076966 0.007508 -15.477000 8.975200 -4.237800
0.021874 0.070188 -0.207120 3.625400 -14.107000 27.680000
0.108310 0.002571 -0.043479 -8.011100 -8.526500 14.124000
-0.066637 0.081424 0.003551 19.820000 -13.360000 -0.147910
-0.064556 0.155850 -0.033668 2.467600 -2.228700 -5.174700
-0.073884 0.049823 -0.066101 -2.765200 2.626700 14.774000
0.191890 0.109460 0.070870 -15.362000 -8.495300 -14.606000
0.053236 0.149070 -0.005648 -0.532830 4.328900 -1.080600
-0.017154 0.028848 -0.019805 5.231300 -3.469900 7.488300
-0.059673 -0.003238 0.022426 1.335400 -8.585400 -6.322200
0.070825 0.007013 0.011470 9.564600 -1.064700 -2.845300
-0.252010 -0.130710 0.080721 13.795000 4.544500 -9.194700
0.051029 0.107450 -0.010122 1.271100 10.298000 -3.265100
0.052166 0.060515 -0.126540 2.910600 -0.723850 -7.675900
0.002307 -0.011140 0.094485 0.507430 9.224600 4.648400
-0.089178 0.012880 0.213270 12.344000 -13.435000 -8.189400
-0.078492 0.044623 -0.023334 -24.051001 -0.788550 10.392000
-0.067885 0.022933 -0.000612 0.315070 4.937300 6.073400
0.018919 0.003784 -0.076266 8.677500 -0.523450 4.061900
-0.035520 0.006977 -0.052537 -1.698900 -6.114700 -6.637800
0.043483 0.051852 -0.055790 1.397500 4.272900 -9.538300
-0.374830 -0.298240 -0.218020 -7.967300 -4.338600 1.621500
-0.112110 -0.071645 -0.291930 -1.689100 -1.341400 3.982600
-0.011493 0.006688 0.024187 14.383000 11.540000 -6.389000
-0.078156 -0.046829 -0.015245 7.989300 -5.840100 1.133400
0.030651 -0.020535 0.031056 6.891700 7.421000 -8.804800
-0.046086 -0.094734 -0.047829 8.344600 9.726700 14.369000
0.133540 0.048935 -0.152770 13.799000 6.305500 -17.389999
-0.031408 -0.021576 -0.004505 11.459000 10.278000 -8.560800
-1.322100 0.408510 1.688700 -1.544500 -0.091830 1.577400
-0.026711 0.006997 0.182760 1.751400 6.234700 4.483900
-0.031254 0.006793 0.002126 0.328740 6.345200 -11.064000
0.093837 -0.055700 0.022641 10.200000 17.351999 -10.065000
0.022595 0.120460 -0.160180 -1.625300 -6.398000 10.072000
-0.017737 0.004312 -0.034660 11.643000 -3.823400 1.292900
-0.078226 0.071050 0.012723 -6.655100 14.870000 9.288400
-0.101470 0.113050 -0.063363 4.674600 -8.847500 -2.805700
0.073142 0.001593 0.016206 -7.539000 -1.074600 -16.743000
-0.112730 -0.047043 0.033702 4.477800 -11.272000 -8.645100
-0.132110 -0.156350 -0.090583 -1.959300 -1.206300 2.767000
0.047813 -0.060630 -0.006628 -4.543000 2.340100 -6.343500
-0.154090 -0.162680 -0.068805 -18.805000 -21.127001 -6.978400
0.061251 -0.115720 -0.031488 3.893400 -11.517000 2.119100
-0.018831 -0.011128 0.020166 21.955000 -0.939020 -11.624000
0.038237 0.129180 -0.005103 1.748000 7.884700 -4.229900
-0.020186 -0.081458 -0.009339 3.462200 0.612800 -13.199000
0.026719 0.017506 0.015683 7.422800 -9.006600 -11.438000
0.014446 0.033642 0.034590 1.098600 -4.220200 15.661000
-0.427270 -0.052833 -0.125830 2.982500 1.537600 -3.936900
-0.108870 -0.041688 0.074170 3.979400 -10.133000 -5.571200
-0.227670 -0.168630 0.208500 -16.795000 -19.823999 10.065000
0.015137 0.100780 0.001960 -6.508800 9.446500 -11.097000
-0.284980 0.167040 -0.014055 -4.159700 -7.028000 10.626000
0.106280 0.036694 -0.085295 6.070700 -6.683700 -5.719600
-0.012601 0.010730 0.045369 11.832000 3.605500 6.246200
0.036700 -0.074970 -0.000392 -2.352800 -6.443100 -2.914800
0.033246 0.048522 -0.010846 0.389380 -7.497300 22.304001
-0.057945 0.005709 -0.015552 23.816000 6.704900 10.767000
0.018307 -0.005870 -0.001775 -4.479500 -12.334000 -4.662700
0.188800 0.051407 0.113560 -2.723700 0.873980 1.734200
-0.056330 -0.006049 -0.065436 -8.677900 8.339700 -3.656500
-0.121080 0.041022 -0.124970 -7.737600 3.643700 -4.460700
0.038123 -0.005998 -0.019025 13.032000 5.646300 0.487510
-0.174160 -0.186620 -0.033870 -10.635000 -0.270640 -1.240600
0.023236 0.064224 -0.028800 -0.951560 6.947200 -12.188000
-0.948850 0.729750 0.435780 8.994800 -7.815400 -3.862300
0.023425 0.039085 0.029458 -5.167600 0.078511 1.302200
-0.001040 0.105600 -0.031062 -0.647750 0.858950 -3.089900
0.085404 -0.148720 0.088033 1.667200 -0.769840 1.195500
0.011612 -0.075581 0.018871 2.312400 26.753000 -0.657960
0.044888 0.011297 -0.027748 -7.788900 -1.508700 7.118400
0.050387 0.123550 -0.143180 -6.975500 14.796000 -9.017000
0.067408 0.038018 -0.005824 9.827600 11.287000 -11.720000
0.079229 0.006359 -0.108740 0.928420 -0.883050 -4.097700
-0.030202 -0.247180 -0.039038 4.570100 31.718000 -2.339100
0.016280 0.093024 0.137690 3.454100 -4.321900 -3.542100
-0.021319 0.075094 0.062619 0.059841 4.171500 -4.650500
0.189360 -0.221460 -0.125120 -3.590200 8.502800 8.123200
-0.016220 -0.074023 0.064051 10.080000 -4.512600 12.615000
-0.047767 0.018613 -0.100400 -0.286570 5.597900 -14.324000
0.144410 0.070976 -0.021222 -3.855600 2.161500 -4.772500
-0.060851 0.024084 -0.134520 17.669001 5.189400 17.035999
-0.012606 -0.111070 0.024831 -13.201000 27.167999 5.928300
0.033527 0.005098 -0.111510 4.703700 -14.552000 -9.543000
-0.081749 0.122340 -0.246290 -6.957400 5.982300 -6.403500
0.019284 0.023816 0.014561 -3.824200 3.300600 -15.723000
0.026804 -0.025151 0.118770 -6.156200 0.115140 8.823100
-0.093378 -0.057255 0.113510 -4.210600 -15.476000 -0.298580
-0.114900 -0.230390 -0.029604 -6.009100 -1.821800 -1.392100
-0.022671 -0.057584 0.113730 7.406200 -4.469200 -0.632130
-0.163130 0.023424 0.062893 1.333800 5.706000 4.170600
-0.069155 0.045509 0.086914 11.801000 -2.883600 1.907900
-0.101460 -0.038280 0.055136 8.743900 4.954100 -9.738600
0.021614 -0.015168 -0.275620 -2.999900 -7.646100 -0.539460
0.256410 0.024052 -0.146000 -24.785999 -3.490600 5.541900
0.003332 -0.082822 0.064052 -9.952500 -16.364000 -0.441910
0.047036 -0.065995 0.000197 -3.494800 16.134001 -0.007158
0.078183 0.167840 0.038952 -3.767800 -2.698800 0.312970
-0.074446 -0.417290 0.207100 1.436500 6.917800 -8.752700
0.049252 -0.039573 0.061573 -7.318700 -7.995200 -4.866400
0.038195 0.018897 -0.196610 3.131000 7.368300 -37.882000
-0.042358 -0.019775 0.023683 1.702900 0.992460 6.615200
-0.166360 0.034365 -0.093738 3.385500 1.615200 14.780000
-0.084310 0.068180 -0.063971 21.563000 -5.915600 4.377800
0.019041 -0.019533 0.006058 5.142300 -17.011999 12.758000
0.209540 -0.164000 0.040575 13.661000 -2.876400 -1.871300
0.280270 0.211490 -0.038434 3.913300 -9.062500 8.103600
0.078494 0.033650 -0.114200 -12.596000 8.134600 4.293200
0.023451 -0.050975 0.061866 -10.594000 -4.823800 -7.634500
-0.019800 -0.007806 0.178930 1.547100 11.515000 -12.464000
-0.016582 0.036067 0.121710 5.083100 0.430250 -7.010300
-0.031846 0.016656 0.061273 11.056000 0.344800 -8.973500
0.051324 0.003746 0.155030 -5.743300 -0.554240 4.483900
-0.027640 -0.037044 -0.056698 0.857840 10.530000 11.410000
0.148810 -0.046205 0.014118 5.600700 -2.438400 -6.809400
-0.205100 -0.306500 0.073356 3.921100 11.228000 -1.832600
-0.027081 -0.064297 0.056908 -6.109700 1.738000 1.347500
-0.143010 -0.003125 0.010978 -0.408480 11.557000 13.490000
-0.178380 0.043738 0.077102 -0.398460 4.242400 -0.720750
-0.009002 0.043277 0.023804 23.143999 4.675700 1.142700
-0.036553 -0.048932 -0.074514 -3.328400 13.185000 8.265500
-0.189260 0.001770 0.169940 1.962000 2.929800 -1.749100
-0.011602 -0.212490 -0.058264 11.686000 0.646940 2.491200
0.011028 -0.029941 0.013201 4.982900 -13.905000 6.673600
0.186400 0.047482 -0.107630 4.699300 8.072900 -1.112600
0.140480 -0.012929 -0.128170 6.733400 -4.823500 -4.088600
0.188730 -1.044500 1.664200 -2.147400 5.543400 -11.598000
-0.052243 0.124840 0.155200 -0.911800 0.690060 2.498700
-0.022914 -0.039587 -0.073722 -0.761680 -6.730200 -13.399000
