0.016303 0.033995 -0.085871 -6.833900 -3.746500 -9.053100
-0.011439 -0.010447 0.053986 -2.584900 -8.623800 -8.356600
-0.027345 -0.023916 -0.094756 8.989800 -19.334999 -21.297001
-0.064699 -0.023273 -0.007776 2.830900 4.228000 -11.257000
-1.424300 1.118200 -0.548470 11.489000 -8.309500 4.437200
-0.012853 0.016812 -0.001094 8.214300 -8.192000 13.693000
-0.045637 0.087182 0.114900 1.926200 -0.151480 3.659500
0.041799 0.049131 -0.022454 1.545300 7.860500 10.454000
-0.093577 -0.051801 0.007178 -6.148000 1.641800 3.099800
0.028024 -0.007128 0.023310 -18.273001 22.080000 -3.358100
-0.046779 0.043320 0.032582 -4.554800 -0.238920 1.710900
-0.419120 -0.497530 0.209150 -15.570000 -12.031000 3.967600
0.016422 0.006723 0.024591 -4.665300 5.662200 23.368999
0.007795 -0.003434 0.042497 -8.677500 -1.492900 15.217000
0.055497 -0.043308 -0.000752 3.798000 -2.043100 8.141800
-0.043224 -0.004778 0.025245 18.162001 7.848500 -1.319600
-0.102840 0.012893 0.021657 1.940100 -6.564900 -2.744200
0.086673 0.019325 0.131740 -5.468100 -11.281000 -8.008500
0.033411 0.020540 0.022849 3.991200 -6.117700 0.651060
0.007032 -0.028568 0.056204 -3.267900 6.988800 9.533700
-0.056487 -0.034577 -0.034252 29.643000 13.568000 1.350500
0.278410 0.223850 -0.581550 2.333100 1.438800 -3.593600
0.027923 0.031920 0.008840 -12.706000 -16.035000 -1.147100
-0.128680 -0.123760 0.190560 -14.684000 2.945300 -12.642000
0.005412 0.185070 0.105620 7.078100 -10.425000 -0.752520
0.338370 0.016375 -0.241510 -19.548000 -3.804700 18.100000
-0.155690 -0.077292 -0.109210 7.671600 -6.905000 1.803400
-0.021714 -0.513820 -0.379690 -1.024900 -12.831000 -7.623000
0.029809 0.102800 0.130230 0.249710 1.979600 11.992000
-0.114080 0.112680 -0.027857 1.726400 10.508000 -2.247900
0.074849 -0.007571 -0.053336 10.255000 -1.892100 6.333100
-0.089358 -0.082793 -0.094673 5.850700 18.898001 28.736000
0.125630 -0.004434 0.160710 6.124800 -2.127100 27.243999
-0.037563 -0.010998 -0.777430 0.550500 0.417160 9.474800
0.256860 -0.046035 0.121360 0.935230 -0.506900 -2.043200
-0.153480 -0.221070 0.028756 18.438000 8.688300 -6.979700
0.077880 -0.052259 0.041797 -3.084300 -21.823000 0.675470
-0.045738 -0.182370 0.155910 0.927610 -0.055319 -4.321100
-0.001234 0.033571 0.009729 -30.938000 6.964100 -7.344900
-0.017260 -0.054498 0.004661 2.165300 -0.250880 -7.404500
0.049155 0.006259 0.059369 -5.314200 2.483900 7.598300
0.028355 0.023079 0.113820 -28.059999 -4.210700 12.923000
0.006327 0.035048 0.060522 11.957000 -11.762000 -6.832200
-0.086251 0.106330 -0.052608 6.081600 -7.716300 -11.822000
0.029930 -0.006568 0.051431 2.228800 -3.041300 -6.486600
-0.049475 0.069160 -0.050402 -12.849000 11.531000 2.779100
-0.054422 -0.253440 0.064562 -3.801900 -6.494100 7.106900
-0.719570 0.085193 0.389100 0.857190 -1.350000 2.513600
0.095884 0.015030 0.036104 7.249900 -0.713890 -4.235500
-0.125510 0.035105 0.029627 -15.217000 11.935000 6.956300
-0.260200 -0.001067 -0.114860 3.353900 0.225110 1.612000
0.019855 -0.019556 0.113330 11.008000 7.693900 12.624000
-0.073589 0.168470 0.119190 0.582400 -5.247500 13.522000
-0.096580 -0.019712 0.009096 17.615000 -4.236300 -6.814500
0.186360 0.074616 0.040293 22.041000 -8.369100 -7.441500
-0.277230 0.260560 0.275440 11.795000 -12.158000 -13.319000
0.137080 0.010052 0.015458 3.486900 0.370270 5.082700
0.011092 -0.040346 0.053625 8.378500 -22.195999 6.711900
-0.140930 0.157790 0.109300 -0.127030 5.342500 7.372100
-0.195620 0.002253 0.008197 -5.790800 1.264800 15.842000
-0.075879 0.153870 -0.054954 -3.869000 8.527100 -3.659100
-0.018160 0.002429 0.003338 2.387900 -5.312400 -17.834000
-0.050703 -0.089635 -0.004816 20.082001 0.024025 -1.791500
0.055870 -0.040218 0.053430 3.971800 -3.587700 -6.169400
-0.014325 -0.029628 0.019484 8.322800 -14.279000 -10.454000
-0.054266 -0.158490 0.000457 4.736400 1.472800 2.369600
-0.012363 0.038198 0.146390 -0.033342 3.277700 4.287400
-0.003929 -0.050766 -0.058879 -1.319300 -6.016800 28.844000
0.028287 -0.066347 0.031374 3.037400 -0.320010 12.371000
0.036895 0.019639 -0.076583 0.447010 -2.975900 -19.920000
-0.157280 0.141170 -0.013822 7.205800 -7.265600 -4.502600
0.062017 0.068602 -0.151010 -0.209990 -9.464500 8.892400
0.086774 -0.066942 0.113060 0.673010 2.352800 0.726160
0.205140 -0.090503 -0.470990 1.153800 -6.947200 -13.639000
-0.019925 0.012097 0.103080 0.709340 7.588600 0.986030
-0.081947 -0.024152 -0.035101 9.920700 9.214900 11.596000
0.152690 0.163690 0.025135 4.097900 1.158200 -10.412000
0.188200 -0.035520 0.148870 6.535500 9.955300 -1.317800
-0.458110 -0.223280 0.665160 5.821300 2.001700 -3.047900
0.023514 0.109010 0.249590 4.004600 2.681900 9.601300
0.023845 0.022531 0.090907 -2.810400 -3.101700 -20.886999
-0.003008 0.095073 -0.252730 -0.701620 -0.030832 9.480700
0.042257 -0.157340 0.189850 4.452700 -6.868000 15.598000
0.078358 -0.287410 -0.178800 3.005100 -6.752100 4.362700
0.057248 0.023852 -0.088330 -0.947730 -4.549500 2.621000
-0.106550 0.019253 0.078653 -12.296000 6.223100 -3.928100
-0.002916 0.054826 0.368880 -5.877600 6.248100 -6.965400
-0.041936 -0.027792 -0.070432 -23.226999 -1.694700 -5.237600
-0.030146 0.011279 0.009250 -5.310800 2.680500 11.882000
0.115700 -0.128940 -0.041904 -7.124600 10.634000 0.508900
0.026193 -0.039578 -0.029574 12.916000 -5.529400 6.399700
-0.025841 -0.015579 0.006580 3.051900 0.651410 -7.030700
0.197690 -0.037108 0.217460 -6.033600 1.186000 -5.619600
-0.010214 0.117420 -0.137360 -10.494000 15.083000 -10.063000
0.013628 -0.023713 0.013402 -21.111000 -21.858000 33.563999
-0.157300 -0.027738 -0.100740 6.465200 1.887100 -15.995000
-0.043681 0.068369 -0.100940 -7.363400 -12.593000 -4.024400
0.093837 -0.055700 0.022641 10.200000 17.351999 -10.065000
-0.199630 -0.236980 0.351840 12.520000 6.501900 -18.853001
-0.078300 -0.103660 0.020835 0.912790 1.025900 -1.652400
0.069258 0.149070 0.110820 -12.317000 -18.297001 -9.411900
-0.072090 0.088779 0.136760 4.651200 -3.627000 -6.996500
0.025828 -0.071711 -0.083818 -11.768000 6.204800 0.290800
-0.187910 0.044982 -0.144850 -18.639999 1.275400 -3.883900
-0.033427 0.008009 0.029430 -13.536000 1.163500 -10.193000
-0.001481 0.220920 0.085409 -4.495900 20.153999 15.476000
-0.084086 -0.165940 0.046534 -9.096800 -6.486000 -3.763300
-0.069261 -0.094399 0.094161 -12.261000 -0.929360 -2.488100
0.238310 -0.021281 -0.121110 2.354400 -0.742260 -3.514000
-0.050029 -0.128740 0.013200 9.267800 13.108000 -23.789000
0.009290 0.029791 -0.011461 -6.428100 -3.245100 -20.629000
0.027492 0.024516 0.044560 0.296210 3.408800 -7.751200
-0.159160 -0.036593 -0.199020 -1.708500 7.985500 6.468000
0.003124 -0.054909 0.028538 4.082000 8.771900 5.394900
-0.142730 -0.019118 -0.152030 -16.827999 -3.954800 -12.870000
0.459610 -0.623920 0.975590 0.761900 -1.670000 2.073700
0.156880 0.117240 0.171420 -15.967000 -5.532900 -8.331800
0.031213 -0.017437 -0.044684 1.802200 9.693900 4.418100
-0.006200 0.027089 -0.011878 -1.897000 8.771100 -12.523000
0.008548 0.235930 -0.124990 -0.715530 -8.180100 0.476720
-0.134720 0.052682 0.231960 5.526400 -1.890000 -7.635000
0.038326 -0.241410 -0.334660 0.338240 10.762000 5.493300
-0.178440 -0.284000 0.096016 5.078600 -3.040000 0.459130
0.044087 0.009749 -0.054430 -1.358000 8.266600 13.818000
-0.029880 0.015629 0.068875 10.117000 -9.875700 -19.884001
0.004506 0.034633 -0.013909 -2.709000 8.867400 4.621300
0.078566 -0.000774 0.009719 -15.967000 5.783700 -8.056400
-0.191010 -0.215880 -0.122130 -5.168600 -4.351000 -2.245500
0.013608 -0.171970 0.025835 -2.868700 10.808000 2.318300
0.015492 0.036322 -0.022402 -6.208700 -5.654300 16.253000
0.017653 -0.076561 -0.108190 2.040900 -13.083000 -0.596310
-0.066027 -0.024400 0.041369 -1.956400 5.311100 -7.425700
0.108790 -0.048813 0.027940 0.297770 7.249700 1.045700
-0.022848 0.013367 -0.077136 3.419800 10.357000 7.241900
-0.062895 -0.017773 -0.124690 9.097700 10.385000 -7.902800
0.024434 -0.101520 -0.001160 8.795200 6.441100 6.662900
0.100640 -0.026834 0.049314 2.718800 7.289500 -6.191000
0.032060 -0.097037 0.011688 3.827100 6.061300 6.370000
0.113200 0.053752 -0.049332 -7.127800 -3.895600 -0.757820
0.047389 -0.272200 0.084200 -0.209010 -9.099700 8.694500
-0.011553 -0.019521 0.050272 -0.824770 -5.421300 6.363700
0.101480 0.011159 -0.149870 3.804100 0.211080 -2.315000
0.034466 -0.097778 0.100620 13.054000 -14.284000 10.808000
-0.037476 0.009385 0.008606 -7.707400 -1.530300 -12.396000
0.011671 0.003004 -0.078302 6.350300 -5.878400 8.336500
0.040836 0.032729 0.001567 -2.440500 -11.978000 -5.569000
0.029090 -0.037496 -0.030007 -9.400600 -5.079700 10.612000
-0.017734 -0.011201 -0.039069 -28.128000 -2.722600 -11.536000
-0.079410 0.001420 0.024448 -5.488300 2.567300 -0.931700
-0.110360 -0.050201 -0.011739 1.735200 -4.201700 -4.803400
0.065838 0.078984 -0.031718 1.384800 -5.208700 8.894300
0.002095 0.021082 0.055531 -10.927000 3.875400 -6.561000
-0.064989 0.011298 -0.070374 -21.445999 -4.309000 -22.358000
-0.070321 0.008374 0.018678 -8.333300 1.055900 2.220400
0.117010 -0.416450 0.086041 6.916900 -23.820999 7.931900
-0.008294 0.003853 -0.089653 -6.153300 -2.176800 18.459999
-0.168070 0.090591 -0.129700 -5.471900 -4.132400 -4.697900
0.337550 0.115640 0.013928 8.763600 -1.965900 -0.961760
-0.002330 0.026117 -0.022709 -0.493920 -1.448800 -14.792000
0.052299 -0.108660 -0.173790 -3.145200 1.923400 -6.374200
-0.074391 -0.285700 0.056470 -0.313500 9.847300 -0.847890
0.031611 -0.156170 0.101310 1.159900 3.590400 -6.294000
0.043389 -0.159270 -0.004682 -9.463800 8.441200 3.406800
-0.179180 0.026475 0.275340 -0.157260 -0.781180 -3.229500
0.023365 -0.007906 -0.004147 6.279300 -14.266000 2.884200
0.110600 0.030398 0.044138 19.268000 2.582500 10.216000
-0.103330 -0.087705 0.023615 -4.643500 -8.261400 3.905900
0.030651 -0.020535 0.031056 6.891700 7.421000 -8.804800
0.064296 -0.314670 -0.139720 2.114400 -1.786500 -0.160930
-0.126110 -0.001312 -0.102860 8.762700 3.904200 8.493800
-0.048309 -0.013816 -0.058572 10.651000 -5.789200 -13.801000
-0.000526 0.161510 0.089149 -0.634740 -5.603300 -3.096800
-0.450050 -0.414310 0.164530 -7.958200 -9.335700 2.493300
-0.034599 0.074457 -0.078983 10.618000 -14.658000 12.169000
-0.005245 -0.162540 -0.384950 -0.354230 0.988230 4.766800
0.100910 0.051517 0.060588 4.487600 6.121700 2.864900
0.057909 0.165470 -0.025089 0.547610 -8.952900 0.443160
-0.026107 -0.042053 0.041462 -5.393800 6.816400 3.362600
0.126610 -0.084799 0.312740 4.918100 -3.908200 -1.913200
-0.055430 0.492790 0.267330 -10.533000 22.702999 14.389000
-0.343710 -0.665660 0.136780 -2.150300 -4.346200 1.561300
-0.015837 0.135230 0.024594 -10.093000 25.299000 5.888900
0.334260 -0.153400 -0.089318 5.396500 -0.755030 -5.730900
0.026694 -0.070085 0.076343 -8.941800 6.569100 12.786000
-0.074838 -0.007597 -0.076540 4.514000 3.018900 12.617000
-0.016622 -0.017887 -0.050273 -3.795200 12.864000 10.994000
0.018080 0.062036 -0.101180 -6.287800 -3.034800 2.964400
-0.132070 -0.095929 -0.112130 7.385800 7.335300 16.532000
0.060243 -0.147440 0.082104 1.985700 11.403000 -8.558700
-0.171900 -0.057504 0.036881 -11.952000 2.844600 12.497000
0.011664 -0.002375 -0.021900 4.336100 6.071100 15.603000
-0.014974 0.087279 0.080757 5.607300 1.881600 -8.324900
0.051392 -0.041754 -0.010673 2.921400 -23.002001 1.240000
-0.078352 0.106010 -0.034395 -7.958700 1.085600 9.020900
0.147910 -0.107040 0.024195 -4.347200 -5.414000 -4.140800
0.070952 -0.053934 -0.049421 -5.674400 8.292300 0.673570
-0.082917 -0.058560 0.031901 1.575600 -9.259600 -2.344200
-0.030082 -0.034405 -0.023643 -9.858100 -2.664500 5.846500
0.074868 -0.007461 -0.071338 -10.233000 5.373600 18.100000
0.042864 -0.008039 -0.034876 -3.954600 4.135200 -1.167400
0.108080 -0.172720 -0.266240 -2.932700 -4.282600 -2.469100
0.059571 0.125930 -0.225320 -2.434900 3.494100 5.951900
-0.011741 0.011373 -0.021044 -11.939000 -15.070000 3.540900
-0.017098 0.108830 0.014177 4.961400 0.001674 9.415300
-0.041562 -0.038605 0.024684 16.688999 -8.474300 2.697400
-0.111890 0.103140 0.147470 5.804300 -9.892200 7.815300
-0.056375 -0.015719 0.033444 -4.999200 5.176500 -3.253700
0.000597 0.035794 0.000268 -7.021700 7.111800 14.965000
0.091001 -0.027451 0.048221 -0.173630 11.231000 -1.817400
-0.064175 0.082737 0.039706 8.774700 1.413000 -9.260200
-0.039841 0.089072 -0.050110 0.539470 -13.401000 6.260300
0.001935 -0.102590 -0.003650 -0.365900 4.038100 0.764090
-0.392390 -0.107040 0.190270 -10.307000 -8.475600 1.047900
0.048754 -0.043297 -0.062252 -4.817700 9.003400 -1.972100
-0.095998 -0.126170 0.122460 -5.394200 -7.130900 11.273000
-0.087322 -0.074983 0.019120 14.256000 12.524000 -5.869400
-0.521660 0.405140 -0.102060 0.254890 -0.056759 4.023500
-0.077098 -0.040709 -0.205040 1.379100 3.581000 -11.715000
0.006142 -0.089267 -0.166180 4.314200 -0.401500 6.413700
0.189370 -0.390930 0.045750 7.734000 1.881800 -3.563300
-0.031160 0.054924 -0.084856 -3.557100 8.945900 8.299300
0.060922 -0.070695 0.374620 -4.303200 0.651740 -1.276300
0.038717 0.038543 0.012186 2.742900 -3.329400 -4.961200
0.069573 -0.144810 0.214820 -7.375700 3.704800 -16.033001
-0.062678 -0.032572 0.053262 -1.812800 5.240000 -2.047600
0.017399 -0.030817 0.301280 -1.320600 -0.157130 -6.598800
0.049034 -0.009968 -0.010689 -11.767000 -3.273400 8.794200
-0.031644 0.022253 0.035604 -27.381001 6.909400 12.719000
0.160610 -0.078273 0.056640 0.141670 1.445700 -7.486500
0.026799 0.065813 -0.097159 -10.491000 0.990640 -11.916000
-0.010530 0.072411 -0.088618 -10.027000 2.135600 -3.202400
-0.098682 0.037477 -0.016111 -2.925600 13.242000 -0.137470
-0.017741 0.031082 0.007193 -9.203000 15.599000 1.497900
0.065232 -0.055197 -0.073219 -30.011999 -0.966960 34.443001
-0.054439 0.005764 -0.005352 -5.608200 -9.202000 11.760000
-0.015412 0.013812 -0.031329 -4.925400 -10.659000 -12.599000
0.026422 0.000655 -0.039859 1.065000 0.404860 12.618000
0.067315 -0.029138 -0.222920 -1.164600 -4.172500 17.014000
0.207890 0.285910 -0.104230 5.080500 10.722000 0.196120
0.274960 0.260760 0.194870 4.777700 0.242660 1.046700
0.107630 0.001439 -0.193310 1.718000 7.489400 2.360800
0.080479 -0.005292 -0.013250 5.885500 -9.950700 -1.677500
0.132510 0.061577 -0.081014 7.051400 -2.317900 -5.205200
0.023557 0.038882 -0.018666 -1.766900 -7.952000 0.646260
-0.075485 0.033361 -0.020941 -3.592000 1.975200 -4.817800
-0.074473 0.175240 0.164900 1.103300 -12.975000 -4.842600
0.255300 -0.198390 0.116160 -9.098900 3.263300 -4.590300
0.113690 -0.239510 0.031247 -3.733900 6.559800 -0.487570
0.048381 0.052742 0.154060 -1.839300 -1.732400 -3.782500
-0.093379 0.087317 -0.131160 -5.360100 -3.751100 -0.193550
-0.040956 0.173090 0.071875 -8.108200 14.950000 2.699500
0.549930 -0.278780 0.715980 4.224200 -3.985300 6.954000
-0.084505 -0.083930 0.048403 -10.191000 -14.846000 5.513100
0.420350 -0.031393 0.339210 -5.163400 -0.480980 -0.411970
0.513890 -0.177440 0.322270 -9.942700 1.645600 -7.382200
0.020761 -0.046604 0.017337 -12.833000 -17.865999 -16.368999
-0.178380 0.043738 0.077102 -0.398460 4.242400 -0.720750
0.046849 -0.082570 0.008179 -2.186900 -10.802000 -9.053500
-0.144700 0.051059 0.084024 -3.557200 -7.246100 0.004977
-0.109880 0.009705 -0.074850 -9.449500 -4.546500 -7.174200
0.027259 0.014395 0.086448 -2.163500 5.779200 -11.229000
0.123630 0.010750 0.034650 -6.403900 9.196200 4.983700
-0.096124 0.059376 0.000333 -1.835000 -3.081000 -3.238400
-0.078062 0.060867 0.022100 -9.280900 3.760500 -2.211100
0.187370 0.005737 -0.241670 -4.492800 0.208560 14.167000
-0.096974 0.374580 -0.474650 0.721490 -6.681600 4.927300
0.014519 -0.068189 -0.014407 -5.066300 5.276900 35.825001
-0.385310 0.148160 0.066349 5.862000 -2.569000 5.268600
0.036406 -0.032787 -0.035633 3.348300 -18.215000 -9.642700
-0.010887 0.435300 0.093438 2.784100 -11.040000 0.126990
0.299080 -0.024844 -0.142770 2.886900 4.802800 -2.240100
0.383380 -0.074364 -0.351780 -11.918000 1.605300 13.048000
-0.036022 -0.183580 0.224420 3.604500 -1.170700 -0.135100
0.040462 -0.003770 -0.048915 23.797001 15.516000 -14.681000
-0.011424 0.010865 0.004859 -26.063999 15.136000 -0.583160
0.478130 -0.048530 -0.498500 13.611000 -4.725500 -12.874000
0.020884 0.024513 0.038404 4.840600 -11.742000 -7.880500
0.182850 -0.102950 0.122890 13.238000 -4.205200 0.348580
-0.000576 0.013443 -0.011932 10.212000 -9.721400 0.944460
0.025255 -0.072960 -0.028283 -6.648500 12.099000 -1.367200
-0.247660 0.080645 0.079901 21.718000 -7.123300 -0.034785
-0.009339 -0.101860 -0.065095 -9.294900 -6.997200 -8.865200
-0.513260 0.281050 0.119920 9.655200 -10.727000 -3.362200
-0.072078 0.015359 -0.018388 2.781600 -3.555500 2.499300
-0.018730 -0.011729 0.124670 -2.312600 -3.437600 -1.518000
-0.078358 -0.049740 0.036813 -1.046800 23.027000 -4.046700
0.035723 -0.045357 0.002686 0.034612 -4.069300 -6.013200
0.069047 -0.005738 -0.096015 -6.005000 -8.022500 -7.466100
0.040773 0.057254 -0.038261 -1.525400 -3.590600 -2.795100
0.001589 0.050498 -0.043231 -21.174000 12.027000 21.402000
0.022087 0.025371 -0.055110 -11.943000 -16.665001 3.526100
-0.145460 0.008861 0.601590 -4.025800 -0.794980 12.398000
-0.094321 0.054426 0.032690 -8.775900 7.974200 2.704900
-0.027017 0.105700 0.062043 -1.329500 1.025300 12.788000
-0.073976 0.126390 0.026801 10.880000 -3.280300 -1.594000
-0.039631 0.026162 0.000637 17.483000 -14.252000 -3.000800
0.098446 -0.108650 0.215910 1.014600 0.107760 -3.181300
-0.054432 -0.105130 -0.079591 3.628700 -27.431000 -5.045100
0.159020 0.042274 0.091692 2.089900 0.757880 -2.410000
-0.068899 0.036175 0.019096 10.820000 5.582100 2.031400
-0.024146 0.038020 0.092984 -6.176300 9.012100 6.565200
-0.151520 -0.138780 -0.002543 -13.933000 -16.716999 0.288400
-0.027262 0.027572 -0.014359 -27.465000 10.433000 -7.396800
0.053436 0.002030 -0.060194 -1.105700 -0.465280 21.098000
0.016262 -0.004783 -0.103140 -11.009000 2.140200 12.089000
0.004818 -0.035902 -0.125980 1.723800 1.223300 1.188000
0.041017 -0.064412 -0.109640 6.320200 7.605600 2.341700
-0.031794 -0.157210 0.069730 -0.496330 -8.288100 7.268500
0.030745 0.080389 -0.131100 -1.277700 -2.767400 6.589000
0.051701 0.238680 0.075998 1.000400 3.590100 -1.135300
-0.114840 0.197040 0.096714 -2.906900 -7.743400 -10.287000
0.158560 0.101480 0.046344 14.106000 10.701000 0.331930
0.108330 -0.027483 -0.075061 1.333100 2.350100 -6.236900
-0.096263 0.029851 0.046457 14.742000 -4.549300 -0.361080
0.010098 -0.007847 -0.005222 -11.810000 6.627100 0.375990
0.063348 0.005561 -0.007744 -9.814200 -17.889000 12.728000
0.074749 0.281810 0.088029 -3.838500 -9.409400 -5.265800
-0.015085 -0.104580 -0.043549 2.750500 0.774920 -9.412800
-0.038551 0.030009 -0.036801 -8.121700 3.511200 -3.608700
-0.027296 -0.067829 -0.085436 -10.879000 -12.192000 21.694000
-0.736990 -0.089371 -0.232390 6.744700 -1.588400 -0.836460
-0.058346 0.046700 0.089572 2.934400 -4.731600 6.974100
0.024699 0.005764 -0.019835 3.946700 -3.202400 17.582001
0.223910 -0.128630 0.279540 7.000400 -3.404600 9.412600
0.190280 -0.892620 -1.405800 0.505060 -2.129800 -4.962800
-0.014972 -0.067046 -0.031360 -16.215000 7.580700 9.018800
-0.111620 0.003984 -0.057712 -8.566700 0.402280 4.640200
-0.200820 0.126630 0.009809 -10.389000 14.460000 3.417500
0.154900 -0.002424 -0.097423 -5.264300 12.839000 5.734400
-0.006532 -0.010930 0.173380 -2.769100 1.574400 0.263960
0.019853 0.035912 0.002245 16.438000 0.681870 -5.049800
0.100560 0.026937 0.005209 11.639000 1.415200 12.736000
0.037345 -0.188180 -0.231610 -2.686500 -2.416200 -13.086000
-0.085817 0.027533 0.011261 2.443400 -4.307100 16.351999
0.006861 -0.050623 0.006661 -4.564000 11.065000 3.894400
-0.096399 0.088672 0.171690 -0.378680 -5.891000 1.386200
0.081728 -0.227840 -0.075559 -2.120400 0.172070 4.861000
0.089617 0.042562 -0.000750 3.737900 -9.214900 -4.446600
-0.022880 0.043151 -0.108000 -0.142130 7.455700 -8.899000
0.076011 0.042107 -0.021600 5.243700 18.007000 6.619500
0.060732 -0.040932 0.038872 -1.553700 6.206100 -3.531600
0.094871 0.134510 -0.090062 0.852210 6.524600 -0.154100
-0.032509 -0.017497 0.071375 -19.875999 7.258800 -11.168000
-1.235300 2.983800 0.320320 6.321700 -17.396999 -1.818700
0.139010 -0.148600 -0.153010 14.910000 -15.218000 -8.360400
0.163640 -0.081375 -0.084745 -6.414900 12.030000 10.355000
0.120270 -0.047829 0.058937 4.667100 -4.408900 -2.860600
0.017088 0.011326 0.012392 -8.121900 -11.825000 -21.041000
-0.005773 0.095252 -0.058010 -9.758100 -10.252000 -2.607200
0.207670 -0.065557 0.012510 -21.860001 5.841800 -10.747000
0.044506 -0.049001 0.050022 8.048600 -7.028900 6.189300
0.009628 -0.041438 -0.020351 -1.180300 -13.725000 3.323100
0.199470 0.131070 -0.374200 -5.027700 -5.436100 15.866000
0.104010 0.167140 0.165840 1.940500 8.976600 2.096700
-0.034325 0.004195 0.226580 1.198700 4.866100 20.627001
-0.107380 -0.063946 0.108990 3.700500 1.290100 3.862200
-0.035807 -0.225860 0.064749 -0.563990 -8.837000 0.963700
-0.048253 0.002707 0.127380 9.558000 9.281000 -7.324300
0.172490 0.087220 -0.298100 -0.318600 0.854040 -4.708000
-0.029408 -0.009095 0.075427 -11.602000 -4.525300 7.296000
0.006961 0.127750 0.009067 3.045900 -12.360000 1.693400
0.002848 -0.056792 0.045007 0.352890 5.778300 11.445000
0.275390 0.074805 -0.178490 -6.537200 1.859400 11.222000
-0.004820 0.134790 0.079976 0.422440 -18.846001 5.709200
-0.033989 -0.142430 0.075436 -7.956100 9.094000 -3.899400
-0.104780 0.007110 -0.021031 2.625500 -9.335700 -3.577500
-0.024767 -0.005023 0.042196 -9.607600 2.637600 6.103900
-0.009119 -0.033231 -0.078399 -2.253000 -1.803700 2.205000
-0.099455 -0.256710 -0.450440 -1.386200 -4.345800 -8.309200
-0.025922 -0.000824 0.047409 -10.055000 -23.672001 0.575170
-0.121240 -0.159550 0.060247 1.369000 -5.860100 5.335100
0.135760 0.051096 -0.073565 6.950200 2.120900 5.066600
0.134420 0.047517 0.124930 5.890900 8.277600 7.415000
0.053678 -0.064157 -0.035398 -4.462500 0.526820 -0.727720
-0.174720 -0.023121 -0.133530 -4.140800 -5.315500 -6.979700
0.144730 0.005495 -0.101110 10.996000 -10.475000 -0.389430
0.391040 -0.795560 -0.136140 -4.600600 7.027900 -2.374000
0.063277 -0.014532 0.036078 14.445000 -5.843000 4.236800
-0.225290 -0.121600 -0.059889 -3.622000 -5.810100 -6.041900
0.174450 -0.146040 0.001212 -7.103800 11.732000 -0.697190
-0.020331 0.008168 -0.029305 1.134200 -17.177999 22.839001
-0.122600 0.000273 0.020947 -18.118999 1.354600 -8.501200
-0.002665 -0.014006 -0.052694 21.642000 1.245900 -6.463100
-0.053826 0.147460 -0.054046 4.066600 2.495200 6.004200
-0.043375 0.122250 -0.034704 12.823000 -8.861500 1.949300
0.010115 0.024901 0.036410 8.068500 14.076000 -2.771900
0.022767 0.012639 0.050272 12.179000 14.691000 17.177999
-0.200420 0.104570 0.078464 7.292700 -3.302800 -15.914000
-0.013089 -0.028364 0.010533 -4.799700 9.248600 -7.326700
0.044888 0.011297 -0.027748 -7.788900 -1.508700 7.118400
0.040721 0.020630 -0.013764 2.687300 9.221900 -6.375900
0.078494 0.033650 -0.114200 -12.596000 8.134600 4.293200
-0.138190 0.118800 -0.268190 -3.007800 -2.973700 -12.003000
-0.204070 -0.071987 -0.103010 5.116300 -0.374200 0.545180
-0.066334 -0.118760 -0.053216 3.672800 -1.795100 -3.620600
-0.024191 0.377570 -0.129830 7.082000 -18.239000 2.612100
-0.024664 -0.090236 -0.058349 -0.705520 -3.495400 -8.183100
-0.273430 0.035251 -0.218820 -9.283300 10.647000 -5.872100
0.037340 0.123570 -0.025559 -6.304800 -1.576800 1.183100
0.208040 -0.302370 -0.262400 -0.485810 2.351900 -1.332600
0.119930 0.050127 0.142010 -0.768980 -8.461300 -19.613001
-0.177450 0.190010 -0.131650 -10.463000 17.252001 -10.703000
0.013668 -0.066362 0.014088 2.021300 -8.911800 4.557900
0.123820 0.271180 -0.196360 6.807300 5.081600 -6.263700
0.020157 0.025546 -0.071575 -7.420500 -5.827500 -24.672001
0.156910 -0.034938 0.091969 9.124600 -8.789500 -3.507400
0.098447 0.031519 0.010232 -12.055000 -0.335860 3.967400
-0.057007 -0.005719 0.026109 -1.334200 2.132200 0.591530
0.137360 0.091406 0.089647 4.356600 -14.956000 7.848100
-0.055858 0.103000 0.011515 2.063600 -3.445300 8.687100
0.023991 0.026952 0.114240 0.828340 2.203600 -12.799000
-0.073926 -0.033154 0.083747 -9.857300 -8.467700 12.371000
0.050528 -0.042886 0.125840 -1.492800 -1.257300 7.080700
0.153140 -0.022915 0.042055 -6.473100 9.115600 -4.217200
-0.111460 0.055595 0.061706 3.414900 -1.484200 1.567300
-0.401920 0.206200 0.037355 -11.827000 8.668700 3.779000
-0.444280 -0.075350 0.090706 18.205000 1.615000 2.489500
0.013321 -0.072536 0.011339 10.182000 -0.597230 1.989200
-0.069223 -0.075405 0.318720 3.931800 1.422300 -5.521800
-0.073818 0.131190 0.212830 0.297820 -2.518100 -4.034200
0.328630 -0.145790 -0.070603 7.665000 -2.408200 -0.730900
-0.039989 0.005338 0.016706 -8.101800 -18.375000 8.311100
-0.030279 -0.106620 -0.094249 -4.568900 11.599000 3.361200
-0.286060 -0.102550 0.056940 4.390700 5.232500 2.846400
-0.027696 0.102470 -0.004049 -1.064500 -13.765000 1.852900
-0.119290 -0.075485 0.117130 -16.091999 -5.326600 4.184800
0.074553 0.063152 -0.067312 -7.149700 -9.647400 -5.204700
-0.056071 -0.034085 0.010910 4.282200 8.558000 2.707500
-0.102590 -0.182070 0.088676 -2.212800 2.014900 3.542700
0.049053 -0.038758 0.043053 3.321200 -3.659700 13.935000
0.059403 0.136480 -0.014155 -4.576900 -10.353000 -0.881370
-0.078464 0.028198 0.021549 -15.750000 -4.512700 0.312770
-0.201560 -0.020020 -0.069474 14.581000 2.984400 6.086200
-0.021884 -0.041604 -0.047823 0.513770 0.233130 16.798000
0.050010 -0.031907 -0.083061 7.207000 0.275180 -11.615000
-0.072207 0.052260 -0.014479 3.673000 10.206000 5.426600
-0.123840 -0.100020 0.065833 -8.583500 -1.867600 5.889400
-0.054026 -0.097863 0.035555 -0.401710 0.875970 5.877100
0.068167 -0.019497 0.025620 16.294001 -3.085500 6.204800
-0.038022 -0.003805 0.031850 10.319000 -4.522900 6.841400
-0.093321 -0.042608 0.167350 -1.253000 0.775830 -18.827999
0.172390 -0.069066 0.061528 0.088981 -5.167500 -2.824300
-0.118130 -0.038797 0.081294 13.183000 -3.376400 -12.460000
0.027436 -0.060804 -0.067776 -7.346000 15.869000 2.838300
-0.039999 -0.005402 -0.099073 -4.344200 1.512000 -9.809600
0.018909 0.102000 0.017317 1.836600 3.892900 2.316400
0.057007 0.023107 -0.030615 8.268000 5.180500 -18.826000
-0.009833 0.025521 -0.201040 4.491700 -1.073000 -4.338700
-0.020444 -0.008915 -0.080295 10.585000 3.649500 -11.761000
-0.130250 0.134440 -0.172320 -1.503000 -0.586020 3.581000
0.079478 0.022296 0.005799 -10.723000 7.419700 -16.259001
0.107520 0.032692 -0.039323 8.005700 8.697600 -22.160000
-0.002474 -0.173770 0.004104 4.475500 35.105999 -7.914200
0.056525 0.124660 0.074363 -6.416400 -1.136600 -2.862000
-0.165000 0.061174 -0.199820 -2.741500 4.193200 -0.538380
-0.187380 0.305400 0.073137 6.318700 -11.895000 -4.695700
-0.028447 0.020232 0.057158 4.580600 -3.805800 -15.032000
0.018808 -0.006940 0.030979 -6.327500 -5.654700 -9.353100
-0.170410 -0.170030 0.134600 -2.267300 4.482900 -2.508000
-0.853850 -2.694800 0.888630 -0.004294 1.171000 -0.113420
0.062066 0.018613 0.059374 14.438000 3.476700 12.865000
0.008545 -0.041796 -0.090656 10.083000 5.424300 2.228100
-0.091071 -0.059027 -0.306730 -4.561200 -1.353600 -16.622999
-0.023651 0.158140 0.141870 5.300100 -4.018300 -3.198700
0.297590 0.098333 -0.004430 -25.820000 -13.333000 -1.171700
-0.107980 -0.068557 -0.035462 -8.624800 -0.293570 -0.480000
-0.004217 -0.073980 0.051098 6.874700 2.598300 -9.727800
-0.103120 -0.068288 -0.105430 4.638600 4.121900 -2.746600
0.045966 -0.052800 0.078456 -21.645000 1.022100 -3.156800
0.006430 -0.010676 0.046376 9.790100 -4.749600 -3.527400
0.042896 0.002346 0.207900 0.229220 -2.116600 -1.478100
-0.057354 -0.252440 0.143320 4.468800 9.962100 -10.270000
0.044565 0.051796 0.191490 4.010800 -0.160370 21.500000
0.215720 0.114030 0.227690 -11.221000 -11.270000 -24.930000
0.148250 0.037738 -0.056255 1.958500 -3.045700 -2.323100
0.203630 -0.400030 -0.286100 2.744000 -3.598500 -6.923500
-0.070652 0.021932 -0.028318 11.081000 -3.115100 -9.202500
-0.022921 0.036714 -0.083621 -0.407050 -20.143000 2.838000
0.031961 -0.047785 0.037582 -6.363600 12.500000 -3.369300
0.086916 -0.051773 -0.010323 1.758400 10.614000 -16.141001
-0.081564 0.174320 0.138770 3.505900 -4.242800 4.381200
0.189640 0.240640 -0.073216 5.685900 14.414000 -4.678900
0.153970 -0.096023 0.071183 6.083300 -0.504330 0.380340
-0.058106 -0.013980 0.094122 1.218200 -9.861900 -6.142400
-0.014606 -0.015951 -0.014493 5.694100 -10.479000 -3.341300
-0.010371 0.050259 -0.090672 -5.051400 -6.354600 6.720600
0.140580 -0.177210 -0.301270 2.373100 -3.209900 -3.281900
-0.005511 -0.031330 -0.050898 11.874000 -0.275310 -9.861400
0.101230 -0.057502 0.020978 -12.906000 -2.039300 6.832500
0.042117 -0.025943 0.009852 13.847000 -12.443000 9.038800
-0.113780 -0.147120 -0.090616 1.885900 -2.520200 2.348500
-0.031700 -0.008030 -0.078298 3.037700 12.511000 17.521000
-0.197550 0.096730 0.105330 24.013000 -4.721000 -14.282000
-0.128710 0.035578 -0.121120 -5.922800 5.657500 -5.676900
0.039846 -0.020700 -0.125940 -1.392300 -1.774800 4.712800
0.136700 0.010642 -0.155950 -3.574000 1.444700 0.085845
0.063091 0.012002 -0.000793 23.370001 16.714001 -21.090000
0.135720 -0.053431 -0.088956 -11.162000 -1.230000 1.866500
-0.128910 -0.030576 -0.017090 9.406200 14.939000 14.935000
-0.081066 0.008794 0.115720 -5.195100 -0.607820 21.202999
0.008251 0.057614 -0.007636 4.574900 -9.490200 3.603700
-0.087316 -0.120280 0.080092 0.206370 2.226400 -2.926100
-0.120100 0.058234 0.043900 2.630700 6.762100 9.540600
0.114110 0.144880 0.037545 0.231680 -1.314900 -1.738700
-0.049638 -0.127080 -0.082066 -16.698000 19.208000 -14.230000
0.039660 -0.068725 0.007171 6.968800 -18.823000 -1.036700
-0.075356 -0.102500 0.060633 10.887000 3.577100 0.747110
0.033876 -0.276170 -0.042076 1.760400 15.110000 -5.719900
-0.001372 0.042918 0.129050 3.095700 1.979000 0.647340
0.009713 0.031041 -0.184960 0.770050 3.038900 -1.554900
-0.002115 0.172790 -0.145970 -1.592500 -8.478100 3.583300
-0.042675 0.111050 -0.008276 2.617000 -12.371000 3.322500
0.016280 0.093024 0.137690 3.454100 -4.321900 -3.542100
0.037809 0.036666 -0.022899 10.574000 -2.576100 0.789110
-0.007643 -0.092178 0.021330 -17.493999 -21.292000 -5.338300
0.107000 0.193290 -0.220700 -12.967000 -21.796000 18.733999
-0.014842 0.123620 0.080405 -5.119600 7.390200 -0.468960
-0.086669 0.110980 0.101060 -10.122000 -1.861300 8.718500
0.012566 0.124600 0.068972 8.013100 -2.760400 1.965200
-0.026701 -0.215450 0.026047 0.618970 9.150600 2.788500
0.084392 0.082807 0.108410 -6.741400 -9.591700 -2.138600
-0.293000 -0.217830 -0.144010 -1.501100 -1.204400 2.080600
0.170910 -0.136010 -0.000614 6.584800 -7.079800 5.086700
0.082709 -0.167170 0.577490 0.773990 -5.500100 16.356001
-0.101380 0.019940 0.023717 -12.274000 -1.516600 -0.779520
-0.003862 -0.176710 0.089431 -1.847500 -1.764700 3.535300
0.005850 0.020178 0.095120 5.746700 2.511600 -16.502001
0.100880 -0.081839 0.104580 8.360800 0.542610 11.142000
-0.022144 -0.086736 0.045629 -2.199600 13.817000 11.746000
0.091635 0.116120 0.077722 1.181600 14.344000 5.166300
-0.052175 -0.400730 -0.099328 1.846300 -15.117000 -3.915600
0.101480 -0.109680 -0.143520 -4.916900 2.746300 4.660000
-0.025447 -0.117780 -0.013715 3.770900 6.861700 -7.971800
0.088643 0.033752 0.116260 6.914800 0.381170 -3.658200
0.032620 0.123220 -0.061906 2.372500 -2.717100 1.769200
0.111970 -0.109030 0.089048 3.853400 -6.769300 2.422200
0.036700 -0.074970 -0.000392 -2.352800 -6.443100 -2.914800
0.013173 0.021613 -0.042413 7.158800 7.612100 -14.371000
-0.029996 -0.032745 0.011441 2.482500 6.848000 3.641600
-0.001392 0.068854 -0.027098 -8.407100 0.979360 -8.537300
-0.098292 0.003867 0.035341 2.626800 -2.273400 -8.522200
-0.042969 -0.027043 -0.035800 2.822100 -9.327200 -1.431100
-0.012622 0.075995 0.016433 4.858700 0.519920 3.358400
-0.032355 0.005484 -0.045193 -19.511999 -0.655680 0.468800
0.033876 0.039874 0.036664 -6.841400 8.457700 -0.041884
0.069992 0.013185 -0.047918 -7.669900 8.751700 -6.703400
0.015023 -0.087693 -0.092519 -14.384000 -1.286400 3.265600
0.081138 -0.113680 0.126100 3.002200 -8.256000 4.301200
0.080705 0.042366 0.062465 -7.635100 11.754000 -2.510200
0.077578 -0.145590 -0.065737 -3.576900 1.322200 -2.349600
0.158520 -0.095704 0.077076 10.256000 -3.020300 6.748700
0.511740 0.101460 -0.042570 -5.713800 -5.194100 -3.887600
0.071025 0.112230 0.096376 4.021100 4.567600 8.608100
-0.025336 -0.093411 -0.032276 -2.331500 16.011999 5.137100
-0.046774 0.016269 0.019729 -4.692900 -14.786000 -2.561700
0.012374 -0.012732 -0.015147 5.137000 -4.154800 -8.614000
-0.016621 -0.023989 -0.048017 -11.956000 15.607000 0.396590
0.031822 0.023780 -0.087384 8.881100 10.642000 -4.343900
0.007174 0.034308 0.014165 11.338000 -1.979900 -1.950600
-0.135240 0.109460 0.118000 -1.931600 0.984410 -4.749900
-0.031319 0.135100 -0.044795 2.624200 -7.903200 2.965700
-0.103550 -0.011817 0.061717 7.109800 -0.644360 -1.964000
-0.092257 -0.267300 -0.105200 1.220500 -17.811001 -4.223600
-0.003201 -0.064385 -0.080594 6.469200 -1.249000 -7.503000
-0.125840 -0.031636 0.136030 4.079300 0.205370 -0.412110
-0.071268 -0.140910 0.018943 -10.937000 -12.877000 4.640100
0.004624 -0.036354 0.060783 -3.731700 3.220000 -3.985000
0.166450 -0.085816 -0.121710 9.690700 -1.475500 -4.877700
0.031843 0.076225 0.046396 -8.492900 -2.877200 8.120000
-0.012533 0.034319 -0.009911 -16.593000 -2.502400 1.474200
0.095959 0.089424 0.023251 -3.665700 -1.412700 5.766100
-0.010907 -0.163290 0.155030 -4.752100 -2.719500 5.756900
-0.079322 -0.082685 0.054938 -8.028700 -4.102300 16.841000
0.032714 -0.008227 -0.004745 8.029900 -23.691999 0.357980
-0.101080 0.061541 -0.057420 -6.250600 -4.979500 -3.071300
-0.012408 -0.122220 0.059793 4.750400 -16.764999 5.855200
-0.064406 0.098890 -0.128540 -3.333500 24.598000 -18.478001
-0.209840 -0.237770 0.151190 8.004400 11.363000 -8.229300
0.005948 0.120270 0.019542 -9.841000 -18.424999 -3.761900
-0.055524 -0.013932 -0.054819 4.237000 -0.001543 21.208000
0.084805 0.099051 -0.020967 6.056300 0.798170 1.600800
0.118630 0.347770 -0.042470 4.644100 9.562900 -3.106300
-0.020050 0.043697 -0.020242 3.079900 2.370200 4.374900
-0.068845 0.056750 0.009961 -3.204200 -7.455300 4.440600
0.051562 -0.015540 -0.146040 -0.368180 2.509500 -9.842600
-0.016568 0.010544 -0.004168 1.429700 2.830900 -17.868000
0.084035 -0.021375 -0.032489 -5.631300 -6.978400 7.463800
-0.044751 -0.081085 0.008046 -8.846800 -0.922910 -1.113900
0.243380 0.287620 -0.578960 3.088600 3.126100 3.805500
-0.138400 0.022395 -0.009589 17.194000 2.147300 6.791200
-0.040186 0.039602 -0.004520 -5.748500 -15.403000 4.853700
-0.126860 0.048527 0.082764 9.328700 -21.929001 -9.187800
-0.000039 -0.063916 0.003653 4.069400 12.084000 -10.499000
0.239840 0.037163 -0.251170 -11.538000 -4.314200 5.937800
-0.023024 -0.001359 0.034248 -7.290500 19.856001 -5.552600
0.122130 -0.008930 0.104030 19.945000 8.755000 3.219300
0.043435 0.108450 0.095641 -2.793300 -10.275000 0.061004
0.268060 -0.108700 -0.083740 10.317000 0.978870 -3.613200
-0.189520 0.051248 0.061071 -2.060400 -1.147500 8.870300
-0.361330 -0.019001 -0.452200 -2.972000 -1.981300 -2.150300
-0.052933 0.001420 0.055148 5.829500 1.922800 -11.979000
-0.687160 0.351140 -0.078262 -12.907000 4.067000 -2.626600
-0.082348 0.016493 -0.055233 1.274500 2.066600 8.168900
0.015758 -0.000224 0.077488 -3.963200 7.607700 14.268000
-0.169680 -0.170530 -0.128790 6.057400 2.872100 2.653400
0.035197 0.133380 0.117730 -3.933800 5.446800 -1.926200
-0.134280 -0.026928 0.020970 6.579400 -9.682300 -9.103200
0.004712 -0.006164 0.017300 15.237000 -13.664000 -7.149700
0.046156 0.020160 -0.062175 -0.814300 0.542200 3.069200
0.013392 0.071711 0.017490 2.688800 4.430400 2.235100
0.057355 0.038029 -0.051974 -5.903700 -7.568200 -6.263500
0.226510 0.148190 -0.104710 -8.963100 -3.469300 3.444500
-0.126830 -0.106980 -0.010295 11.182000 5.918100 7.070500
0.094880 0.087114 -0.068142 -0.348410 -4.119800 -10.322000
0.011593 -0.084508 0.040163 -3.468600 11.020000 0.443830
-0.092369 -0.092295 0.021741 1.312200 5.428700 2.802700
0.043734 -0.040984 0.035276 1.959900 -14.114000 2.545800
-0.026891 0.015088 0.043886 1.540800 7.311500 -4.306400
0.008825 0.062179 -0.021570 23.594999 -18.436001 21.131001
-0.165120 -0.386090 0.056946 -0.680510 -2.163100 -2.443700
0.054540 0.012175 0.092198 -6.017800 -14.489000 -10.553000
-0.187250 -0.102830 -0.068416 10.275000 10.246000 1.415700
-0.029668 0.027232 -0.036427 19.358999 6.397000 -14.554000
-0.049510 -0.046313 0.022238 5.545400 13.028000 5.438600
0.055989 -0.155520 0.115000 -7.887200 4.479200 -0.576590
-0.018691 -0.005367 -0.049019 0.265910 3.414500 0.285810
-0.444310 0.747030 0.176060 0.613120 0.570240 -1.351500
0.007717 -0.013070 0.014115 -6.862500 -3.593300 -12.732000
0.022709 -0.043297 0.006370 8.478200 -12.908000 -30.076000
0.072096 -0.057294 0.068096 -4.328600 0.634460 4.021600
-0.114630 0.006236 -0.102770 -2.669300 0.471190 -6.876200
0.041434 0.011073 -0.002220 4.936900 10.772000 1.428100
0.132820 0.060602 0.265540 -1.076500 0.136040 -10.808000
-0.046203 0.088182 -0.030372 -5.609400 -14.339000 -6.999100
0.104390 -0.055025 -0.067403 -11.406000 1.966600 -2.134900
0.093936 0.001455 -0.000108 -14.332000 -4.450300 -17.790001
0.004001 0.009664 -0.035888 -11.226000 9.638700 17.056000
0.078988 -0.164240 0.090197 -1.331000 -2.681700 1.505000
-0.034438 0.013118 0.032687 4.164600 0.329320 18.726999
-0.148480 0.180700 0.035051 4.941000 -24.657000 2.489800
0.042476 0.085142 0.023564 0.096190 -12.708000 7.285400
-0.061169 0.009231 -0.180140 0.420210 2.463700 0.680750
0.041693 0.021214 -0.033514 -5.096900 -1.135700 4.530700
0.176960 -0.075518 0.147340 -1.690700 -4.348300 0.361120
-0.087679 0.047500 -0.086349 -18.030001 1.163000 -12.406000
0.067884 0.041130 -0.014263 -5.758800 -14.752000 -0.669220
0.147730 0.076541 -0.010220 6.847900 0.042559 6.238400
0.062252 -0.041760 0.010036 -11.185000 -20.868999 12.681000
0.001235 -0.006977 -0.054734 -11.252000 5.719800 9.300800
-0.080926 -0.071409 0.015024 1.332700 0.811390 14.245000
0.086509 -0.058976 0.332710 7.009400 2.120900 13.164000
-0.007089 -0.064909 -0.067026 -6.587500 -7.553800 6.320400
0.173450 -0.074847 -0.162820 -1.341700 -2.557000 4.719000
-0.000068 -0.097122 0.065812 -0.771360 -14.839000 -1.269200
0.037608 -0.104890 0.000766 5.625000 5.391800 -13.618000
-0.065042 -0.091208 -0.006717 4.295600 6.803000 -1.795400
-0.056300 -0.160600 -0.061019 0.570120 10.270000 -7.491300
-0.088944 -0.058959 -0.034265 -1.328300 10.751000 7.548900
0.079897 0.088805 -0.039765 -2.741800 5.784800 -0.072806
-0.047253 -0.098238 -0.006269 -0.460080 0.156540 5.888800
-0.076388 0.023981 -0.010166 -18.049000 4.990300 -6.480500
-0.080394 -0.033785 -0.108100 1.575000 3.433700 9.087300
-0.007430 0.033442 0.071975 15.181000 -4.060900 1.625900
0.066688 0.019605 0.007488 -8.180600 10.811000 7.158500
0.084714 0.099789 0.013933 15.367000 19.716999 7.087500
-0.225590 0.033910 0.082962 2.739400 -2.800300 5.953900
-0.154090 -0.162680 -0.068805 -18.805000 -21.127001 -6.978400
-0.024450 0.067803 0.022301 -12.921000 -7.998900 -14.544000
0.020563 -0.018356 -0.043547 12.099000 0.604920 2.158200
-1.385200 -0.056981 0.307010 -2.509400 0.801990 -1.404900
-0.028724 -0.176260 -0.005340 12.358000 4.667800 -3.007700
0.079112 0.051132 0.044060 -1.264200 7.318000 -11.357000
-0.330180 -0.074849 -0.112570 6.233200 2.402700 -1.745500
0.137740 0.159590 -0.026179 3.010000 -6.760400 9.608500
-0.121320 0.396210 0.073149 -5.684400 17.636999 5.236100
-0.064680 0.001837 0.003090 2.160900 -3.445100 -5.397600
-0.006230 -0.009494 0.033137 -5.874000 -1.459100 14.940000
-0.051573 -0.052057 0.021594 17.750999 -2.890100 0.296760
0.043470 0.051546 -0.036960 0.484100 3.017900 10.147000
0.099678 -0.144150 0.269210 0.254650 -13.502000 17.919001
0.064398 -0.047923 0.128230 -3.602700 1.865300 2.791200
-0.172970 0.012145 0.191530 7.421200 -6.366000 -9.728400
-0.063122 0.001608 0.149920 1.992400 0.073940 -13.493000
-0.021392 -0.052411 0.037035 5.258500 1.999000 16.334999
-0.093909 -0.059675 -0.010136 6.571400 5.183400 -0.061011
-0.003509 -0.033135 0.037987 -11.904000 6.293500 0.030444
0.969100 -1.191300 -0.484330 12.420000 -12.638000 -6.087100
0.029720 0.025990 0.069735 -4.094600 14.102000 8.773000
0.082626 0.146670 0.029955 -8.700300 -18.009001 -4.411400
-0.124450 -0.124290 -0.173140 -7.166500 -13.698000 -23.333000
-0.038358 -0.136300 0.079055 -5.570000 -2.274100 -5.344800
-0.056782 0.075330 0.144000 -6.028600 4.280700 25.881001
-0.116860 0.077118 -0.109650 16.671000 2.066300 11.720000
-0.067761 0.009259 -0.065944 14.441000 -4.388000 2.893600
-0.019094 -0.121880 -0.274090 0.960290 0.616460 -5.999700
-0.067837 0.015555 0.054673 7.306000 7.480400 -8.179000
-0.057873 -0.041636 -0.003626 8.409500 14.331000 -10.111000
0.081938 -0.031721 0.037847 -9.115100 -5.835500 8.526600
0.076759 -0.056902 -0.063872 -3.876100 10.310000 4.628200
-0.037380 -0.001337 -0.062108 -13.131000 -3.101200 -0.099944
0.218020 -0.064466 0.082335 -8.035100 -2.925700 -0.968890
-0.022898 -0.182110 0.128720 15.339000 3.980100 -3.089400
-0.094546 0.094425 -0.038796 14.113000 -14.365000 7.561500
0.004870 -0.020458 0.073130 1.278300 -8.216700 -3.816000
-0.000393 -0.040573 -0.047012 -8.544800 -5.812600 6.490700
0.073835 -0.049774 0.037285 -18.386000 -0.861720 1.926700
0.006959 -0.079669 -0.022950 8.233100 17.726999 0.422900
-0.073021 -0.022770 0.025115 -15.058000 -12.195000 17.459999
0.040149 -0.025639 -0.012217 4.072900 -6.647600 -12.866000
0.055748 -0.058293 -0.078640 -9.320200 2.026900 -20.181000
-0.007710 0.130920 -1.382900 0.332530 -0.862710 0.158000
-0.272130 0.246760 -0.876100 0.158340 3.261800 -7.445100
0.022091 0.142390 -0.201360 -0.139300 14.990000 -7.927100
0.059928 0.054574 0.008026 9.946300 -3.078600 -7.952400
-0.211020 0.088512 0.014114 -3.063300 -0.226470 1.370000
-0.057994 0.059063 -0.015837 0.538000 8.070600 3.921800
0.058024 -0.114780 -0.028204 -3.369900 -5.431100 6.177600
0.069731 0.027574 0.057500 2.597400 2.903300 1.378300
-0.207400 0.098634 0.177830 4.754200 1.942100 -5.015600
-0.080048 0.300290 0.299900 7.825700 -10.782000 -5.335200
0.040908 0.419320 -0.001077 -1.051200 -11.597000 0.024367
-0.023116 -0.003395 -0.012427 3.156100 11.804000 -6.913200
0.039414 0.126080 -0.363800 0.371150 -1.157500 -4.510700
-0.079882 0.006519 0.018723 9.454000 -3.761900 -1.170100
-0.255310 -0.203700 -0.030281 -4.209800 -2.777300 -0.106730
0.135040 0.037192 0.036734 3.438000 0.845930 1.216800
0.021836 0.015679 -0.004816 5.350800 3.114800 11.772000
0.270260 -0.565570 0.080764 0.395940 -12.521000 0.351040
0.153850 -0.193400 -0.165910 -3.154600 -1.198900 10.583000
0.072766 0.044286 -0.103690 -3.881500 8.997200 3.095300
0.129180 0.251770 -0.244750 -7.246000 0.394850 -8.641400
-0.166130 -0.101920 -0.101830 -5.839400 5.702700 -6.111900
0.032962 0.004298 -0.012707 -8.501000 11.664000 3.149000
0.004497 0.012816 0.006960 -12.378000 -26.924999 12.144000
0.014149 -0.096471 0.013491 12.951000 13.357000 2.632800
-0.038745 0.016902 -0.003955 5.103000 -9.330600 7.491800
-0.126160 -0.002183 -0.726050 -0.529800 -2.839900 7.653500
-0.024472 -0.016476 -0.060260 -0.624110 -12.365000 -0.044641
0.094559 0.067692 -0.034584 -1.870500 -1.795700 -9.600000
-0.014004 -0.012263 0.009168 5.045900 -1.531100 -8.851100
0.098950 -0.025625 -0.159120 -4.359400 -7.389800 -4.251100
-0.043140 -0.062635 -0.012117 8.758200 -1.019000 -6.507300
-0.141250 0.080469 0.051328 -11.734000 0.901450 2.610800
-0.078172 -0.092928 0.014491 -10.647000 -1.733300 -2.659700
-0.129030 0.110150 0.367890 -0.432540 3.447300 3.663800
0.002643 -0.014805 0.141350 10.068000 6.402400 1.587000
-0.018917 0.017104 -0.130030 13.036000 13.568000 12.098000
0.097108 -0.029671 0.069973 0.620890 8.265200 -7.040100
-0.024705 -0.011951 -0.037695 -10.635000 1.406200 7.655900
0.043424 0.058122 0.061551 1.173000 5.815800 18.740000
0.012299 -0.033012 0.074988 -0.520820 40.173000 -14.521000
0.005592 0.185850 -0.057136 2.979200 -8.764100 -0.716490
-0.130410 -0.091263 0.122160 14.639000 -7.074200 3.063500
-0.023729 -0.498200 0.217550 0.984680 -25.544001 11.643000
-0.071589 0.015727 0.043493 -9.615800 2.582300 13.825000
0.013854 -0.042568 0.010974 5.899400 -6.749700 -13.614000
0.023012 -0.087663 -0.008685 10.108000 -14.895000 2.322300
-0.193900 0.035182 0.013077 5.359200 -11.201000 -1.982400
-0.090882 0.150900 0.511790 -1.741400 2.281400 -0.289450
-0.017509 -0.027463 -0.007971 -1.827300 -9.572400 1.836500
0.062071 0.069788 -0.058856 2.347400 -1.614400 1.910000
-0.006629 0.016761 0.039942 6.009800 0.880400 -18.384001
0.075437 0.015585 -0.013962 -3.970700 -5.911500 2.480700
-0.107730 -0.024792 -0.126150 -18.745001 0.596580 -23.141001
-0.049189 0.020614 0.102530 11.472000 -16.823000 -0.219110
-0.024585 -0.055946 0.083781 -6.784500 10.046000 -12.588000
0.100340 -0.011902 -0.020545 8.881500 -2.354300 4.414500
0.039393 0.026216 0.079449 -4.054600 4.990200 1.558300
0.071111 0.007729 -0.043362 -9.992600 10.406000 -8.493900
-0.032923 0.067199 -0.000173 -0.056433 -3.511600 -5.078500
-0.066720 -0.016323 0.108770 -25.290001 7.986700 7.183400
-0.116560 -0.047296 0.056812 -14.144000 -11.620000 11.322000
0.554170 0.039228 -0.194030 0.565390 0.878220 2.218500
-0.018878 -0.042855 -0.125370 -3.017900 -4.660400 13.262000
0.035014 0.028273 -0.000269 1.674700 5.525400 -2.895200
-0.019554 -0.036400 -0.012030 -4.611300 -6.039600 -14.756000
0.019414 0.063750 -0.045308 -6.802300 6.679200 -14.669000
0.015681 -0.006925 -0.008110 10.132000 -11.382000 1.260700
0.074498 -0.065022 -0.010544 -13.054000 4.937200 0.758110
0.017811 0.046386 0.049023 -24.371000 -22.478001 -21.611000
0.029409 0.056023 -0.038600 -0.246610 4.477700 7.991200
-0.085094 0.039454 -0.001292 -9.277500 -3.593900 -1.701700
0.239740 -0.357630 0.073287 -7.920600 8.929800 1.168000
-0.044152 -0.047204 0.114200 -6.020600 2.165600 -8.004100
0.051816 -0.012209 -0.206180 -3.434900 4.054600 9.026800
0.050081 0.187140 -0.027630 2.590500 13.457000 -0.457780
0.149990 0.037818 -0.024687 13.259000 -7.170000 -10.628000
-0.020402 -0.077523 0.067077 -4.828300 -2.118000 -11.359000
0.074295 0.073155 0.001579 -11.254000 -7.423600 0.408720
-0.005264 -0.081466 0.011424 -1.031600 -0.365720 -10.337000
0.172300 0.176520 -0.138880 4.112900 0.134320 2.483700
-0.211850 -0.017847 -0.170940 9.753100 -0.638680 11.295000
-0.009626 0.030893 0.038669 -7.529200 -3.822700 1.556600
-0.052049 -0.014495 -0.043061 -5.165100 0.728360 1.781800
-0.038749 -0.020403 -0.040847 7.620200 13.186000 5.997700
0.449470 -0.155190 0.254500 -6.772500 0.677150 -6.616300
-0.083941 -0.062496 -0.020120 8.086100 1.817200 6.148400
-0.016378 -0.036860 0.008342 -1.895900 -9.172000 2.346500
-0.003109 -0.059014 0.027303 2.763500 8.192100 -7.179000
0.047537 -0.114700 0.176060 -3.569000 -3.283200 0.326830
0.019075 0.100380 0.111580 -8.714800 1.315000 5.168000
0.116700 -0.129740 -0.017713 24.791000 -8.024900 -5.362300
-0.012594 -0.001712 0.020022 3.952000 0.129760 -3.586100
-0.102250 0.213920 -0.126970 0.241560 -0.216380 0.181830
-0.011865 0.032723 -0.019321 7.286500 -0.393100 0.701120
0.040570 -0.108190 0.200200 -6.096500 -14.035000 -4.579600
0.088300 0.128620 0.097651 -2.304700 0.514400 -1.238800
-0.059572 -0.070041 -0.040255 -0.881090 -2.800500 -0.235660
0.114080 -0.002493 0.037403 4.260900 1.220000 9.447900
0.038841 -0.016698 0.013756 -12.602000 -15.730000 -2.593400
0.009197 0.025343 -0.003197 7.645400 6.729000 7.897800
0.004961 0.045993 -0.050581 9.059600 -3.140600 -4.202600
0.060716 0.070176 -0.008667 4.029000 -5.347100 12.564000
-0.014320 -0.021070 0.032691 -2.277000 -12.990000 12.566000
-0.123710 0.170600 -0.151130 4.133200 -1.108800 -6.847000
-0.088853 0.319130 0.075892 5.620700 -12.957000 4.237800
-0.152310 -0.057138 0.084765 -0.673540 -7.505200 -1.182700
-0.022417 -0.028694 -0.019207 1.878200 2.207100 4.565100
-0.000348 -0.083311 -0.009583 -10.953000 -13.864000 -7.673200
-0.033972 -0.045303 0.049266 5.926700 0.095521 -10.497000
-0.057142 0.093479 0.069832 4.478900 -8.038300 5.493400
0.057310 0.051110 -0.051212 -11.539000 -3.696300 14.311000
-0.104340 -0.234840 -0.105410 9.103700 -0.293580 3.021700
-0.033441 0.099746 0.099999 0.025661 -0.929970 5.159500
0.411450 0.081569 -0.715580 8.213100 0.235670 -14.639000
0.001774 -0.080742 0.120210 4.057400 -0.859010 6.425700
-0.007660 0.164430 -0.026100 -3.505100 -2.506900 3.110900
0.029761 -0.011956 -0.089120 -0.412590 8.029000 4.457700
0.051085 -0.083531 -0.185260 6.124200 -10.372000 -4.564200
-1.117400 0.426070 -0.236280 -10.131000 3.913000 -0.727230
-0.027724 0.033012 -0.275480 0.358630 1.667200 4.485600
0.047965 0.023486 -0.023150 -18.750999 3.755800 0.223720
0.084201 -0.106970 0.006526 -1.662700 5.296400 4.029900
0.039579 -0.013883 0.029101 -3.801800 12.105000 -1.989000
0.066249 0.100300 0.188610 -0.432130 0.411610 -2.905400
-0.016659 0.023925 -0.050838 4.375400 8.286900 -1.394600
0.068306 0.011139 0.068285 24.306999 -14.076000 15.188000
-0.059391 0.039696 -0.001998 -19.641001 1.977400 27.587000
0.352170 0.077782 0.222150 9.671000 3.770000 11.048000
-0.037899 -0.003843 0.042307 5.884600 -3.266500 -15.256000
0.599470 0.152420 -0.105350 13.931000 5.074600 -1.477500
0.065356 -0.074936 -0.079883 -11.390000 16.032000 5.539700
0.053825 -0.009315 -0.076324 0.229960 2.420600 8.004000
0.010115 0.005402 0.017037 1.167000 15.843000 16.455000
0.017771 0.081152 -0.015644 0.981340 10.520000 4.952200
0.526190 0.032787 0.007317 17.419001 2.864600 -3.288000
0.039670 0.068051 0.374260 -0.795100 1.212600 6.364700
-0.055720 -0.004130 0.088516 -4.260000 5.454500 -4.680600
0.101940 0.158040 0.042968 -5.175100 -3.553300 -4.147300
-0.012719 -0.038367 -0.071028 -1.266000 4.822000 13.010000
0.158180 0.062908 0.024395 -3.299800 -0.366850 0.858710
-0.111870 -0.023104 -0.026764 20.577999 -0.665850 -1.052300
0.105790 0.186680 0.266410 -0.900710 5.857300 -7.809400
-0.031846 0.016656 0.061273 11.056000 0.344800 -8.973500
0.048109 -0.072607 0.089319 2.678900 -1.799500 -9.370400
0.027782 -0.032845 0.141650 18.237000 6.254300 3.707600
0.051900 -0.037150 -0.008226 -9.925300 24.666000 9.226500
-0.366330 -0.065147 -0.258320 16.997000 -0.342280 15.041000
-0.195090 -0.001207 -0.097453 -2.124900 -0.764810 -1.406400
-0.204200 0.062004 0.020054 6.298200 3.261600 -1.612500
0.133280 -0.063648 0.078130 -3.291200 14.314000 -5.553400
0.102370 -0.143480 -0.047832 7.068900 0.950300 2.395300
-0.312060 -0.265750 0.012792 -2.818000 -10.029000 0.878950
-0.009876 0.040503 -0.067490 -20.969999 11.854000 -8.405000
-0.077784 -0.008667 -0.016475 22.128000 -7.320700 6.499000
0.012889 -0.047029 -0.035484 -3.475600 0.787600 -3.563700
0.250760 -0.105700 0.042527 -3.639400 2.504000 -2.280300
0.031431 -0.023066 0.027613 0.622430 -11.021000 -9.419800
0.035714 -0.033499 -0.055028 -6.993800 -5.852600 6.116200
0.007220 0.142650 -0.083241 -5.381400 4.765700 10.800000
0.045044 0.130290 -0.038361 -8.025000 6.384000 7.615500
0.119360 0.024934 0.016995 15.812000 10.383000 3.143900
0.041770 0.121230 0.085342 5.138000 -2.359900 2.196000
0.110590 0.182860 -0.044581 -3.809800 -1.470400 2.875700
-0.020097 0.083674 0.092895 -7.506200 -1.091000 -6.351400
-0.268050 -0.158820 0.081176 1.730300 -3.311200 0.340720
-0.052356 -0.066146 -0.077696 0.443750 0.963170 1.831900
0.176120 0.117160 -0.080535 0.009444 -2.690500 2.363400
-0.005303 -0.028957 0.020451 -1.929000 3.093000 5.184800
-0.010525 0.108560 0.012295 -4.674100 23.104000 7.128600
-0.086740 0.420200 -0.133050 1.133200 15.065000 -0.432130
-0.180390 -0.073103 -0.141690 9.235300 8.108100 -0.586450
-0.070256 0.028525 -0.026588 4.906800 -2.316300 -0.883210
0.083367 -0.027373 -0.059022 4.846600 3.986000 -5.872100
0.114230 -0.195180 0.189320 -1.609300 3.910300 -5.840000
0.021418 0.012915 0.031181 -8.874300 5.043900 9.927200
-0.216300 0.007466 0.173000 7.697500 0.969140 -1.812100
-0.001300 -0.110060 0.054998 0.593830 7.789900 1.557500
-0.007030 -0.008816 -0.069126 -3.228200 3.078500 -2.916500
0.138030 -0.066335 0.277450 0.468490 -6.766800 6.761300
0.058160 -0.023821 -0.016743 -2.461800 -4.396400 7.093500
-0.041075 -0.009426 -0.000053 -7.946400 16.146000 11.846000
0.119010 -0.078121 -0.240600 -2.220900 -1.857500 -5.054600
-0.050484 0.073379 -0.038253 -2.975800 2.618200 4.403600
-0.004218 -0.010194 0.034693 -15.097000 -6.855400 -4.301200
-0.168850 -0.163130 0.289520 -7.424500 -6.155200 10.775000
0.067529 0.021298 -0.055956 5.504900 11.619000 1.144200
0.112780 -0.003105 0.027916 -21.917999 7.921400 6.840900
-0.020197 -0.050871 -0.039716 -12.217000 6.732500 0.739710
0.076507 0.003505 -0.060605 -3.507200 -7.828200 8.308200
0.121770 -0.292870 0.164220 6.355100 -26.195999 18.792999
0.077100 0.059247 -0.053078 1.065400 -15.458000 -0.962220
0.005701 0.074562 -0.059246 8.818600 6.172100 2.628800
-0.010879 0.048370 0.121280 3.950200 3.222100 9.193700
0.008194 0.052348 -0.039861 2.991600 -1.313500 2.466100
0.007409 0.027958 -0.047031 2.763000 -12.552000 -2.737600
0.075623 0.086574 -0.063745 -3.701700 -6.179900 10.707000
0.007562 0.075535 0.039664 3.895500 13.520000 1.998600
-0.004503 -0.122230 0.169990 -5.033600 24.664000 -35.537998
0.058570 0.232830 0.004328 -8.715400 -15.625000 -5.175400
0.043479 0.003759 -0.037283 4.856300 -7.050000 3.976100
-0.106950 -0.078083 -0.030709 5.848300 -2.907700 6.804500
0.199130 0.025009 0.101900 -10.190000 -1.208600 -3.653000
-0.359520 -0.082948 0.600940 8.239200 2.059200 -11.295000
0.019975 0.040423 -0.062149 -1.139300 -1.844100 -6.653600
-0.063345 0.022987 0.023533 5.356900 -4.185500 4.287200
0.023045 0.036365 0.034374 -5.149800 -1.701900 20.201000
-0.066413 0.065237 -0.031583 -7.048200 15.017000 0.690990
-1.800400 -0.294560 -1.135300 10.483000 0.603680 6.292900
-0.031425 -0.070270 0.042481 18.146999 -8.177700 -4.301800
0.241610 0.025240 0.185780 2.537700 -3.533900 -4.421800
-0.018373 -0.044957 0.095706 11.270000 1.765700 -1.924100
-0.098651 -0.084142 -0.020622 -9.947500 -3.952800 3.704400
-0.108850 -0.051763 0.166620 7.973300 2.559600 -1.276900
-0.075900 -0.077131 0.079316 8.853700 1.481400 -2.875900
-0.013723 -0.017103 -0.139910 9.013200 3.932100 9.845000
0.019392 0.007222 -0.023101 -1.028800 -13.213000 8.340900
0.102410 -0.072478 -0.033920 3.961800 0.560920 2.215700
0.007279 0.063486 0.038751 7.572200 1.915700 -9.573900
0.002433 0.022717 -0.031271 4.410100 -5.725100 -1.042300
-0.013505 -0.017498 0.032118 7.248300 -16.139000 1.029100
-0.022943 -0.060745 -0.056104 -6.436000 -2.085300 -7.589000
-0.102760 0.047231 -0.013389 5.813200 -2.405700 -7.603900
0.003063 0.076278 0.037256 2.463800 -5.089800 1.752500
0.022949 -0.044217 0.182530 -7.250000 3.505600 8.952100
0.172540 0.035005 0.004097 -3.974500 -3.170500 -2.537100
0.136190 -0.045172 -0.083898 -4.076900 -1.433900 3.011100
-0.067817 -0.045892 0.158560 0.550610 4.996100 3.206700
0.251280 -0.018502 0.225130 -5.064800 1.973000 -2.800100
0.025242 -0.044532 -0.201700 -2.999200 7.413100 -4.453000
-0.040366 -0.023576 0.128710 4.206400 -13.675000 2.029000
0.010041 0.019017 0.004210 -2.452300 -4.277900 -4.023700
-0.160400 -0.048951 0.007675 -2.687100 -14.111000 5.960800
-0.066868 -0.024685 -0.021590 5.878100 -3.297400 -1.848200
-0.077645 -0.003504 0.035060 7.345800 12.860000 -17.312000
0.079472 0.003887 0.063452 -6.796700 1.660800 2.643100
0.036257 0.011305 0.031062 -7.885000 23.641001 2.557500
-0.040008 -0.003633 0.030012 -7.257200 -1.314200 1.674000
0.277100 -0.057913 0.270220 -5.760000 2.428500 -0.799770
0.160820 0.064655 -0.365810 -0.082171 -3.127100 1.732200
-0.097023 -0.078544 -0.013747 6.669300 3.375000 2.972400
-0.105210 0.065670 -0.191770 6.873900 -1.191100 7.669500
-0.103250 0.005505 -0.003027 -35.117001 -12.267000 0.702030
-0.066864 -0.004454 -0.074538 -6.388900 3.214200 25.431999
-0.122090 -0.341350 -0.059423 -5.200800 -14.445000 -3.676100
-0.487830 0.064327 0.192420 -10.264000 5.445300 5.054400
0.243510 -0.238930 0.082196 10.809000 -5.758000 -4.085800
-0.074338 0.108330 0.086664 5.749500 -4.052700 -9.483200
0.080171 -0.203380 0.057661 -14.526000 19.464001 -8.588600
0.120050 -0.128740 0.016679 13.408000 -17.913000 -1.710200
-0.125500 0.018697 0.021203 -5.457600 0.402050 -3.587700
-0.002149 -0.047542 0.137260 4.547000 1.913700 4.665900
0.068176 -0.017689 -0.031726 -11.124000 1.971900 -2.913700
-0.058137 -0.069438 0.088734 5.330400 3.248800 -2.615800
-0.108160 -0.014611 0.336360 -5.143300 1.059400 9.933100
-0.050454 -0.015987 -0.020172 1.815100 -5.548200 2.099900
0.086639 0.088379 -0.014323 6.752400 5.245700 -10.653000
-0.101140 0.042187 -0.050326 -0.111850 3.949800 4.540200
0.008232 0.056520 0.019946 -0.687560 -2.759900 -8.510200
-0.075071 -0.071837 0.030863 -3.303700 -0.892340 -16.039000
0.084915 0.164150 -0.031313 0.395020 4.026400 -0.834520
0.030062 -0.048126 -0.030285 -9.951500 9.563200 10.560000
0.054171 -0.118560 0.019734 -11.437000 -1.856800 8.938300
0.015173 -0.145000 -0.181500 -4.402400 -0.451680 -13.143000
0.009669 -0.005111 -0.009350 -2.923600 5.330500 4.661800
0.013524 -0.043514 0.027538 -11.754000 -0.409660 3.616600
0.078763 -0.049082 -0.084664 18.108000 1.001600 -7.476300
0.132000 -0.166410 -0.385260 4.281300 -7.484700 -9.766100
0.239680 -0.015362 0.001356 -25.017000 8.524900 -12.266000
0.105010 -0.013817 -0.054103 24.180000 -7.520300 -17.777000
0.016194 -0.050802 0.046837 2.306700 -6.982500 14.748000
-0.057587 0.068665 -0.262330 -5.274100 2.250400 9.277200
0.004603 0.071917 -0.151020 -8.910300 9.233800 -2.207500
0.040055 0.019572 0.060199 17.711000 4.498000 13.556000
0.374060 -0.134960 0.354390 2.071900 -2.224400 2.382100
-0.032682 0.046206 0.221410 2.781500 12.300000 8.798800
-0.054387 -0.026913 -0.080198 -3.339400 1.789300 1.479200
0.237440 0.064992 0.128090 23.128000 0.745820 6.388600
0.097373 -0.043151 0.100180 -5.936100 5.679900 2.848700
0.034657 -0.055031 -0.069851 2.161100 9.608000 8.256900
-0.065141 0.022261 0.019216 12.110000 5.032800 1.052500
0.043108 -0.003136 -0.015739 3.890600 -1.638300 0.180530
-0.014274 -0.102740 0.019374 -2.471800 -7.689300 -4.419100
-0.231290 -0.182570 -0.106970 -2.609600 -3.689400 0.362640
0.407230 0.129250 -0.094754 -6.018700 1.898500 -1.282800
-0.029420 -0.021248 0.057813 -11.235000 4.123500 4.713900
0.180780 0.012041 -0.027291 9.193800 -7.760300 -11.687000
-0.106880 0.087163 -0.037301 -6.888300 0.658920 -2.617200
-0.273270 0.062049 -0.383910 3.445600 -1.581800 -0.104360
-0.299230 -0.012632 0.085458 14.853000 -6.567900 -1.783300
