0.065898 0.024662 0.024245 18.669001 -2.887700 5.590500
-0.045237 0.128720 0.078182 2.665800 -16.716000 0.599480
-0.033836 0.020827 -0.035762 6.710900 -5.445600 10.053000
-0.067311 0.097380 0.029552 -11.068000 1.432900 4.440600
-0.074446 -0.417290 0.207100 1.436500 6.917800 -8.752700
1.144500 -1.357600 -0.836400 5.304600 -5.829400 -3.367700
-0.084374 0.052182 -0.002238 8.029500 -6.219900 9.343500
0.051368 0.010273 0.018017 -6.863400 4.868800 -1.850200
-0.072569 0.008924 -0.001809 11.301000 2.105900 -11.074000
0.009215 0.150560 -0.047265 1.333800 -1.688900 0.278180
-0.312060 -0.265750 0.012792 -2.818000 -10.029000 0.878950
-0.058899 0.108820 0.080232 -9.455000 6.319600 4.158600
-0.043963 -0.088473 -0.104250 -10.169000 -20.158001 -16.482000
0.067122 0.006086 0.023166 -0.725180 -1.498800 0.703920
0.109880 0.117920 0.034687 -22.677999 -20.931999 6.434800
-0.071007 -0.159570 -0.057620 -1.272900 -2.542700 -0.467660
0.138030 -0.066335 0.277450 0.468490 -6.766800 6.761300
-0.042602 -0.167070 0.049331 4.706200 0.437670 -8.573300
-1.143800 -0.348240 0.480920 13.318000 4.036900 -4.145500
-0.005473 0.005089 0.021371 11.930000 0.902900 -9.074900
-0.289750 0.021196 0.050850 9.346800 -1.170800 -5.472800
-0.012642 -0.027987 0.041633 13.141000 6.114400 -11.950000
0.302220 0.016116 -0.008779 3.064600 1.313500 -6.050900
0.009083 -0.013212 -0.073526 1.894700 8.108100 -5.296500
-0.184150 -0.135510 0.177950 5.799900 10.311000 -3.891500
-0.017260 -0.054498 0.004661 2.165300 -0.250880 -7.404500
-0.073369 0.027812 -0.028378 8.495900 -1.667400 -12.051000
1.051200 0.145240 0.547000 3.166800 -0.735590 -0.313100
0.073462 0.006601 0.005034 -8.470900 1.772700 3.338900
-0.048272 -0.029376 0.001983 2.093100 -3.223500 -8.581600
-0.109970 0.065462 0.026850 6.211800 0.615300 3.945600
0.101910 0.018029 0.008157 -15.075000 -3.084800 0.210270
0.047771 0.056189 0.004769 -4.871300 -5.090400 4.385100
0.016950 0.002573 0.022386 -0.201690 6.424300 -6.067000
-0.048268 -0.176390 0.046379 5.026600 1.744000 6.066100
0.047313 -0.088126 0.023197 3.481500 -0.553860 -7.123400
-0.028740 0.028350 0.011075 20.577999 -23.169001 -29.632999
-0.021104 0.049990 -0.013415 -4.592700 -11.153000 -1.400300
0.038159 0.054947 0.043402 5.053400 -6.973300 -7.109000
0.029474 -0.029789 0.014852 0.951050 -4.502900 -1.325200
0.221340 0.143690 0.030352 0.376450 -0.842210 1.990500
0.257440 -0.013964 -0.257980 -8.188000 0.406420 9.018000
-0.062678 -0.032572 0.053262 -1.812800 5.240000 -2.047600
-0.040139 0.022513 0.004714 -4.266700 -1.472100 -9.753800
0.016194 -0.050802 0.046837 2.306700 -6.982500 14.748000
-0.027017 0.105700 0.062043 -1.329500 1.025300 12.788000
0.109150 0.075672 -0.122270 4.168300 5.477700 1.398200
0.013041 -0.362460 0.136260 5.771300 1.139500 4.454300
-0.007214 -0.067177 0.021239 -3.163500 1.822800 4.385600
0.112000 -0.098711 -0.083487 -4.204200 -10.642000 -10.297000
-0.194030 0.253400 0.154910 4.061200 -6.791200 -5.572800
0.097980 0.015912 -0.040986 10.282000 -2.503500 -1.484500
0.056511 -0.086298 -0.177230 6.215200 -13.356000 -14.182000
0.044181 -0.051646 0.028493 5.561700 2.067000 -3.680600
-0.052846 0.041485 -0.024802 7.105500 12.160000 -4.780400
-0.000348 -0.083311 -0.009583 -10.953000 -13.864000 -7.673200
-0.013542 0.004826 0.051294 9.450500 -18.990999 -5.332000
-0.001183 -0.202520 0.149130 11.217000 -6.952800 10.087000
-0.025189 0.069730 -0.061550 1.609400 -9.556600 3.149800
-0.013422 0.003719 0.106120 1.722300 7.982800 4.397600
-0.073214 0.013087 0.034615 -3.929500 26.823000 8.708300
-0.069277 -0.132100 -0.035004 2.844800 1.450200 -1.136100
0.107000 0.193290 -0.220700 -12.967000 -21.796000 18.733999
-0.043219 -0.012330 -0.036192 -10.384000 -3.896500 -4.240500
0.325030 -0.203880 0.082189 -17.230000 12.766000 -5.745300
0.150860 -0.145120 -0.285000 9.533400 -9.411600 -21.695999
0.207080 -0.454240 -0.057612 5.645500 -13.296000 -2.610900
-0.028681 -0.054490 0.004497 12.685000 -2.774900 0.068431
0.191880 -0.116860 -0.070505 -1.253700 4.048000 -5.567600
0.077130 -0.070282 -0.036825 -5.385500 -8.585100 -3.336700
0.085028 -0.090700 0.021183 0.782400 5.169700 -0.536480
-0.183060 -0.011089 0.086652 -4.870700 -5.514200 -1.233500
0.006620 -0.119120 0.061969 -5.850900 0.004628 -0.168180
-0.078798 -0.242900 0.122120 14.875000 2.315900 -3.209600
0.000275 0.083521 -0.081076 3.152400 5.419000 13.434000
0.004422 0.069673 -0.027475 -8.989200 -11.511000 -11.357000
-0.124470 0.031591 0.012186 -10.847000 0.872970 -4.334500
0.099813 -0.053585 0.015191 -3.003300 3.692100 1.265500
0.016056 -0.067803 0.004780 -5.394700 20.325001 3.028400
0.088369 0.075083 -0.221970 2.796200 -0.180610 -8.837300
-0.110010 0.013812 0.069639 0.390640 -3.003600 5.274800
0.342850 -0.918470 -0.168040 5.524000 -17.843000 -4.694300
0.079167 0.221780 0.042481 -4.696600 3.916300 12.462000
0.099874 0.062681 -0.025107 6.711200 -3.281200 9.500900
0.040881 0.140840 -0.038357 6.384800 15.241000 -6.601800
1.093000 0.151360 0.396350 0.074032 0.191880 0.173020
-0.001300 -0.110060 0.054998 0.593830 7.789900 1.557500
0.019049 0.076355 -0.076485 -18.047001 10.959000 1.677100
-0.012870 0.003551 0.005673 10.160000 1.130200 -9.430100
0.034961 0.018821 -0.125510 -7.026400 -8.688000 9.972000
-0.113940 0.105460 0.021342 14.271000 0.928350 5.325000
0.105910 0.258020 0.207050 2.719100 10.098000 8.003900
0.008614 -0.064536 0.089168 6.421100 3.067300 1.329200
0.001446 -0.032889 0.033741 0.286110 -2.159300 -2.215400
-0.007404 0.046098 0.033479 -1.611900 -11.777000 1.596900
0.064294 -0.148270 0.100530 -0.953060 2.616800 4.724000
-0.012199 -0.138620 0.043300 7.077300 0.336850 0.887010
0.089159 0.009099 0.083750 2.470300 -2.797400 -1.913100
0.090898 -0.254700 -0.109250 1.094900 -3.612500 1.302300
0.098802 0.031622 0.006780 5.977500 -9.611700 -12.037000
0.259380 0.054712 -0.040850 2.993200 -4.488600 -2.512800
0.057879 0.067677 -0.023599 2.508600 -6.276400 1.538200
-0.181760 0.056969 0.023154 -4.118400 -5.576500 0.070907
0.085312 0.182280 -0.174360 0.599010 2.673100 -5.372500
-0.000596 0.041207 -0.003074 -5.210500 -0.165240 -16.778999
-0.019570 0.061362 -0.004314 -2.917600 -5.276200 7.023100
0.132520 0.031929 -0.029236 8.445600 -9.504100 -3.542800
-0.092993 -0.024295 0.070906 0.312750 8.900500 -4.442600
-0.011602 -0.212490 -0.058264 11.686000 0.646940 2.491200
0.137360 0.091406 0.089647 4.356600 -14.956000 7.848100
0.048046 0.130930 0.067820 -4.167800 1.259800 -2.709600
0.057007 0.023107 -0.030615 8.268000 5.180500 -18.826000
0.138170 0.072314 -0.023948 1.875500 1.223900 -6.624500
-0.179890 0.166440 0.851060 -8.558500 4.070800 34.458000
0.297600 0.004601 0.186200 22.521999 3.838200 17.070000
-0.012090 0.017544 -0.004180 4.879900 11.576000 5.794200
-0.055092 -0.057540 -0.019739 -1.745600 11.422000 4.596600
-0.010460 -0.008863 0.024235 -14.337000 -17.782000 3.777700
-0.011332 0.013784 0.004788 4.123300 2.271900 -26.169001
0.007545 -0.005954 -0.102160 5.779300 -0.213680 10.695000
0.040570 -0.108190 0.200200 -6.096500 -14.035000 -4.579600
-0.023047 0.010060 0.069026 30.172001 -6.987500 -14.989000
-0.008152 -0.007106 0.061421 -10.522000 -9.891900 -22.471001
-0.066382 0.160350 -0.344190 -0.237650 -0.050655 16.360001
-0.012558 0.020010 0.008839 6.152400 -1.775400 -0.577500
-0.267030 -0.126440 -0.083812 -23.646999 -14.940000 -1.343500
-0.064774 -0.031674 0.015998 5.205700 2.496800 3.967300
-0.299460 0.146490 -0.455030 -0.731050 0.278160 2.349300
-0.006997 -0.024064 0.005403 -16.471001 1.700300 20.580999
0.076881 -0.110750 0.040172 5.676000 3.954400 2.821300
0.010922 -0.077383 -0.035654 -8.954500 1.121900 5.557700
-0.048420 -0.123580 -0.166500 -4.197700 -2.113600 1.259300
-0.002391 -0.012838 0.022656 0.617320 -12.082000 4.952100
-0.061338 -0.097575 0.183140 -9.146900 -3.797900 14.663000
0.086583 0.030067 -0.013901 -12.345000 -5.981100 -4.887400
-0.074843 0.022702 -0.094784 10.059000 2.406800 0.841870
-0.214800 0.007230 0.040968 -3.723800 -3.173600 2.319400
0.013854 -0.042568 0.010974 5.899400 -6.749700 -13.614000
0.073267 0.068043 0.084004 -1.959600 1.378600 7.195500
0.074408 0.001622 0.056462 0.096046 -9.283200 2.584300
0.372500 -0.399310 -0.776820 3.955000 -3.293700 -7.965700
-0.157840 -0.062862 -0.044696 -1.432200 -13.921000 -12.470000
0.137230 -0.031056 -0.087459 -7.922800 0.842620 -5.894700
-0.041174 -0.035069 -0.018696 -4.180500 -2.910500 4.800000
0.039046 0.012833 -0.071625 13.830000 -13.366000 15.158000
0.031383 -0.138650 -0.006873 -5.518800 6.594800 -6.113400
-0.020381 0.031609 -0.037035 -4.473400 5.806400 -9.329700
-1.350200 -0.458530 -0.343120 7.161200 1.101000 0.949050
0.018572 0.051316 -0.089227 -3.331800 -13.840000 -8.436800
0.000073 0.064795 0.008844 -9.161700 13.887000 -0.357180
0.091456 0.104900 0.068106 -8.176000 -2.778700 -11.901000
0.231580 -0.155120 0.184560 4.858800 -3.696400 1.907000
-0.028702 0.036722 -0.106420 15.150000 7.862200 1.131800
0.014034 -0.027075 0.097890 -3.119900 -5.719600 10.077000
-0.060518 -0.067008 -0.000521 3.979200 13.646000 -10.295000
0.057909 0.165470 -0.025089 0.547610 -8.952900 0.443160
0.120730 -0.022481 -0.070032 -28.243999 2.673200 9.910500
-0.026271 -0.020173 0.025127 -4.555500 -10.024000 -8.930900
0.024273 0.010003 0.001687 -6.309100 13.517000 -8.433900
-0.107590 0.063435 -0.380270 0.467780 0.868740 1.366600
0.119470 0.016102 0.001104 3.754800 -10.420000 8.098400
-0.030082 -0.034405 -0.023643 -9.858100 -2.664500 5.846500
0.018328 0.035888 -0.058481 -0.527730 -19.246000 -13.159000
0.172540 0.035005 0.004097 -3.974500 -3.170500 -2.537100
0.019488 0.038344 0.032192 7.235000 5.316100 1.373900
-0.040366 -0.023576 0.128710 4.206400 -13.675000 2.029000
0.041486 -0.067152 -0.049625 6.729900 -9.782800 3.376900
-0.069223 -0.075405 0.318720 3.931800 1.422300 -5.521800
-0.107020 0.075135 -0.012378 0.505330 2.230400 0.579450
-0.415070 -0.124810 -0.257340 -19.386000 -7.365700 -14.699000
0.110800 -0.055288 0.004796 -8.750000 8.200200 -0.461990
0.108530 -0.034147 -0.092418 -5.916700 6.607100 -3.568300
0.097295 0.228510 -0.110960 -9.133200 -11.848000 -1.897800
0.056274 -0.025625 0.045164 -5.507500 1.192600 -6.225800
0.072119 0.018049 0.008235 1.920200 10.297000 1.388300
0.040312 -0.019321 0.047230 3.930900 -6.339200 -2.200000
-0.312610 -0.437770 0.084434 1.048700 -2.038000 2.223400
-0.002240 -0.018601 -0.027594 10.676000 6.765700 -7.006700
-0.145460 0.008861 0.601590 -4.025800 -0.794980 12.398000
-0.231980 -0.111760 -0.303190 -3.689700 -0.542590 -4.874000
-0.016622 -0.017887 -0.050273 -3.795200 12.864000 10.994000
-0.297460 0.005756 -0.103200 16.961000 3.616200 2.407200
-0.265150 -0.056028 -0.069397 9.869800 -2.555000 3.886900
0.109200 0.003936 0.003207 -14.544000 4.000700 -15.298000
0.032518 0.048701 0.000240 -1.374200 -8.672600 14.922000
0.037026 -0.018677 -0.061681 19.830000 1.734400 -7.082300
-0.020197 0.058903 -0.030894 0.985750 -3.812200 -7.267200
0.005218 0.197530 -0.057735 2.172100 8.962700 -2.709800
0.119330 -0.070893 -0.006256 -26.596001 2.084900 -5.135800
0.015711 0.110350 0.102750 1.173300 4.554500 8.521400
-0.010810 -0.040359 0.028051 -7.864100 9.888100 -20.566000
0.039526 -0.142170 0.019669 1.979500 2.837200 -6.465000
-0.062202 0.042407 -0.216450 -2.691200 -2.570900 -0.275960
0.068574 0.032711 0.144900 3.720200 2.964600 -16.113001
0.060260 -0.034499 -0.252760 1.664500 -2.621100 15.427000
0.082791 -0.147840 0.038062 -13.527000 5.761300 7.847700
-0.081460 0.017760 0.031150 -0.504480 7.545800 -11.010000
0.080563 -0.110940 -0.004249 2.089900 -11.659000 1.468200
-0.075059 -0.467670 -0.570510 -0.709780 14.083000 11.283000
0.045341 -0.162650 -0.158880 -1.867900 2.158300 3.452900
0.131690 0.031053 0.084967 -7.371300 7.404300 -4.660900
0.018145 -0.041074 -0.002940 -0.954200 -10.320000 -17.579000
-0.045734 -0.082452 -0.395560 -5.992600 -0.831340 4.652800
0.085193 0.076973 -0.031162 -3.633400 2.920100 0.868380
-0.009813 -0.163800 -0.026852 -13.322000 5.900100 3.417100
0.076187 0.437240 0.579570 -4.392900 -16.327999 -21.066999
-0.010590 -0.015867 -0.087034 3.712100 -4.904500 2.035600
0.042786 0.058356 0.164840 9.794200 12.019000 25.736000
0.002826 0.159990 -0.142250 0.978400 4.462700 -12.996000
-0.099548 -0.021038 -0.056689 -3.902900 1.345200 -5.162400
-0.001954 -0.003362 -0.040542 3.325500 -2.783500 14.674000
0.080072 0.101220 -0.064082 -2.052300 -6.585400 -20.268000
-0.044116 -0.160030 -0.033328 2.799000 6.359200 0.688950
0.409830 -0.195670 0.329350 -0.268440 -0.373310 -2.807700
-0.035490 -0.176450 -0.182990 1.992800 7.728400 8.347600
-0.095075 0.238310 -0.098659 6.529600 -3.760500 5.714100
1.001500 0.335950 0.097511 1.679300 2.204000 -0.355850
0.070952 -0.053934 -0.049421 -5.674400 8.292300 0.673570
-0.374830 -0.298240 -0.218020 -7.967300 -4.338600 1.621500
-0.005336 0.070660 -0.169480 12.126000 1.334000 -1.412200
0.000818 0.069760 0.083274 4.815900 -5.176900 -0.500490
0.026799 0.065813 -0.097159 -10.491000 0.990640 -11.916000
0.024884 -0.007891 -0.027392 -8.697800 11.845000 18.573999
0.007220 0.142650 -0.083241 -5.381400 4.765700 10.800000
-0.015883 -0.033056 -0.060824 -0.963870 12.709000 -11.402000
-0.097632 0.032879 -0.058210 5.581900 -8.199100 5.751700
0.001408 -0.105110 0.039497 -5.041100 -9.646100 -2.594900
0.020563 -0.018356 -0.043547 12.099000 0.604920 2.158200
0.038143 0.163070 -0.027757 3.202400 5.869900 -8.283300
0.020432 -0.032409 -0.063287 0.165010 -1.932200 -5.903300
0.021365 0.008293 -0.006477 15.962000 -13.886000 0.798290
0.010626 -0.075711 0.043037 1.996700 -8.811900 6.267100
0.119220 0.128020 -0.055328 6.429700 10.437000 6.017100
-0.026548 -0.037919 0.126510 14.968000 1.449900 -20.267000
-0.068899 0.036175 0.019096 10.820000 5.582100 2.031400
-0.126860 0.048527 0.082764 9.328700 -21.929001 -9.187800
0.003019 0.005537 0.060611 4.061200 8.743600 0.682380
-0.010183 0.046696 0.020313 4.479700 4.452100 10.754000
0.104470 0.064979 0.088860 -0.435080 1.955100 4.294500
0.079841 0.080156 0.084412 0.424490 7.537300 3.932200
-0.040512 -0.026744 -0.134120 2.384600 2.457600 -4.075200
-0.072428 -0.077880 -0.017357 2.005100 23.931999 4.583000
-0.080926 -0.071409 0.015024 1.332700 0.811390 14.245000
-0.006756 -0.030600 0.021144 1.982700 12.274000 -16.719999
0.056405 -0.061094 -0.101170 6.979400 3.217300 -2.534900
0.239740 -0.357630 0.073287 -7.920600 8.929800 1.168000
-0.008044 0.018767 0.025942 4.605200 -22.780001 -10.122000
0.133120 0.025208 0.128230 12.211000 -5.062600 8.182300
0.015785 0.005597 0.034063 2.817600 4.724800 -13.685000
-0.190940 -0.121940 -0.289870 0.342730 -1.192000 5.298800
0.069849 0.015909 0.039333 -1.430600 -25.528999 -7.660600
-0.108790 0.300210 -0.111120 -6.397600 10.562000 -5.889400
0.131620 -0.201660 -0.042751 -2.353700 14.846000 5.148600
0.082756 0.369990 -0.229060 -1.725400 -12.695000 5.187200
-0.025660 0.024805 0.008464 -4.588800 8.535100 -19.160000
0.022140 0.066100 -0.045715 -4.100900 11.007000 3.241500
-0.003581 -0.115500 0.000980 -3.818600 -2.091700 2.796800
-0.224130 0.237370 0.095096 1.211600 9.008600 2.335700
0.093240 0.218800 0.136260 4.830100 4.177500 -2.647500
0.322130 -0.093382 -0.089072 15.662000 -8.085700 2.519200
0.129540 0.068573 -0.033749 -7.794800 -8.169700 2.485700
0.018211 0.022905 0.001283 -6.395400 9.096800 -6.978000
-0.016864 0.018548 0.010517 18.523001 -18.132999 3.199300
-0.045942 -0.002097 -0.083299 -5.175600 8.886000 -4.767900
-0.036962 0.104410 0.022443 -1.007200 0.764570 -1.973400
0.036074 0.069107 -0.003517 9.697100 14.402000 9.516200
0.471270 -0.712470 0.035098 19.523001 -23.944000 3.204300
0.137080 0.010052 0.015458 3.486900 0.370270 5.082700
-0.034923 0.002489 0.001431 -4.892100 0.672550 6.685900
0.097566 -0.041955 -0.115060 1.845400 -9.202000 -6.882600
0.109080 -0.340120 0.071116 3.922900 -15.126000 7.975900
0.094182 0.375080 0.219220 -7.744300 11.033000 3.365500
0.197690 -0.037108 0.217460 -6.033600 1.186000 -5.619600
0.247970 -0.168410 -0.075390 -16.627001 3.793100 4.855600
0.097108 -0.029671 0.069973 0.620890 8.265200 -7.040100
0.124920 -0.002313 -0.104130 15.202000 -0.716470 -13.678000
0.119360 0.024934 0.016995 15.812000 10.383000 3.143900
-0.217160 -0.090012 0.025671 2.687800 -8.825800 6.603100
-0.037656 0.021400 -0.005428 -10.062000 -3.565800 -12.354000
-0.120160 -0.047090 0.000274 -12.908000 -15.024000 -3.975400
0.041371 -0.010500 0.075418 6.399900 -6.720700 -2.042500
0.034899 0.015169 0.078070 14.513000 16.346001 4.184600
-0.030198 -0.041667 0.024936 10.497000 15.888000 3.647300
0.083294 -0.143450 -0.036665 1.921600 -4.445400 -5.889300
0.011031 -0.024275 -0.010851 -19.868000 0.053830 -3.644500
0.099916 -0.035568 0.156470 0.537200 -2.132400 7.032400
0.001753 -0.010146 0.081491 -0.456460 0.919300 -1.544900
0.024582 -0.378800 -0.035559 -3.573200 14.270000 -1.447600
-0.013393 0.072326 -0.001251 4.404000 -2.682900 0.335480
0.227190 0.117750 0.155640 -5.739500 -0.605170 -3.020400
0.055415 0.015617 -0.120680 6.745600 0.360990 -11.664000
0.104910 0.223700 0.185670 10.138000 7.326300 0.244370
-0.019750 -0.344760 0.022898 -1.380600 6.805100 -4.307600
-0.628520 0.208460 0.030872 -5.282900 -2.775200 1.489500
-0.061350 0.021569 0.067137 -1.857400 -6.001200 -0.401990
0.043298 0.057539 -0.189320 1.914100 -12.384000 19.216000
-0.059361 0.003876 0.041125 -16.538000 3.405500 22.566999
0.031856 0.055479 0.128520 7.071200 0.709700 8.355200
-0.097902 -0.121470 -0.039075 -5.739600 -11.359000 1.913100
0.167210 -0.216810 -0.016917 7.946600 -14.271000 -0.069352
-0.108430 0.018385 0.013742 11.597000 -7.625200 1.093700
-0.184280 -0.238380 -0.076348 10.411000 12.243000 2.468700
0.060157 0.045343 0.052020 6.451200 5.569500 9.910900
-0.030670 -0.039922 -0.040728 7.292800 -21.322001 -16.402000
0.091419 0.047409 0.001458 13.923000 8.124500 -4.139300
0.085472 -0.186670 -0.054569 -0.239290 0.797280 3.581500
-0.000393 -0.040573 -0.047012 -8.544800 -5.812600 6.490700
0.006582 -0.171720 0.008620 -10.118000 7.985900 8.908800
0.078358 -0.287410 -0.178800 3.005100 -6.752100 4.362700
-0.082549 0.082864 0.020121 16.716999 -17.538000 -6.722200
-0.141040 0.048881 0.001483 -9.932400 11.572000 3.039600
0.042766 -0.128910 -0.037264 -3.128600 27.740000 11.706000
-0.031176 -0.157620 -0.063264 -4.792800 -10.259000 -6.421800
0.050465 -0.074230 0.030415 1.117200 -13.337000 -3.907500
-0.079163 0.016328 -0.029455 -2.614200 6.235200 -4.181200
0.581680 0.342030 -0.823290 -14.565000 -7.752000 21.341000
0.025947 0.015660 0.120560 11.294000 0.246190 5.341800
-0.032971 0.120140 0.107410 -1.376800 -9.086700 -5.558700
0.021139 0.101430 -0.046110 -3.142500 1.173700 10.580000
-0.058161 -0.041834 0.001143 -10.359000 -16.969000 16.500000
0.034535 -0.057079 -0.058073 4.817200 -3.226000 -1.971200
-0.070143 0.094048 -0.015132 -0.551420 12.587000 -1.981900
0.010566 -0.060977 -0.020330 3.539100 6.711900 -12.610000
-0.143470 -0.039321 0.013430 0.987240 8.950500 -1.467400
-0.054364 0.039212 -0.018820 -20.823999 6.953000 -1.511000
0.237440 0.064992 0.128090 23.128000 0.745820 6.388600
-0.044268 -0.084113 0.110540 2.557800 -2.938500 -9.420300
-0.008468 -0.021356 0.012054 6.665700 6.389400 -1.079700
0.026680 0.023087 -0.120750 -3.878800 -5.207100 -2.118900
-0.091238 0.131870 0.146570 0.061566 -0.287950 0.006584
-0.071779 0.010033 -0.019441 2.058700 3.650100 -5.344200
0.124600 -0.196020 -0.106010 1.271500 -2.264700 -0.848710
-0.223620 -0.041279 -0.008558 8.981200 2.521900 -1.334300
-0.246630 0.084212 -0.077358 -0.656120 1.453500 3.418800
0.012737 -0.081462 0.281380 -1.039100 3.165500 -21.742001
0.113730 0.060818 -0.176910 -3.989300 -4.871200 20.959999
0.083047 -0.041983 -0.055650 -3.679600 -2.937400 -1.191900
0.062415 0.140140 0.004104 11.812000 14.618000 -10.470000
0.046279 -0.379680 -0.041208 1.178800 -12.886000 -2.774400
0.006962 -0.079622 -0.078884 -6.074300 -2.239300 -9.827400
0.098336 -0.070424 -0.126460 1.324400 -1.483400 0.625610
0.017811 0.046386 0.049023 -24.371000 -22.478001 -21.611000
-0.114100 -0.028356 -0.063837 -11.697000 4.653700 1.150500
0.042696 0.024075 -0.008042 -6.064900 6.997700 -13.477000
0.017899 0.223830 0.074453 5.630200 1.242400 0.799140
-0.093062 0.050136 -0.003151 2.737400 5.285300 4.524000
0.018130 -0.272280 0.167180 2.336800 -9.607600 4.489400
0.044485 -0.056046 0.003990 -0.486680 -1.849000 -0.306720
0.018136 -0.041131 -0.069204 2.251800 4.950100 2.347300
-0.124590 0.011750 -0.087853 -7.624800 -4.479600 0.822340
0.045015 0.104500 -0.102070 4.363100 -3.776200 -11.796000
0.095841 -0.022246 -0.010175 -1.955800 4.379800 4.744400
-0.002629 -0.114040 -0.019674 -0.452520 -1.401100 0.472750
-0.009788 0.094494 -0.046470 1.935000 2.335300 -3.568500
-0.116290 -0.113900 -0.045110 -1.737400 -5.266400 -0.966020
0.043260 -0.025792 -0.082850 3.304700 -13.823000 3.598700
0.054273 -0.017050 -0.035000 5.538400 -3.139200 -0.093170
0.096560 0.114170 -0.046716 5.607500 2.861400 -7.394400
0.034595 0.014967 -0.056195 -3.275100 -7.280200 -0.077238
0.261040 0.141410 0.083027 -12.530000 -5.020900 -5.931300
-0.056071 -0.034085 0.010910 4.282200 8.558000 2.707500
0.077025 0.140220 0.024631 -0.350210 -7.792100 -17.995001
-0.110770 0.040075 -0.244780 -3.291200 -4.276800 1.875900
0.000283 0.013959 0.024487 -7.548100 -1.504400 1.038500
-0.023665 -0.089964 0.045475 6.884700 -9.382500 -1.489000
-0.100980 0.079446 -0.074679 -7.902500 2.282100 5.505300
-0.320430 -0.323030 -0.129500 -8.836300 -7.081600 -4.926800
-0.022511 -0.064978 0.006837 20.181999 -13.123000 1.118000
0.077578 -0.145590 -0.065737 -3.576900 1.322200 -2.349600
-0.171290 -0.020139 -0.044463 1.847100 5.028400 6.796800
-0.101720 0.131320 -0.007567 9.116900 1.408800 0.350750
0.102280 -0.036550 -0.069902 -2.117100 -2.242800 -7.905500
-0.005996 0.131300 -0.034075 11.241000 -19.638000 3.117200
0.208500 -0.051682 0.136140 -9.960400 -4.963300 -12.054000
-0.001395 0.008593 0.001010 -6.893400 -5.168400 6.840900
-0.148770 -0.088505 0.012037 -38.390999 -5.425700 2.634700
-0.047323 0.081142 -0.074089 -8.537600 -6.911600 -13.703000
0.019403 0.063589 -0.022411 -0.492240 -0.824700 -15.601000
-0.023438 -0.009533 0.026287 -20.393999 -16.163000 -18.704000
-0.328820 0.164330 0.164070 -16.535000 8.762900 3.462300
0.009392 -0.047421 0.054652 -1.215000 -5.877200 6.489200
-0.090012 0.209130 -0.135030 1.340800 3.942600 3.556400
-0.066684 0.050875 -0.006805 1.980800 -12.062000 9.413200
-0.089358 -0.082793 -0.094673 5.850700 18.898001 28.736000
-0.017791 -0.004259 -0.003813 12.360000 -11.866000 16.858999
-0.035861 0.070584 -0.010224 3.816600 1.462700 8.168200
0.094423 0.087106 -0.003993 0.503330 7.219800 -19.364000
-0.123060 0.023522 0.002894 0.986450 -13.358000 4.129500
0.093018 -0.130460 0.008919 -1.597900 -9.004100 -4.125400
-0.005264 -0.081466 0.011424 -1.031600 -0.365720 -10.337000
0.055748 -0.058293 -0.078640 -9.320200 2.026900 -20.181000
-0.010374 -0.002308 -0.102330 13.511000 -0.152360 -3.568000
0.063277 -0.014532 0.036078 14.445000 -5.843000 4.236800
0.004624 -0.036354 0.060783 -3.731700 3.220000 -3.985000
0.012017 0.001720 -0.006913 -5.934900 -9.544900 -14.730000
0.171630 -0.128450 0.056309 2.287400 10.528000 0.062456
0.074774 0.075570 0.023635 -8.372400 9.203000 -2.631700
-0.022943 -0.060745 -0.056104 -6.436000 -2.085300 -7.589000
0.083841 -0.311860 0.090331 -7.090400 15.945000 1.702700
-0.068917 -0.069737 0.149660 -4.883400 -9.392200 -3.183000
-0.027148 -0.045823 0.060401 -8.775200 -3.393600 -10.740000
-0.074159 -0.016534 -0.069852 -11.923000 -10.205000 -6.632400
0.366900 0.736970 0.011198 0.353830 4.898300 -1.912500
0.050149 -0.048966 0.082615 10.921000 -14.086000 -4.916700
-0.087350 -0.148600 0.003790 1.645600 5.535200 11.947000
-0.026226 0.083427 0.018735 -7.248800 -1.965400 8.787300
-0.012556 -0.088433 0.030136 1.727700 17.885000 -19.177999
0.069990 -0.425230 0.068475 -6.764100 -0.378290 1.279300
0.146870 -0.134370 0.092052 -17.938999 12.509000 -7.911300
0.071767 0.238060 -0.069807 4.148100 17.704000 -7.986700
0.084783 0.021652 0.054172 13.971000 -2.852500 13.182000
-0.250690 0.610080 0.725310 2.726100 -7.815700 -6.257500
0.071547 -0.062675 -0.047966 0.538370 -5.711400 -14.837000
-0.017157 -0.051385 -0.171050 -2.439700 0.194720 -21.445000
0.018632 -0.085820 -0.046080 1.060800 19.510000 19.636000
-0.022878 -0.188210 0.057019 5.256500 1.456100 -4.631800
-0.078156 -0.046829 -0.015245 7.989300 -5.840100 1.133400
-0.006786 0.001969 -0.052230 3.836200 -0.494520 -1.222500
-0.032322 -0.095855 -0.032282 2.015900 0.900200 -2.077800
0.047368 -0.010900 0.005353 7.991700 0.768510 11.297000
-0.071966 -0.007018 0.055334 -0.440600 14.275000 -6.394800
-0.172850 0.014774 0.182880 3.762300 1.145100 -10.626000
-0.097658 0.091179 -0.012491 8.224100 -6.782000 9.804000
-0.033377 0.050926 0.024755 -1.644000 -6.319500 -1.401800
-0.004785 -0.077049 -0.017706 -0.682330 2.960400 2.500800
-0.184540 0.134420 0.133280 9.561900 1.300100 -10.129000
0.154360 0.052391 0.127260 -5.950800 1.019800 6.830000
0.009705 -0.123130 0.052673 6.003700 -6.110000 3.175600
0.071777 -0.087703 -0.013349 21.219000 -14.395000 -0.509560
-0.061797 0.381040 0.118580 3.695700 -0.607150 -1.573700
0.006420 0.014244 -0.090088 -6.727800 -0.712230 4.954000
0.115700 -0.128940 -0.041904 -7.124600 10.634000 0.508900
-0.049189 -0.079977 0.023146 3.862600 -10.374000 2.378400
0.243510 -0.238930 0.082196 10.809000 -5.758000 -4.085800
-0.057096 -0.012566 0.020331 -5.892300 8.417100 1.757100
-0.076981 -0.026213 -0.151520 -2.614500 3.601800 2.803500
0.019489 -0.152740 0.049442 2.365500 7.474500 6.680700
-0.098826 0.022453 -0.084053 14.484000 -1.897300 1.761700
0.061578 -0.011024 0.107310 -2.836200 -10.390000 -2.789000
0.176960 -0.075518 0.147340 -1.690700 -4.348300 0.361120
-0.000988 0.034812 -0.044388 2.960700 -9.309500 -12.284000
-0.247670 -0.160010 0.322310 -4.432900 8.245600 -3.834400
-0.049917 -0.182350 -0.086122 -2.703400 3.338800 0.985670
0.009004 -0.002004 0.012808 -4.426300 2.650400 -20.228001
-0.054092 0.013288 -0.003831 -1.318500 -7.899000 -13.867000
0.066347 0.058864 -0.088819 0.553270 3.302700 11.291000
0.032611 -0.296090 0.301960 4.546600 -12.505000 11.188000
0.079238 -0.033361 0.044569 -7.921900 -8.311900 10.186000
0.058149 -0.037159 -0.064018 7.299800 -0.502310 5.349300
0.003208 -0.148370 -0.041178 4.687300 -2.024100 -9.853600
0.025911 0.019995 0.292350 1.162800 1.936500 -2.351000
-0.277190 0.568730 0.246470 4.245900 -9.351200 -1.885800
0.125260 -0.081073 0.042752 -0.658190 -5.241000 -6.030200
-0.011401 0.064424 0.019952 -5.093000 2.633500 8.209500
-0.013164 -0.005877 -0.024976 2.010200 11.612000 -3.623500
0.026252 -0.010212 0.063614 -5.360800 5.681900 4.711800
0.006276 -0.018129 0.035307 -7.303300 1.253700 5.948100
0.003586 0.031657 -0.019375 5.803700 26.983000 10.452000
0.550660 0.128020 -0.541000 1.731900 -0.097346 -0.415980
0.081398 -0.001737 0.065665 6.864200 0.154300 -3.292600
-0.036003 0.003628 -0.019915 -8.482000 0.435170 3.297800
-0.070246 -0.040874 0.092870 15.456000 -0.841140 -26.136000
-0.016607 0.019951 0.016404 -11.054000 2.070900 -10.023000
-0.013665 -0.113300 0.145700 -2.350700 1.250500 -4.747600
0.027416 0.184780 0.062182 -5.367100 -14.298000 -12.229000
0.277680 0.051294 -0.002848 -13.234000 -9.982100 -0.893820
-0.155180 -0.001812 0.032817 2.749400 1.328100 -4.582000
0.062263 -0.069314 0.023445 10.903000 -13.414000 -6.640900
-0.021884 -0.041604 -0.047823 0.513770 0.233130 16.798000
-0.097077 0.051447 0.105170 2.367100 -0.121710 1.863500
-0.085561 0.051716 0.011501 -3.551800 10.306000 -2.199600
0.062090 0.090357 0.148270 -11.463000 -1.522100 -14.851000
0.078602 -0.041927 -0.002059 18.200001 6.788100 -7.944500
0.000941 0.059138 0.043513 3.498900 -3.629500 -3.525800
0.158600 -0.256310 -0.195270 3.362100 0.013058 -2.739300
0.041139 -0.044809 0.004003 -7.502200 1.249200 6.755300
-0.212010 -0.218180 0.145410 -4.975000 -4.171200 12.087000
0.086070 0.068151 0.111380 0.170690 2.039500 3.610900
0.079033 0.069303 0.187820 11.413000 3.028200 13.441000
-0.044779 0.041550 0.298740 3.394000 -2.063100 -19.718000
0.017000 0.016076 0.001226 5.551200 -5.836400 -4.916500
-0.017511 -0.018412 0.066213 8.416000 4.149300 -12.369000
-0.092257 -0.267300 -0.105200 1.220500 -17.811001 -4.223600
0.026529 0.005892 0.112790 0.537480 1.907500 -1.331000
0.042306 0.094717 0.217120 -13.057000 -10.671000 -21.594999
0.011666 0.054859 -0.018181 6.316800 8.115100 -8.154600
0.010798 0.058098 0.002941 6.968700 6.174700 5.622100
-0.128520 -0.068537 0.208620 8.607000 6.929600 -19.780001
3.089800 -5.581900 -3.422400 1.161100 -2.037300 -1.373500
-0.246540 -0.060957 0.678800 4.108600 6.422200 -9.357100
0.004643 0.024175 0.012799 23.834000 -8.097500 -6.842800
0.035542 0.025219 -0.148170 5.349900 -1.812800 -9.415900
-0.017847 0.143070 0.119620 3.481400 -5.656200 3.626800
-0.186540 -0.082371 -0.090616 -11.197000 -6.235200 5.123700
0.296790 -0.121420 0.247680 4.354400 5.191400 -1.183100
0.042329 -0.131500 0.098018 -2.583300 -0.870590 -9.446900
0.193620 0.182620 -0.182080 5.390400 3.784000 -3.057600
-0.013447 0.052216 0.009432 4.745300 -12.166000 -10.469000
0.071398 -0.003617 0.068439 11.967000 -1.611100 1.484500
0.017653 -0.076561 -0.108190 2.040900 -13.083000 -0.596310
-0.005067 -0.000968 -0.030000 3.693300 -11.108000 -10.552000
-0.005471 -0.113420 -0.054089 1.233700 8.157200 0.108500
0.087337 0.040952 0.019850 -4.069100 5.888300 1.175100
-0.174890 0.328660 -0.428400 -2.901000 3.153600 -2.981700
0.024991 -0.099338 -0.036041 3.251400 13.416000 20.025999
-0.085734 -0.034603 -0.005258 21.976999 -20.938999 12.827000
-0.058859 -0.083279 0.036756 -1.874500 -7.156700 2.193300
0.075538 0.213690 -0.118310 -0.758630 15.867000 -0.825240
0.031828 -0.070180 -0.075521 -2.975700 -14.153000 -1.985600
-0.034329 0.131060 0.092315 6.565300 -7.422300 5.269600
0.010089 -0.031593 0.014509 -3.432700 7.077400 0.326480
-0.070683 0.066832 -0.052009 27.671000 1.957700 -3.219400
0.007562 0.075535 0.039664 3.895500 13.520000 1.998600
0.021008 -0.012816 -0.025165 2.683000 -9.360700 8.150700
-0.018046 0.061638 0.092299 2.321500 -5.341300 -12.772000
0.069982 0.019266 -0.011771 -5.361600 9.289100 1.824200
-0.092507 -0.002437 0.016131 10.134000 16.112000 7.780700
-0.028277 -0.026934 -0.010910 6.096400 -3.001100 -4.347200
-0.013203 -0.031182 -0.003625 -10.746000 -2.029900 -4.843100
-0.021846 -0.071280 -0.058728 3.689600 8.337500 0.680470
0.029797 -0.065935 0.008997 1.481200 -1.432300 -7.930700
-0.010495 -0.027841 -0.022444 -4.944400 -6.234700 -15.456000
-0.124900 -0.189640 -0.057471 -5.228800 -11.192000 -6.250100
0.057490 -0.056806 0.048066 -3.727900 6.920600 -4.944800
0.087262 0.014562 -0.030573 -4.073900 4.291500 -0.402880
-0.052766 0.024829 -0.211920 -4.928400 12.496000 -21.583000
-0.178320 0.085176 -0.386360 1.535400 1.022300 -0.314340
0.007878 0.112070 -0.101330 6.387800 -19.573999 6.679200
-0.099132 -0.155300 0.040655 13.175000 5.405100 -0.951110
-0.170410 -0.170030 0.134600 -2.267300 4.482900 -2.508000
0.039399 -0.146490 -0.047976 5.717500 -17.830999 -6.604400
0.082561 -0.179170 -0.009692 -14.359000 10.520000 10.201000
-0.032372 0.072960 -0.111600 12.101000 21.184000 4.620900
0.048449 -0.080335 0.061727 1.224200 6.778400 3.908400
-0.000500 -0.016183 -0.079496 -2.418300 -1.801900 -5.550900
0.004272 -0.084907 0.010641 6.072100 9.843000 -1.941000
-0.068431 0.025294 0.093141 6.753900 8.984200 3.807700
0.341340 0.284280 -0.137850 -14.366000 -10.148000 6.237200
-0.236340 -0.397210 -0.248890 -6.192600 -6.826300 -8.042800
-0.045310 -0.108520 0.203160 3.886900 1.241100 -5.864200
-0.056927 -0.100670 0.173970 4.490800 -1.188300 0.343990
0.415040 -0.189350 -0.229320 6.252500 -9.108200 -5.177800
0.012516 0.131470 -0.148740 6.364400 -5.469600 6.274600
-0.001672 -0.000154 0.091862 -2.797800 11.093000 4.479300
0.074711 0.030529 0.322450 1.413600 0.358190 -11.072000
0.029515 -0.042428 0.040334 1.278500 -17.155001 11.109000
0.014793 0.047972 -0.045018 7.384500 -0.717550 0.604860
0.016984 -0.123400 -0.108850 -3.515400 -1.521900 -1.581400
-0.054902 0.036302 0.055376 -2.220600 11.366000 -11.485000
0.011028 -0.029941 0.013201 4.982900 -13.905000 6.673600
0.062207 -0.045138 0.030093 3.870400 -1.680400 -0.844480
-0.030146 0.011279 0.009250 -5.310800 2.680500 11.882000
-0.145740 0.123430 0.102720 9.691000 -8.568900 -6.734200
-0.147950 -0.069365 -0.098809 10.024000 0.126330 5.784400
0.070548 -0.003155 -0.048670 11.510000 6.518500 -8.458700
-0.166620 -0.579420 -0.187400 -0.345720 -4.328000 -1.491600
0.022147 -0.000389 -0.045766 1.694500 -8.000600 -27.695000
-0.034407 -0.032921 0.108740 -4.945700 6.634600 3.266800
0.004860 -0.077112 0.132140 1.990900 8.347000 -11.059000
0.015881 0.022791 -0.058737 1.462900 -4.130300 9.124000
0.082043 -0.027697 -0.011458 1.937500 -7.723300 -6.380300
0.466510 0.256650 0.217810 -2.215500 -3.422500 -0.075521
0.013263 -0.012543 0.027430 7.686900 -11.590000 1.192400
0.058587 0.453260 -0.529110 -1.496100 -10.294000 10.152000
0.057270 0.071294 -0.140310 -5.316300 2.574900 3.214300
0.072584 -0.044696 -0.038640 19.466000 0.563490 2.687400
0.027885 -0.038683 0.056297 18.309999 6.873100 2.426100
-0.007089 -0.064909 -0.067026 -6.587500 -7.553800 6.320400
-0.326650 0.292560 -0.034118 -7.026900 10.961000 6.622100
0.023686 -0.005136 0.015431 -9.821200 -8.630400 1.440900
0.047029 -0.017914 -0.006303 10.040000 1.487100 -4.636100
-0.272130 0.246760 -0.876100 0.158340 3.261800 -7.445100
0.101480 0.011159 -0.149870 3.804100 0.211080 -2.315000
0.020559 0.040427 0.068342 8.611300 12.052000 3.160400
0.186130 -0.110230 0.128320 8.784800 -12.390000 8.787500
-0.023729 -0.498200 0.217550 0.984680 -25.544001 11.643000
-0.014942 0.039955 0.013071 -1.118500 -2.378800 -25.253000
-0.020412 0.212090 0.087158 0.751160 -9.800800 2.077700
0.044223 0.003035 0.043424 -1.960300 1.981400 -8.225600
0.162200 -0.100680 0.001567 5.159800 -0.939000 0.553610
0.113710 0.372110 -0.979830 -1.381700 5.539200 -14.420000
0.007945 -0.004386 -0.006920 -2.189200 1.920300 -13.994000
0.110600 0.030398 0.044138 19.268000 2.582500 10.216000
0.026913 -0.000091 -0.010586 7.747700 12.382000 -8.242900
0.113750 -0.110200 0.045247 -1.286300 -0.448260 3.574100
-0.113530 -0.015937 -0.033255 -5.125000 -1.715800 -3.632400
-0.092256 0.070670 0.012055 -6.076500 -1.669900 -7.454000
0.035714 -0.033499 -0.055028 -6.993800 -5.852600 6.116200
-0.091140 -0.056469 -0.000676 -0.673100 4.558300 -14.711000
0.008884 0.032896 0.042158 7.095500 4.913700 6.558000
0.026580 0.004055 -0.002817 -11.309000 10.343000 0.973150
0.099098 0.051717 0.069490 4.257400 3.113700 -6.061400
0.424650 -0.148410 0.165860 -8.929900 -1.833100 -5.487300
0.083090 -0.291550 0.042928 -10.770000 17.576000 -0.798080
0.060000 -0.242350 0.020241 3.498100 6.505000 -4.431700
-0.015700 0.006372 -0.048932 -9.275900 -10.642000 4.949700
-0.017154 0.028848 -0.019805 5.231300 -3.469900 7.488300
0.167730 -0.018601 -0.237770 -11.498000 10.323000 -3.633000
-0.100110 0.013700 -0.148020 12.865000 6.381300 14.448000
-0.023664 0.087447 -0.320050 -2.185000 -3.511200 6.114100
-0.050484 0.073379 -0.038253 -2.975800 2.618200 4.403600
-0.015822 -0.104950 0.197120 1.233800 -16.679001 18.944000
0.004721 0.024990 -0.058413 -3.660400 -16.823999 3.753600
0.112780 -0.003105 0.027916 -21.917999 7.921400 6.840900
-0.367020 0.145160 -0.007683 5.218500 -0.232810 2.463900
0.074370 0.053903 0.049674 6.607200 -4.920200 -4.359900
-0.041660 -0.046893 0.128310 5.108700 1.715500 -14.735000
-0.003835 -0.025906 -0.040789 15.208000 1.051400 -8.475200
0.055879 -0.233860 -0.151070 3.936900 11.392000 2.442900
-0.045745 0.045418 -0.000273 18.613001 5.715000 -12.773000
-0.107990 -0.028495 -0.124650 1.927100 -2.029900 8.084600
0.136190 -0.045172 -0.083898 -4.076900 -1.433900 3.011100
0.056881 -0.100590 -0.066477 -4.037400 30.148001 18.809999
-0.080394 -0.033785 -0.108100 1.575000 3.433700 9.087300
0.025574 0.111960 -0.015996 2.366400 17.218000 -2.094000
-0.080188 0.025330 0.199140 -5.879400 7.419600 4.662400
0.097452 0.065743 -0.032812 6.122400 2.594700 -1.800800
-0.054800 -0.067778 0.097811 -3.242200 -7.420600 10.934000
-0.201560 -0.020020 -0.069474 14.581000 2.984400 6.086200
-0.071890 -0.001422 -0.068113 -5.750200 -7.408600 -30.933001
-0.103450 -0.068352 0.088153 1.741100 -1.837700 -1.975600
-0.177460 -0.025919 0.030672 9.344300 -3.535600 -6.507100
-0.001438 0.005190 -0.005109 -9.021100 5.473300 15.104000
0.060095 -0.038515 -0.081454 11.272000 -4.614700 -6.914500
-0.012157 0.020941 0.032521 -3.838900 13.547000 13.359000
0.089499 0.007610 0.088698 4.113600 0.813810 -7.815400
0.046400 0.066246 -0.013521 -2.297200 0.216080 -1.656700
-0.045168 -0.003076 0.095622 1.429500 7.240300 8.475300
0.025242 -0.044532 -0.201700 -2.999200 7.413100 -4.453000
-0.114290 0.005976 0.082356 4.910800 2.646200 -7.300300
0.137800 -0.096796 -0.341080 4.258300 5.765700 -2.331100
0.033590 -0.006323 -0.028402 14.667000 -8.847200 -5.619900
0.181930 0.199970 -0.099958 7.243600 13.318000 -7.001500
-0.106840 -0.046219 -0.241650 -0.701400 -4.015100 -9.518300
-0.037782 0.012347 -0.011486 -4.328100 -7.605400 9.826100
0.085102 -0.004667 -0.202390 -3.208900 7.612600 4.095500
0.027005 0.157590 -0.050622 2.771400 2.285200 -1.945200
0.089715 -0.145640 0.003629 7.113100 -1.732500 -1.460700
-0.020512 -0.028072 -0.022482 -5.044500 12.657000 2.989500
0.042602 -0.086577 0.064036 2.328800 24.391001 -4.723300
0.089757 -0.040504 -0.101340 7.492100 4.751500 -2.313900
0.073145 -0.001326 0.140210 12.841000 -4.782500 6.447500
0.090304 -0.043517 -0.125990 7.313700 -0.083863 -3.878400
0.005734 -0.037649 0.006805 -11.719000 -3.076200 -2.979900
0.092391 0.235310 0.289990 4.534700 2.038600 2.747900
-0.065138 0.003033 -0.057494 10.004000 -5.033400 4.840100
0.077100 0.059247 -0.053078 1.065400 -15.458000 -0.962220
0.083521 -0.007270 -0.101480 22.264000 7.663300 -3.085000
-0.052175 -0.400730 -0.099328 1.846300 -15.117000 -3.915600
-0.031172 -0.018798 0.379210 -0.076417 0.892750 -5.330700
-0.064728 0.091393 -0.037155 5.303300 -8.621500 -2.598300
0.010803 0.098591 0.054984 0.261810 -4.861800 -0.266380
-0.006109 0.098838 0.003200 -2.263700 14.636000 14.717000
0.119100 -0.040401 -0.080597 -0.155970 2.513200 -4.595800
-0.202320 0.271790 -0.092657 4.350600 -4.352200 -7.966500
0.002429 -0.060271 -0.036557 4.776200 -6.784700 -7.062300
-0.113490 0.209040 -0.203680 3.084800 -19.938000 0.995850
0.140650 0.258070 -0.079767 1.325200 -1.365500 2.366500
0.033518 -0.070693 0.023497 -2.955300 5.786500 -1.166300
-0.016358 0.032765 0.026674 -8.766600 2.843600 7.324800
-0.029402 0.247260 -0.050004 -3.375100 -5.158100 0.172840
0.244180 -0.142530 -0.225210 13.220000 -8.462100 -6.159800
0.136510 -0.044421 -0.098985 2.420000 2.518500 -0.634270
-0.024324 0.037380 -0.011584 -7.110200 5.036600 -10.703000
-0.036382 0.196150 0.431400 -0.222360 3.453600 2.048200
-0.005410 0.050691 0.008625 -6.102100 -11.727000 -3.279600
-0.018835 0.015261 -0.051170 9.544500 -0.623210 -9.461900
-0.041818 -0.053175 -0.146160 0.847200 -7.467700 5.807500
-0.033773 -0.087455 0.056324 -19.549999 -24.139000 17.754999
0.046949 0.331820 0.209240 1.378700 1.283000 0.724720
0.055925 0.016461 0.019678 9.522100 -24.898001 15.759000
-0.091071 -0.059027 -0.306730 -4.561200 -1.353600 -16.622999
-0.053672 -0.316330 0.167610 2.035800 -8.517700 7.435600
-0.140150 0.037808 0.089986 -16.714001 0.645580 19.395000
0.171610 0.142340 0.027608 7.871300 4.571700 -3.786300
0.106280 0.036694 -0.085295 6.070700 -6.683700 -5.719600
0.035278 0.054075 -0.027158 -22.458000 -35.556999 -0.048728
-0.006729 0.067428 -0.003446 9.128100 -4.954800 16.722000
-0.012246 -0.078299 -0.006613 -2.712500 -7.114000 -8.347800
-0.015680 0.002608 -0.039451 -6.084400 -15.551000 -3.637000
0.008459 0.074544 -0.079858 -2.046100 -7.221800 7.753700
0.146530 -0.023917 -0.074170 5.281300 6.869600 -3.565500
0.059031 0.066089 0.058335 -9.989800 -3.563500 10.383000
0.262740 -0.094771 -0.047809 3.772300 -1.397500 4.638600
0.089249 0.042541 -0.052287 6.598300 5.654100 14.014000
0.043151 -0.027714 -0.093374 -4.232200 -1.931700 3.059800
-0.223220 -0.210120 0.083157 -5.215700 -5.742500 7.595500
-0.142560 -0.358230 0.604760 3.571700 1.944600 -7.222000
-0.025447 -0.117780 -0.013715 3.770900 6.861700 -7.971800
-0.522160 0.017745 0.326770 10.734000 -1.320000 -7.854800
-0.067740 -0.037078 0.057671 7.168300 -10.623000 2.251000
-0.000423 0.047015 0.199340 -0.051258 6.636300 8.867600
0.009736 -0.149140 -0.062430 3.245000 1.278400 0.090023
-0.010130 0.007097 -0.011780 -5.151100 15.332000 -5.706600
-0.047964 0.003352 -0.008058 -7.532100 -4.160800 -15.486000
-0.092941 -0.072701 0.015177 -2.177400 -5.456800 -0.861160
0.140470 -0.105470 -0.036495 -8.582600 -3.678700 -2.201300
0.107140 0.200090 -0.182530 2.306400 7.150300 -6.987500
0.020761 -0.046604 0.017337 -12.833000 -17.865999 -16.368999
-0.013883 0.050305 0.031247 0.623120 36.865002 17.941999
-0.150140 0.062087 -0.068103 -0.242910 2.229000 9.134000
-0.039989 0.005338 0.016706 -8.101800 -18.375000 8.311100
-0.025604 -0.108100 0.018450 -1.078100 -2.194600 -6.632200
0.094768 0.020625 -0.013909 3.943600 -8.973800 0.026349
0.086704 -0.391600 -0.028010 4.525100 -7.854000 2.879100
0.142520 0.145210 0.152170 6.448100 -0.307420 1.876300
-0.030479 0.079511 0.115430 0.549700 3.054100 2.266200
-0.058827 -0.065566 -0.164440 -8.080100 -6.996800 -21.103001
-0.002659 -0.162000 0.033427 1.147100 -0.683220 -3.830200
-0.010978 0.005530 0.097783 12.181000 -1.989100 -8.693700
0.034466 -0.097778 0.100620 13.054000 -14.284000 10.808000
-0.188080 -0.055137 0.221430 6.016600 4.665300 -16.410000
0.030503 0.012987 -0.011057 3.631200 -9.205800 3.678800
0.090223 -0.081590 -0.075244 -4.210300 0.127200 -5.706900
0.017519 0.014985 0.001601 2.332200 2.598700 -1.908000
0.106750 0.050155 -0.006191 3.440000 -9.247000 -7.434200
-0.044780 -0.067047 -0.020733 -0.690580 6.484600 4.738500
-0.508210 0.011721 -0.174400 36.480999 0.358730 9.735000
-0.078210 0.058640 0.014381 11.934000 -0.805270 13.898000
0.002259 -0.041121 -0.031469 -11.360000 7.618100 1.078300
-0.072005 -0.011206 -0.013878 14.766000 6.662800 10.193000
0.620580 -0.108910 0.253020 -4.404100 0.500740 -3.893300
-0.035865 -0.317200 -0.090866 -6.391200 -9.952300 -5.820200
-0.055310 -0.190830 -0.027172 -1.155800 -16.641001 -3.437500
0.143470 -0.039884 -0.025017 -9.844300 1.084100 -2.707100
-0.019339 0.029031 0.018363 -10.064000 -2.155000 5.082100
-0.098011 0.215180 0.026582 1.770500 3.850800 0.241090
0.041416 0.085859 0.001827 4.192500 -9.263200 -3.728900
0.028287 -0.066347 0.031374 3.037400 -0.320010 12.371000
-0.114900 -0.230390 -0.029604 -6.009100 -1.821800 -1.392100
-0.084451 -0.018733 0.034956 8.000900 1.490200 -2.473700
0.091635 0.116120 0.077722 1.181600 14.344000 5.166300
0.053786 0.019936 -0.105210 2.083600 -1.224600 -8.241600
-0.045910 0.003335 -0.037802 10.593000 12.919000 5.740500
0.042934 0.009040 -0.053944 5.519600 13.216000 -8.569700
0.030883 0.007233 0.020056 16.611000 -2.924500 5.632200
-0.029996 -0.032745 0.011441 2.482500 6.848000 3.641600
-0.295300 -0.040573 0.360990 3.738200 -2.455500 -6.109300
0.091255 -0.109050 0.034989 8.238100 -0.392290 -1.283500
0.055467 0.008690 0.032456 -7.257000 -8.665400 -3.662300
-0.000077 0.008324 0.081831 2.917700 -5.826000 -10.440000
0.097504 0.086254 0.072743 -9.706700 -8.124600 -1.877600
-0.006230 -0.009494 0.033137 -5.874000 -1.459100 14.940000
0.006430 -0.010676 0.046376 9.790100 -4.749600 -3.527400
0.003661 0.055555 0.052611 6.264000 -9.834400 -5.555700
0.015023 -0.087693 -0.092519 -14.384000 -1.286400 3.265600
0.080671 0.022537 -0.042540 3.442500 -4.868500 -1.227000
-0.012412 0.038234 -0.045064 4.881700 -12.381000 7.347500
0.095774 -0.061116 -0.069256 14.690000 -15.986000 -8.537900
0.157390 0.072443 -0.185790 -5.898100 1.556300 14.857000
-0.015626 -0.016833 -0.021264 4.943700 -11.802000 -11.043000
0.094296 -0.017340 -0.115950 11.395000 -3.473600 -5.931800
0.438800 0.119630 -0.087095 -14.418000 -1.371600 0.665520
-0.067435 -0.234930 -0.026065 -1.279100 -6.824000 -3.040600
0.042789 -0.033513 0.078639 -3.470000 2.198700 8.388700
0.041306 -0.034838 -0.001016 -1.629300 -14.633000 -1.870900
-0.092251 0.025907 -0.098781 -2.848500 12.204000 8.320700
0.083619 -0.045275 -0.053696 13.788000 -10.096000 -22.872000
0.089563 -0.168430 0.014203 4.301600 -1.726800 -5.487400
0.028364 0.056936 -0.017149 -3.134400 0.209160 -16.738001
0.248060 0.052781 0.043739 5.822800 -1.984700 -1.183900
0.042845 0.046490 0.018405 8.724200 -6.873800 2.668900
0.019107 0.008474 -0.080718 13.336000 3.206600 -8.559200
0.064296 -0.314670 -0.139720 2.114400 -1.786500 -0.160930
0.095943 -0.054107 -0.031201 -11.719000 12.558000 6.915800
0.120680 -0.040308 0.029309 0.046416 -1.880500 1.942000
-0.010845 0.025938 -0.006371 5.109700 -1.697100 9.589300
0.110410 0.034674 -0.393010 1.469300 -1.002600 8.430100
-0.062933 -0.288930 -0.251130 3.693400 6.360500 -1.614700
0.318130 0.410220 0.323140 -4.035200 -8.051500 -4.988700
0.025828 -0.071711 -0.083818 -11.768000 6.204800 0.290800
0.355900 -0.040535 -0.274980 7.945300 -4.322000 2.663800
-0.231700 0.224830 -0.313260 10.872000 -9.063100 9.326400
-0.005259 -0.117390 0.021266 -7.899600 7.180400 11.848000
-0.058658 -0.067997 0.013458 9.860400 7.668000 -8.891800
-0.034599 0.074457 -0.078983 10.618000 -14.658000 12.169000
0.136320 -0.139530 -0.028772 12.679000 -14.869000 0.347420
0.116840 -0.136500 0.108250 4.455100 -6.209100 4.037200
0.106280 -0.005179 0.093158 -11.533000 4.709900 -16.282000
-0.028900 0.041089 -0.067889 4.124900 12.092000 -13.577000
-0.092800 0.116970 -0.044637 7.973400 -16.149000 3.242500
-0.065864 -0.098019 -0.107170 -4.525800 6.061900 -16.070000
0.091707 0.114450 0.118210 -1.687400 3.489800 -1.610800
-0.082656 0.053731 0.029431 1.676400 -3.603400 8.209900
-0.067681 -0.097483 -0.039607 6.173500 2.846100 7.632100
-0.140340 -0.041806 -0.102480 -4.311400 -2.395000 -1.601100
-0.051550 -0.057262 -0.046607 1.063000 7.134400 -10.356000
-0.078157 0.052410 0.024027 -20.110001 3.739000 2.206500
0.055551 -0.010709 -0.036171 -25.591999 -2.060100 6.338700
-0.014174 -0.071200 0.051172 0.494330 -13.173000 3.279400
-0.010237 0.036968 -0.017814 1.609800 0.054439 5.486200
0.057515 0.054138 -0.065242 -8.495300 16.674000 3.053000
0.385610 -0.058674 -0.106100 -2.693300 -0.856490 -1.112800
0.035417 0.093485 -0.046563 2.777700 9.751700 -17.834999
0.082531 0.000846 0.005077 -7.308100 -6.788800 -1.907700
0.021129 0.079427 0.003651 1.944100 1.404600 4.362800
0.066053 0.104180 -0.322740 -1.653000 -2.712400 14.950000
0.073547 0.015895 0.073029 2.203400 -14.166000 2.198600
-0.277230 0.260560 0.275440 11.795000 -12.158000 -13.319000
-0.079267 0.047441 -0.142780 0.297870 -2.806600 -3.702400
-0.217350 0.413170 0.197120 6.663100 -5.757600 -4.093700
-0.045700 0.148930 -0.152600 1.192300 -3.064800 -0.433010
0.007866 0.009550 -0.017354 -11.579000 3.748000 2.436900
0.071930 -0.229990 0.004707 -2.680800 10.276000 -6.049800
-0.083231 -0.009019 0.027806 -0.311840 0.737500 -2.917300
0.106960 -0.001987 0.139400 -0.053940 1.180000 5.834100
-0.027901 0.009744 -0.022872 -17.469999 5.986900 -2.583400
-0.041132 0.024225 -0.027981 -4.418200 11.161000 -1.510700
-0.008097 -0.069206 -0.003427 -4.862800 11.028000 -0.756460
0.099863 0.004926 -0.003751 3.748000 -4.807000 6.429500
-0.435570 0.520040 -0.562210 -10.972000 11.594000 -16.429001
0.043607 -0.007400 -0.008858 0.029276 0.968770 9.241000
0.005948 0.120270 0.019542 -9.841000 -18.424999 -3.761900
-0.020186 -0.081458 -0.009339 3.462200 0.612800 -13.199000
0.075786 0.019197 -0.083677 -1.330800 3.035300 0.639860
-0.050756 -0.070010 0.019873 -1.449700 -19.556000 7.705200
-0.087679 0.047500 -0.086349 -18.030001 1.163000 -12.406000
-0.000412 -0.012390 -0.061233 -19.271999 6.337100 1.446800
0.200130 -0.247310 1.466000 -0.941320 1.838500 -14.248000
0.251280 -0.018502 0.225130 -5.064800 1.973000 -2.800100
0.064809 -0.041522 -0.020678 -5.524900 -5.020200 -4.133400
-0.594100 -0.287950 -0.786930 5.718200 5.357000 6.785800
-0.101080 0.061541 -0.057420 -6.250600 -4.979500 -3.071300
-0.027634 -0.015439 -0.059444 2.177800 -2.181600 14.541000
-0.009076 0.066638 -0.066694 -15.972000 4.310100 -6.236300
-0.022006 -0.026939 -0.029809 -12.774000 -5.150200 -4.180800
-0.157310 0.014331 0.111380 -7.742100 6.873300 1.448200
-0.097013 -0.008045 0.078114 -6.295900 -2.771200 0.884060
-0.068044 0.018149 0.002861 0.258640 7.014900 -4.153600
0.135180 -0.113250 0.500870 -2.267300 3.665200 -6.659400
-0.052833 -0.024254 -0.059321 -16.951000 18.531000 25.459999
0.058181 0.070777 0.079883 -11.886000 -0.177760 1.513100
-0.035155 -0.000420 -0.068383 3.543200 4.319200 10.659000
-0.092419 -0.044497 0.045201 -0.731060 3.094900 -1.742300
0.009051 -0.162940 0.019699 -4.030900 8.665300 -2.958500
0.002590 0.079570 -0.034077 -6.559000 -0.953710 -2.202100
0.058330 0.173200 0.115120 0.971180 1.657300 -4.660300
0.125800 0.044319 -0.041925 -3.539800 12.231000 2.916500
-0.065003 0.141640 -0.499690 -8.830600 6.657500 -24.768999
0.047029 0.041208 -0.107380 -2.194900 5.256600 -0.185420
-0.197750 0.132940 0.194960 3.315600 -0.343240 -2.110400
-0.069212 -0.189620 -0.042070 5.378900 -0.509110 -0.278350
0.045148 0.085786 0.010251 0.750570 -6.365800 -8.012800
0.024852 0.061950 -0.033608 0.383230 27.087000 -21.431999
-0.025607 0.051936 -0.084130 3.565900 3.196500 5.969100
0.038195 0.018897 -0.196610 3.131000 7.368300 -37.882000
0.019023 -0.104380 -0.014646 -13.418000 -4.227700 -18.447001
-0.030720 0.024543 -0.056908 4.977500 4.126800 -9.797200
0.055204 -0.028127 0.010132 16.868999 -5.038100 3.593300
-0.084197 0.130560 -0.100960 -5.796500 -15.584000 11.837000
0.007717 -0.013070 0.014115 -6.862500 -3.593300 -12.732000
0.018627 -0.152590 -0.316790 0.541220 -2.001900 5.029200
-0.037905 0.030726 0.045882 -2.234400 -4.992800 -8.219000
0.013979 -0.010848 0.094601 -12.452000 4.914400 -0.387660
-0.109530 0.000649 -0.062744 -7.288800 10.905000 -7.866500
0.111220 0.045370 0.193600 -0.335330 11.999000 -19.278000
0.037809 0.036666 -0.022899 10.574000 -2.576100 0.789110
0.199470 0.131070 -0.374200 -5.027700 -5.436100 15.866000
-0.011031 0.005482 -0.038306 -17.004999 -8.854400 1.321600
0.038012 0.141350 -0.038526 -1.835200 11.765000 -4.950000
0.064298 0.063293 0.053736 11.124000 -5.417500 8.904000
0.029567 0.073010 -0.068117 -0.600400 -12.349000 11.945000
0.183540 0.164210 0.210820 5.648200 14.540000 -0.102690
-0.262080 -0.007349 0.055115 -7.028200 3.119600 3.336200
0.179750 0.551080 -0.087509 -1.584900 -3.953200 -0.294550
0.063784 0.042389 0.006314 6.038200 -0.161540 2.400400
0.009782 -0.006386 -0.010243 -5.556000 -9.474900 -2.457900
-0.030062 0.151140 0.424960 1.818700 6.611100 29.492001
-0.074422 0.062732 0.005562 2.070800 -8.582600 1.046500
0.073527 -0.057526 -0.014109 -7.378500 4.490900 -1.355200
-0.109320 0.264830 0.085525 -4.970000 18.524000 2.518600
-0.285570 -0.019378 0.142750 -1.171100 -0.322800 3.353800
0.181710 -0.019403 0.049959 23.794001 -7.200000 -7.081200
0.108790 -0.048813 0.027940 0.297770 7.249700 1.045700
-0.056487 -0.034577 -0.034252 29.643000 13.568000 1.350500
-0.277090 -0.011716 -0.010537 15.394000 -0.345040 -6.611400
0.030055 -0.036591 0.019046 22.722000 -14.170000 6.139400
0.443960 -0.322740 -0.590260 2.392300 0.909790 -6.358500
-0.149980 -0.039695 0.029357 -2.810100 7.266600 -0.369070
-0.060373 -0.090767 0.139870 -0.379380 -6.730600 -2.783800
-0.016713 0.133830 -0.086655 -0.071824 0.786980 8.255600
0.084118 0.126380 -0.082890 2.677900 3.004800 -9.948000
-0.016773 -0.039006 -0.036743 -5.830800 -8.426600 -8.562300
0.019392 0.007222 -0.023101 -1.028800 -13.213000 8.340900
-0.172930 0.180230 0.088357 -0.455880 -1.292700 0.262830
0.601820 0.130950 0.229500 15.870000 7.490300 2.558500
0.112020 -0.015771 0.099404 -3.072100 -2.121300 -8.596700
0.208330 -0.053459 0.140300 9.924400 18.164000 7.827800
0.138860 0.048421 0.116060 18.311001 10.596000 7.467300
-0.018001 -0.036243 -0.002980 14.208000 0.154770 0.905340
-0.394730 0.092286 -0.209020 -3.977800 -0.018433 -1.158000
0.082802 0.132650 0.151280 -4.813900 -2.985500 -3.961600
0.060594 0.064180 -0.096325 -4.687400 2.756100 -6.586700
0.238290 -0.159730 -0.054696 2.709600 3.584000 -2.108800
-0.152490 -0.106580 -0.009708 -2.751100 6.229100 6.794900
-0.020570 0.008299 -0.069681 -18.552000 7.615700 -5.417400
-0.103140 0.091369 0.090099 0.294950 8.991400 -1.959100
0.000736 0.008082 0.025977 -2.705800 11.591000 -1.362100
0.046429 -0.048590 -0.015064 7.559000 -2.538000 -15.736000
0.178860 -0.168810 0.009757 -3.397700 8.095700 -0.299950
0.044503 -0.165610 0.026320 3.355200 2.039800 4.062500
-0.121560 -0.065993 0.108050 7.602400 7.827800 1.957500
-0.048134 -0.092571 0.025084 -8.180200 -5.686400 -8.580500
0.081751 0.156810 -0.110990 -3.591200 -18.438999 16.722000
0.113870 -0.174160 0.061653 6.630700 -9.596900 -2.148700
0.322400 0.079735 -0.059242 -11.794000 -2.211500 2.785000
-0.123240 -0.026547 -0.013922 8.730400 -7.295300 -1.295400
-0.064580 -0.032155 -0.044393 14.589000 2.006200 3.945500
0.053776 0.098842 -0.035930 6.551500 3.108800 3.534200
0.029538 0.074190 -0.097436 -13.344000 -0.912850 -12.273000
-0.144280 -0.161460 -0.110020 -14.965000 -6.212700 0.095186
-0.233810 -0.047732 -0.117270 11.829000 0.401390 -0.477690
0.075643 0.034056 -0.014004 4.835700 -1.789800 -15.356000
-0.090467 -0.016192 -0.014920 -0.626410 -4.284100 4.735100
0.065865 -0.038830 -0.024339 5.248500 2.902200 -7.893400
-0.026398 -0.005771 -0.017184 5.875600 7.921100 -5.040100
-0.110170 -0.076590 0.153510 -7.826700 -2.514100 8.187400
-0.044152 -0.047204 0.114200 -6.020600 2.165600 -8.004100
0.107660 0.071795 0.075363 0.711240 -0.917800 5.008700
0.007631 0.206320 -0.223310 4.588400 0.784530 1.482300
0.015303 -0.008764 -0.019435 -18.656000 -1.125400 -8.412700
0.213280 -0.314990 0.000386 9.857000 -4.608800 -1.634900
0.055732 -0.037707 0.039294 -15.002000 -4.852000 -1.908500
0.001309 -0.073704 -0.017259 -3.002700 8.952900 1.604800
0.081711 0.205770 -0.023114 4.624600 2.343000 -4.017800
-0.020390 0.040140 0.005467 -5.053400 9.334400 -5.084500
0.033228 -0.091292 -0.024850 6.247500 -0.765360 10.891000
0.033349 -0.078860 0.144160 18.993999 -1.072000 8.668900
0.010957 -0.001287 0.070605 8.153800 9.797000 -14.128000
0.020636 0.142820 -0.017059 2.411300 -0.825390 5.200900
-0.724080 0.188900 -0.201060 25.969000 -8.746700 11.086000
0.007446 0.089238 -0.048948 -0.171620 3.046900 -6.698100
-0.053213 -0.093205 0.009201 3.634000 8.845300 13.542000
-0.023631 -0.038896 0.202700 -0.484770 -5.213800 -2.505500
-0.077728 0.170550 -0.031293 7.158600 -4.019000 4.273900
-0.011865 0.032723 -0.019321 7.286500 -0.393100 0.701120
-0.057994 0.059063 -0.015837 0.538000 8.070600 3.921800
-0.086567 0.013376 -0.011103 -14.935000 2.316700 11.588000
0.102160 -0.029838 -0.110290 0.498670 5.132500 -0.115570
-0.016621 -0.023989 -0.048017 -11.956000 15.607000 0.396590
0.058755 -0.063123 0.036501 10.147000 -2.226000 10.554000
0.003745 0.012344 -0.009116 3.345500 -23.731001 -9.884300
-0.443550 0.009472 0.860610 8.032000 -0.840390 -13.765000
0.008305 -0.134510 -0.132040 -1.027900 -4.354600 -3.960700
0.086058 -0.064386 0.151000 9.346900 -3.159300 0.698630
0.478640 0.069228 -0.233490 19.417000 -0.047520 -6.872700
0.067884 0.041130 -0.014263 -5.758800 -14.752000 -0.669220
0.085404 -0.148720 0.088033 1.667200 -0.769840 1.195500
-0.672900 0.182710 -0.401320 3.610200 0.077729 -0.220640
0.013720 -0.304060 0.360460 -2.405600 17.761999 -20.698999
0.119910 -0.048681 0.003174 -18.788000 6.505200 -10.323000
-0.125510 0.035105 0.029627 -15.217000 11.935000 6.956300
-0.092962 -0.015417 -0.093972 4.545800 0.663120 6.024100
0.196000 -0.140600 -0.104810 -8.406300 13.761000 -1.856200
0.063571 0.025725 -0.048346 -6.854100 -3.703900 17.364000
0.062781 0.222980 0.138860 -0.318050 -1.045300 1.125100
-0.078779 0.004598 0.114750 12.027000 3.700400 -10.496000
-0.015633 -0.079491 -0.015722 -16.167000 -2.193800 7.213000
-0.067890 -0.018064 -0.076280 -8.377300 1.935500 -1.590300
0.051085 -0.083531 -0.185260 6.124200 -10.372000 -4.564200
-0.016235 -0.033689 0.031624 17.264999 -25.537001 -1.449400
-0.142380 -0.061124 -0.221970 15.068000 4.114300 15.888000
-0.024811 -0.009569 0.101400 0.394250 -2.142900 17.695000
0.026422 0.000655 -0.039859 1.065000 0.404860 12.618000
-0.037743 -0.013762 0.004820 -10.880000 1.620100 1.719500
0.092056 0.027852 -0.032111 37.956001 19.490999 -7.462300
0.032410 -0.066974 0.025011 5.988900 -8.734500 10.042000
-0.073976 0.126390 0.026801 10.880000 -3.280300 -1.594000
0.168560 -0.092822 -0.080998 7.934500 3.614400 -1.138100
-0.684060 0.314080 -0.429890 -13.254000 5.260000 -7.787300
-1.424300 1.118200 -0.548470 11.489000 -8.309500 4.437200
-0.009365 -0.058133 -0.004656 -0.894980 -0.485960 -6.827700
-0.144230 -0.009626 -0.099390 3.575000 0.932700 4.540000
-0.015905 0.017460 -0.006030 -2.761600 0.159920 -14.294000
0.373860 -0.435320 -0.321050 -12.814000 13.730000 11.370000
-0.006027 0.105540 0.068339 -2.907500 3.531800 5.736900
0.095805 0.074213 0.035710 -4.293600 -7.905700 1.209200
0.056454 -0.116300 0.023526 7.149100 25.402000 -5.463000
0.186240 -0.078157 -0.052519 19.327999 -6.957000 1.959000
0.087265 0.039435 0.043798 -10.184000 0.968450 -3.042100
-0.120890 -0.090866 -0.049205 5.350900 -3.843400 5.448800
-0.011309 0.010483 0.014814 -14.672000 -5.023100 -0.046511
0.044569 0.127870 -0.079159 1.610300 7.111700 5.001300
-0.028579 -0.118650 0.049430 9.147300 -5.916600 6.243000
-0.007942 -0.034954 0.141160 -1.425700 10.743000 3.272700
0.086774 -0.066942 0.113060 0.673010 2.352800 0.726160
0.185790 -0.259160 -0.343950 2.922800 -0.330410 2.555900
0.026586 -0.075300 -0.009226 -17.474001 9.257100 5.671000
-0.039083 0.053143 0.089441 -9.817500 1.140900 10.189000
-0.067731 0.077541 -0.144800 -2.536400 4.371200 12.097000
-0.018454 0.010814 0.076222 -2.266100 0.903730 -14.815000
-0.296440 0.064785 0.253850 10.852000 -3.795700 -11.923000
-0.079401 0.079651 -0.064393 2.574300 -0.761970 1.017700
-0.187250 -0.102830 -0.068416 10.275000 10.246000 1.415700
-0.093814 0.077282 0.150620 8.371700 -6.014700 -0.362800
-0.017938 -0.021042 0.053488 -1.813700 -8.905200 1.104700
-0.009884 -0.000989 0.053343 17.402000 -10.287000 -12.060000
0.001935 -0.102590 -0.003650 -0.365900 4.038100 0.764090
0.041215 -0.090504 0.033259 2.523100 13.872000 4.020000
0.005064 -0.104990 0.075164 5.664300 0.445410 -0.242680
