    2   -66.7  2.4   11.8  0   0.000   0.000
    3   150.1  3.3   12.3  0   0.000   0.000
    4    70.1  2.2   12.5  0   0.000   0.000
    6    29.1  2.9   12.5  0   0.000   0.000
    8    -6.7  2.7   12.0  0   0.000   0.000
   13   268.6  3.1   10.7  0   0.000   0.009
   24    66.5  3.0   10.4  0   0.000   0.000
   25   214.4  3.2    9.8  0   0.670   0.520
   26   223.9 37.8   12.4  1   0.726   0.503
   27   222.0  8.7   10.9  1   0.929   0.740
   28    73.1  2.3   13.4  0   0.000   0.000
   31   244.3  5.6   13.5  0   0.000   0.010
   34   172.4  3.9   10.8  0   0.000   0.004
   37   118.8  2.3    9.2  0   0.000   0.000
   40   200.9 14.2    8.4  1   0.927   0.812
   45   204.5 11.8   11.6  1   0.938   0.601
   49   210.4  5.2    7.8  1   0.982   0.965
   52   210.5 11.9    7.2  1   0.928   0.938
   60   -25.6  3.3   12.0  0   0.000   0.000
   61    70.3  2.2    9.9  0   0.000   0.000
   63    70.2  2.5    6.6  0   0.000   0.000
   65   194.6  5.6    6.8  1   0.897   0.622
   67   200.3  3.8    7.0  1   0.970   0.949
   73   230.7  7.4    6.5  1   0.981   0.950
   75   228.0  2.5    9.7  0   0.685   0.226
   84    80.6  2.2    7.9  0   0.000   0.000
   86    24.7  2.2    7.0  0   0.000   0.000
   88   212.9  7.4    6.1  1   0.983   0.913
   92   205.4  2.5    7.2  1   0.940   0.946
   95   215.8  6.3    8.1  0   0.039   0.185
   97   184.1  2.9    8.2  0   0.000   0.003
  100   204.6  6.4    5.7  1   0.989   0.965
  102  -103.7  5.6    5.8  0   0.000   0.000
  104   231.2  6.9    7.3  1   0.989   0.936
  107   210.4  5.1    8.9  1   0.980   0.926
  111    13.7  2.2    8.3  0   0.000   0.000
  115    -1.3  6.7   10.7  0   0.000   0.000
  116   209.4  6.4    5.0  1   0.990   0.984
  123   209.3  7.5    5.4  1   0.997   0.990
  127   224.4  3.0    6.4  1   0.988   0.0     
  137   -24.7  2.2    4.7  0   0.000   0.000
  139    -9.0  2.2    7.9  0   0.000   0.000
  147    36.6  2.2    3.7  0   0.000   0.000
  151   203.8  6.5    5.3  1   0.988   0.973
  157   217.0 13.6    3.5  1   0.996   0.968
  159    85.1  2.2    6.9  0   0.000   0.000
  161   199.5  9.4    3.5  1   0.994   0.989
  165   187.7  4.8    7.4  0   0.073   0.018
  167   203.2  6.5    4.1  1   0.980   0.984
  169   103.7  3.9    2.9  0   0.000   0.000
  174   204.2  5.3    2.7  1   0.998   0.984
  175   211.5  8.8    3.2  1   0.983   0.998
  179   206.7  7.0    5.9  1   0.990   0.969
  184   268.5  6.2    9.3  0   0.000   0.001
  186   211.9  7.4    3.6  1   0.995   0.985
  188   209.6 11.8    2.9  1   0.996   0.977
  192   213.5  3.8    1.9  1   0.998   0.990
  196   -42.5  5.2    6.5  0   0.000   0.000
  197   217.3  4.2    2.0  1   0.996   0.988
  199   213.3  5.3    2.3  1   0.958   0.927
  200    83.6  2.2    3.4  0   0.000   0.000
  208   -20.1  2.4    5.7  0   0.000   0.000
  209   224.2  6.2    1.0  1   0.996   0.950
  210   212.8  6.8    2.7  1   0.992   0.969
  214     0.8 10.0    7.8  0   0.000   0.000
  215   204.1  4.9    2.3  1   0.995   0.992
  216   -19.4  2.6   13.0  0   0.000   0.000
  219   172.2  4.9    0.8  0   0.013   0.393
  221  -122.5  7.5   13.6  0   0.000   0.000
  222    66.0  2.2   12.6  0   0.000   0.000
  224   203.9 10.0    1.8  1   0.994   0.988
  225   217.8 13.1    0.7  1   1.000   0.985
  226   217.8  5.2    0.7  1   1.000   0.991
  227   209.2  2.7    2.5  1   0.999   0.995
  230   222.2  6.3    0.5  1   1.000   0.951
  232   200.9  6.1    1.4  1   0.994   0.987
  234   123.0  3.7    4.3  0   0.000   0.001
  235   149.1 16.7   14.9  0   0.000   0.006
  236   219.2  7.5    7.6  1   0.991   0.898
  237   118.9  6.0   12.9  0   0.000   0.000
  239   208.4  2.4   13.5  1   0.961   0.886
  242   155.9  5.9    2.8  0   0.000   0.111
  244   215.6  3.8    0.0  1   1.000   0.991
  247   191.7  4.4    0.8  1   0.994   0.963
  250   207.7  3.3    1.8  1   0.998   0.984
  254   210.1 21.1    2.7  1   0.996   0.985
  258    16.5  2.4    9.4  0   0.000   0.000
  259   -38.9  2.2   10.4  0   0.000   0.000
  261   227.2  4.4    0.6  1   1.000   0.488
  267    28.9  2.2    5.6  0   0.000   0.000
  268    23.7  7.0    1.2  0   0.000   0.000
  270   -29.3  2.2    7.8  0   0.000   0.000
  271   203.4  2.5    0.6  1   1.000   0.000    
  275    91.5  2.2   11.6  0   0.000   0.000
  276    -8.3  4.2    4.8  0   0.000   0.000
  277   198.4  8.1    6.3  1   0.985   0.928
  278   -28.8  2.2    9.1  0   0.000   0.000
  280   215.1  6.8    0.9  1   0.997   0.985
  284   -17.5  2.7   10.0  0   0.000   0.000
  286   -34.3  2.2    2.0  0   0.000   0.000
  287   -53.3  5.5    6.5  0   0.000   0.000
  289   247.7  2.8    3.1  0   0.000   0.068
  292   -20.8  2.2    5.2  0   0.000   0.000
  294   -29.7  9.8    1.9  0   0.000   0.000
  295   208.7  3.5    1.3  1   0.999   0.993
  296    91.1  2.2   10.8  0   0.000   0.000
  301   206.0 23.1    1.4  1   0.997   0.982
  306    -0.5  3.6    1.8  0   0.000   0.000
  313   219.5  5.0    1.7  1   0.997   0.961
  314   208.0  2.2    2.6  1   0.996   0.984
  318   198.9  9.6    1.8  1   0.989   0.940
  323   216.9  4.5    7.0  1   0.982   0.903
  325   164.0  2.3    7.6  0   0.000   0.020
  327   -33.6  3.5    3.0  0   0.000   0.000
  328   247.1 15.9    2.9  0   0.977   0.701
  329   -21.0  3.4    4.1  0   0.000   0.000
  333   117.8  2.2    4.0  0   0.000   0.000
  337   209.3  4.8    3.3  1   0.996   0.981
  346   207.9  2.3    3.7  1   0.994   0.989
  352    -6.2  2.2    7.7  0   0.000   0.000
  354   205.7  5.4    3.4  1   0.809   0.885
  356   207.7  3.7    2.8  1   0.998   0.994
  358   210.7 10.9    3.9  1   0.990   0.982
  366   266.8  3.1   11.3  0   0.000   0.012
  367   215.6  3.9    6.8  0   0.039   0.311
  368   205.1  4.3    3.3  1   0.999   0.991
  374   205.1  7.1    3.3  1   0.998   0.993
  381   213.0 14.6    3.2  1   0.964   0.828
  385    69.7  2.2    5.6  0   0.000   0.000
  386   266.3  4.4    3.4  0   0.000   0.030
  390    52.7  4.2    3.7  0   0.000   0.000
  393    27.8  6.8    8.1  0   0.000   0.000
  399   109.1  3.3    8.8  0   0.000   0.000
  410    26.3  2.3    4.8  0   0.000   0.000
  412   -34.4  2.2    4.3  0   0.000   0.000
  417    19.4  2.2    4.4  0   0.000   0.000
  420   201.4  6.5   12.4  0   0.210   0.200
  423    26.4  5.5   10.4  0   0.000   0.000
  425   -11.8  2.5   11.8  0   0.000   0.000
  426    -1.9  2.2    6.4  0   0.000   0.000
  427    -8.4  3.0   10.1  0   0.000   0.000
  429   206.7  6.7   11.2  1   0.963   0.859
  430   217.2 10.0    9.5  1   0.966   0.843
  432   197.6  7.6    5.0  1   0.955   0.885
  435    10.5  6.1   10.2  0   0.000   0.000
  438    -1.3  2.2    5.5  0   0.000   0.000
  441   219.2  8.8    6.5  1   0.991   0.936
  443   217.4 14.3    6.9  1   0.957   0.763
  445    10.8  3.6    6.2  0   0.000   0.000
  450   108.0  2.2   11.6  0   0.000   0.000
  457   212.9  9.8    6.7  1   0.986   0.948
  459    17.0  2.2   15.9  0   0.000   0.000
  462    22.4  2.2   10.3  0   0.000   0.000
  463    99.5  2.2   10.0  0   0.000   0.000
  464   -10.7  2.4   15.8  0   0.000   0.000
  465   178.5  2.2    9.2  0   0.001   0.047
  468    -7.3  2.2    7.9  0   0.000   0.000
  469   -10.1  3.5   13.0  0   0.000   0.000
  476    46.4  2.2    8.9  0   0.000   0.000
  477    47.5  2.2    9.0  0   0.000   0.000
  483    -2.5  3.0   10.2  0   0.000   0.000
  484    21.8  2.2   10.6  0   0.000   0.000
  487    69.8  2.2    8.9  0   0.000   0.000
  489   204.5  7.0   10.1  1   0.971   0.885
  496   123.9  2.2   11.6  0   0.000   0.000
  499    13.5  2.3   13.3  0   0.000   0.000
  503   206.8  2.2   10.1  1   0.975   0.949
  507   142.2 11.5   12.8  0   0.000   0.001
  509   220.4  7.4   11.1  1   0.868   0.543
  512   130.4  2.8   11.6  0   0.000   0.001
  513  -127.3  2.2   13.7  0   0.000   0.000
  514   -58.2  2.2   11.4  0   0.000   0.000
  516    67.4  3.3   11.7  0   0.000   0.000
  517    63.6  9.8   11.9  0   0.000   0.000
  518   229.9  5.7   12.3  0   0.373   0.079
