 0.168373322E+03  0.221493587E+02  0.138049871E+00 -0.238485843E+00  0.275559902E+00  0.000000000E+00  0.830000000E+02  0.140000000E+01  0.000000000E+00  0.000000000E+00  0.000000000E+00  0.000000000E+00 -0.173000000E+01  0.300000000E+00  0.100000000E+01  0.999855332E+00  0.999840725E+00  0.999868768E+00  0.999823746E+00  0.999879901E+00  0.144668140E-03  0.130978387E-03  0.159137966E-03  0.119754394E-03  0.175397692E-03
 0.168369873E+03  0.221464157E+02 -0.524948460E-01 -0.414947480E+00  0.418254852E+00  0.000000000E+00  0.871000000E+02  0.600000000E+00  0.000000000E+00  0.000000000E+00  0.000000000E+00  0.000000000E+00 -0.147000000E+01  0.120000000E+00  0.100000000E+01  0.999904145E+00  0.999891051E+00  0.999914752E+00  0.999875915E+00  0.999924042E+00  0.958547706E-04  0.851223123E-04  0.108820409E-03  0.759125408E-04  0.123403418E-03
 0.168379028E+03  0.221457214E+02  0.456140459E+00 -0.456658274E+00  0.645446241E+00  0.000000000E+00  0.803000000E+02  0.500000000E+00  0.000000000E+00  0.000000000E+00  0.000000000E+00  0.000000000E+00 -0.158000000E+01  0.100000000E+00  0.100000000E+01  0.999801963E+00  0.999778745E+00  0.999820617E+00  0.999755112E+00  0.999838778E+00  0.198037130E-03  0.179087073E-03  0.221135562E-03  0.161213000E-03  0.244749936E-03
 0.168372726E+03  0.221637516E+02  0.106155224E+00  0.625016809E+00  0.633967638E+00  0.000000000E+00  0.856000000E+02  0.800000000E+00  0.000000000E+00  0.000000000E+00  0.000000000E+00  0.000000000E+00 -0.121000000E+01  0.200000000E+00  0.100000000E+01  0.999968022E+00  0.999964320E+00  0.999971285E+00  0.999960590E+00  0.999973847E+00  0.319782444E-04  0.286877465E-04  0.356549464E-04  0.260854421E-04  0.392832478E-04
 0.168383530E+03  0.221537228E+02  0.705863178E+00  0.234065410E-01  0.706251144E+00  0.000000000E+00  0.610000000E+02  0.700000000E+00  0.000000000E+00  0.000000000E+00  0.000000000E+00  0.000000000E+00 -0.138000000E+01  0.200000000E+00  0.100000000E+01  0.997456875E+00  0.996480235E+00  0.998128083E+00  0.995149965E+00  0.998534603E+00  0.254312466E-02  0.187018783E-02  0.346896799E-02  0.144832577E-02  0.481896175E-02
 0.168383530E+03  0.221496124E+02  0.705883801E+00 -0.223276481E+00  0.740354180E+00  0.000000000E+00  0.710000000E+02  0.900000000E+00  0.000000000E+00  0.000000000E+00  0.000000000E+00  0.000000000E+00 -0.173000000E+01  0.200000000E+00  0.100000000E+01  0.999743480E+00  0.999714541E+00  0.999767502E+00  0.999688368E+00  0.999791345E+00  0.256520301E-03  0.232270403E-03  0.285044597E-03  0.208651436E-03  0.311359353E-03
 0.168383820E+03  0.221532764E+02  0.722566009E+00 -0.334141300E-02  0.722573698E+00  0.000000000E+00  0.822000000E+02  0.800000000E+00  0.000000000E+00  0.000000000E+00  0.000000000E+00  0.000000000E+00 -0.128000000E+01  0.220000000E+00  0.100000000E+01  0.999940806E+00  0.999934626E+00  0.999946548E+00  0.999928837E+00  0.999950824E+00  0.591944118E-04  0.533050861E-04  0.652737762E-04  0.491466498E-04  0.711308412E-04
 0.168380005E+03  0.221401386E+02  0.510060906E+00 -0.791672289E+00  0.941757441E+00  0.000000000E+00  0.698000000E+02  0.100000000E+01  0.000000000E+00  0.000000000E+00  0.000000000E+00  0.000000000E+00 -0.217000000E+01  0.150000000E+00  0.100000000E+01  0.999247368E+00  0.999124000E+00  0.999343976E+00  0.998999816E+00  0.999419919E+00  0.752632076E-03  0.653847854E-03  0.874162751E-03  0.578881867E-03  0.995385673E-03
 0.168382004E+03  0.221624451E+02  0.620803893E+00  0.546713054E+00  0.827219784E+00  0.000000000E+00  0.814000000E+02  0.200000000E+01  0.000000000E+00  0.000000000E+00  0.000000000E+00  0.000000000E+00 -0.112000000E+01  0.360000000E+00  0.100000000E+01  0.999975682E+00  0.999973396E+00  0.999977767E+00  0.999970847E+00  0.999979380E+00  0.243177843E-04  0.222011960E-04  0.265711671E-04  0.205781977E-04  0.291155237E-04
 0.168368866E+03  0.221381664E+02 -0.108678602E+00 -0.909985840E+00  0.916452527E+00  0.000000000E+00  0.754000000E+02  0.180000000E+01  0.000000000E+00  0.000000000E+00  0.000000000E+00  0.000000000E+00  0.310000000E+00  0.510000000E+00  0.100000000E+01  0.998067455E+00  0.997504192E+00  0.998501380E+00  0.996662135E+00  0.998816409E+00  0.193254527E-02  0.149519481E-02  0.247734557E-02  0.118233081E-02  0.333123197E-02
 0.168376907E+03  0.221373901E+02  0.338491082E+00 -0.956668139E+00  0.101478577E+01  0.000000000E+00  0.793000000E+02  0.150000000E+01  0.000000000E+00  0.000000000E+00  0.000000000E+00  0.000000000E+00 -0.146000000E+01  0.540000000E+00  0.100000000E+01  0.999901217E+00  0.999892358E+00  0.999908285E+00  0.999883618E+00  0.999914874E+00  0.987827614E-04  0.916749732E-04  0.107535848E-03  0.848505618E-04  0.116037319E-03
 0.168361542E+03  0.221402493E+02 -0.515601277E+00 -0.784956455E+00  0.939149261E+00  0.000000000E+00  0.760000000E+02  0.260000000E+01  0.000000000E+00  0.000000000E+00  0.000000000E+00  0.000000000E+00 -0.720000000E+00  0.500000000E+00  0.100000000E+01  0.999868213E+00  0.999853638E+00  0.999879620E+00  0.999836984E+00  0.999888383E+00  0.131787159E-03  0.120278431E-03  0.146088035E-03  0.111015472E-03  0.162980154E-03
 0.168353439E+03  0.221546688E+02 -0.966459394E+00  0.801288630E-01  0.969775438E+00  0.000000000E+00  0.720000000E+02  0.600000000E+00  0.000000000E+00  0.000000000E+00  0.000000000E+00  0.000000000E+00 -0.870000000E+00  0.170000000E+00  0.100000000E+01  0.999248717E+00  0.999142127E+00  0.999334255E+00  0.999005771E+00  0.999410080E+00  0.751282837E-03  0.665399840E-03  0.856268441E-03  0.589030783E-03  0.991109773E-03
 0.168365326E+03  0.221702785E+02 -0.305241317E+00  0.101671767E+01  0.106154942E+01  0.000000000E+00  0.835000000E+02  0.140000000E+01  0.000000000E+00  0.000000000E+00  0.000000000E+00  0.000000000E+00 -0.251000000E+01  0.260000000E+00  0.100000000E+01  0.999844859E+00  0.999812149E+00  0.999869222E+00  0.999762732E+00  0.999888066E+00  0.155140748E-03  0.130433429E-03  0.187418893E-03  0.111188631E-03  0.235001861E-03
 0.168378479E+03  0.221365013E+02  0.425802052E+00 -0.100987828E+01  0.109597516E+01  0.000000000E+00  0.100800000E+03  0.200000000E+01  0.000000000E+00  0.000000000E+00  0.000000000E+00  0.000000000E+00  0.140000000E+00  0.340000000E+00  0.999997139E+00  0.859724671E+00  0.773582630E+00  0.915523258E+00  0.649156503E+00  0.950860012E+00  0.140275329E+00  0.839191776E-01  0.225730369E+00  0.491049360E-01  0.349486422E+00
 0.168376663E+03  0.221346931E+02  0.324072450E+00 -0.111832797E+01  0.116433692E+01  0.000000000E+00  0.596000000E+02  0.700000000E+00  0.000000000E+00  0.000000000E+00  0.000000000E+00  0.000000000E+00 -0.135000000E+01  0.250000000E+00  0.999999940E+00  0.994680873E+00  0.992228707E+00  0.996228765E+00  0.988795945E+00  0.997176893E+00  0.531912654E-02  0.375107980E-02  0.766245744E-02  0.281639631E-02  0.111207924E-01
 0.168387436E+03  0.221631393E+02  0.922908127E+00  0.588463664E+00  0.109455419E+01  0.000000000E+00  0.818000000E+02  0.600000000E+00  0.000000000E+00  0.000000000E+00  0.000000000E+00  0.000000000E+00 -0.161000000E+01  0.180000000E+00  0.100000000E+01  0.999773132E+00  0.999747982E+00  0.999793174E+00  0.999723832E+00  0.999811480E+00  0.226868342E-03  0.206653828E-03  0.251678787E-03  0.187396729E-03  0.275698459E-03
 0.168350311E+03  0.221593037E+02 -0.114025784E+01  0.358263731E+00  0.119521582E+01  0.000000000E+00  0.898000000E+02  0.100000000E+01  0.000000000E+00  0.000000000E+00  0.000000000E+00  0.000000000E+00 -0.174000000E+01  0.250000000E+00  0.100000000E+01  0.999553518E+00  0.999477369E+00  0.999616351E+00  0.999386543E+00  0.999656695E+00  0.446481640E-03  0.383072512E-03  0.522284673E-03  0.342930791E-03  0.613359666E-03
 0.168392960E+03  0.221532497E+02  0.122965634E+01 -0.493793700E-02  0.122966623E+01  0.000000000E+00  0.717000000E+02  0.800000000E+00  0.000000000E+00  0.000000000E+00  0.000000000E+00  0.000000000E+00 -0.211000000E+01  0.180000000E+00  0.100000000E+01  0.999561720E+00  0.999507799E+00  0.999611241E+00  0.999445364E+00  0.999648252E+00  0.438279781E-03  0.388484115E-03  0.491798871E-03  0.351621555E-03  0.554045900E-03
 0.168348602E+03  0.221534996E+02 -0.123519432E+01  0.100364450E-01  0.123523509E+01  0.000000000E+00  0.621000000E+02  0.110000000E+01  0.000000000E+00  0.000000000E+00  0.000000000E+00  0.000000000E+00 -0.154000000E+01  0.370000000E+00  0.100000000E+01  0.996596478E+00  0.995510715E+00  0.997366687E+00  0.994116616E+00  0.997875440E+00  0.340352177E-02  0.262786310E-02  0.446509918E-02  0.212194734E-02  0.586081085E-02
 0.168372543E+03  0.221754169E+02  0.955204590E-01  0.132498038E+01  0.132841909E+01  0.000000000E+00  0.892000000E+02  0.800000000E+00  0.000000000E+00  0.000000000E+00  0.000000000E+00  0.000000000E+00 -0.116000000E+01  0.240000000E+00  0.100000000E+01  0.999931893E+00  0.999920567E+00  0.999940092E+00  0.999907766E+00  0.999946961E+00  0.681069684E-04  0.597825960E-04  0.793627415E-04  0.529585508E-04  0.920882761E-04
 0.168347412E+03  0.221484165E+02 -0.130052531E+01 -0.294816315E+00  0.133352268E+01  0.000000000E+00  0.849000000E+02  0.170000000E+01  0.000000000E+00  0.000000000E+00  0.000000000E+00  0.000000000E+00 -0.123000000E+01  0.350000000E+00  0.100000000E+01  0.999948302E+00  0.999943357E+00  0.999952805E+00  0.999937680E+00  0.999956559E+00  0.516984795E-04  0.471723629E-04  0.566015251E-04  0.433874885E-04  0.621375134E-04
 0.168347687E+03  0.221475010E+02 -0.128610992E+01 -0.349782616E+00  0.133282649E+01  0.000000000E+00  0.617000000E+02  0.110000000E+01  0.000000000E+00  0.000000000E+00  0.000000000E+00  0.000000000E+00 -0.175000000E+01  0.340000000E+00  0.100000000E+01  0.997014792E+00  0.995966359E+00  0.997692788E+00  0.994676480E+00  0.998180576E+00  0.298520776E-02  0.228973081E-02  0.401487342E-02  0.181315091E-02  0.530347896E-02
 0.168365372E+03  0.221777210E+02 -0.302948207E+00  0.146337771E+01  0.149440682E+01  0.000000000E+00  0.804000000E+02  0.700000000E+00  0.000000000E+00  0.000000000E+00  0.000000000E+00  0.000000000E+00 -0.820000000E+00  0.180000000E+00  0.100000000E+01  0.999024500E+00  0.998883665E+00  0.999129228E+00  0.998726479E+00  0.999218355E+00  0.975499566E-03  0.868444152E-03  0.111487634E-02  0.781229283E-03  0.127308440E-02
 0.168346695E+03  0.221639709E+02 -0.134061170E+01  0.638518333E+00  0.148490584E+01  0.000000000E+00  0.757000000E+02  0.600000000E+00  0.000000000E+00  0.000000000E+00  0.000000000E+00  0.000000000E+00 -0.162000000E+01  0.140000000E+00  0.100000000E+01  0.999720914E+00  0.999693573E+00  0.999743590E+00  0.999658367E+00  0.999769209E+00  0.279085649E-03  0.256204070E-03  0.306097940E-03  0.229971482E-03  0.340448953E-03
 0.168381897E+03  0.221296368E+02  0.615633905E+00 -0.142170894E+01  0.154927766E+01  0.000000000E+00  0.693000000E+02  0.110000000E+01  0.000000000E+00  0.000000000E+00  0.000000000E+00  0.000000000E+00 -0.122000000E+01  0.400000000E+00  0.100000000E+01  0.999892465E+00  0.999879496E+00  0.999903982E+00  0.999867044E+00  0.999912544E+00  0.107534546E-03  0.959253994E-04  0.120383424E-03  0.869280730E-04  0.132417089E-03
 0.168349869E+03  0.221414719E+02 -0.116469622E+01 -0.711643994E+00  0.136490095E+01  0.000000000E+00  0.809000000E+02  0.110000000E+01  0.000000000E+00  0.000000000E+00  0.000000000E+00  0.000000000E+00  0.200000000E+00  0.270000000E+00  0.999999881E+00  0.986870880E+00  0.978759162E+00  0.991699649E+00  0.962999054E+00  0.994600430E+00  0.131291204E-01  0.817748609E-02  0.211381145E-01  0.536178225E-02  0.368290157E-01
 0.168365585E+03  0.221293888E+02 -0.291663587E+00 -0.143652773E+01  0.146583760E+01  0.000000000E+00  0.701000000E+02  0.130000000E+01  0.000000000E+00  0.000000000E+00  0.000000000E+00  0.000000000E+00 -0.940000000E+00  0.330000000E+00  0.100000000E+01  0.999735414E+00  0.999703128E+00  0.999762529E+00  0.999663469E+00  0.999785980E+00  0.264586205E-03  0.237060368E-03  0.296627356E-03  0.213823884E-03  0.333753792E-03
 0.168390854E+03  0.221675835E+02  0.111339796E+01  0.855031431E+00  0.140382826E+01  0.000000000E+00  0.888000000E+02  0.900000000E+00  0.000000000E+00  0.000000000E+00  0.000000000E+00  0.000000000E+00 -0.173000000E+01  0.280000000E+00  0.100000000E+01  0.999557967E+00  0.999493365E+00  0.999614769E+00  0.999413006E+00  0.999650916E+00  0.442032844E-03  0.384959773E-03  0.506228211E-03  0.348888566E-03  0.586870359E-03
 0.168394379E+03  0.221387501E+02  0.130873931E+01 -0.874937296E+00  0.157426620E+01  0.000000000E+00  0.847000000E+02  0.180000000E+01  0.000000000E+00  0.000000000E+00  0.000000000E+00  0.000000000E+00 -0.870000000E+00  0.510000000E+00  0.100000000E+01  0.999172135E+00  0.999085360E+00  0.999233148E+00  0.999006608E+00  0.999297042E+00  0.827864850E-03  0.765920525E-03  0.914243242E-03  0.701635002E-03  0.992996832E-03
 0.168394745E+03  0.221617756E+02  0.132902014E+01  0.506727099E+00  0.142234564E+01  0.000000000E+00  0.894000000E+02  0.800000000E+00  0.000000000E+00  0.000000000E+00  0.000000000E+00  0.000000000E+00 -0.165000000E+01  0.280000000E+00  0.100000000E+01  0.999462706E+00  0.999377460E+00  0.999535186E+00  0.999271457E+00  0.999583354E+00  0.537294212E-03  0.464516254E-03  0.620767055E-03  0.416201594E-03  0.727416624E-03
 0.168383286E+03  0.221276112E+02  0.692327559E+00 -0.154331219E+01  0.169148755E+01  0.000000000E+00  0.769000000E+02  0.180000000E+01  0.000000000E+00  0.000000000E+00  0.000000000E+00  0.000000000E+00 -0.235000000E+01  0.290000000E+00  0.100000000E+01  0.999820237E+00  0.999793870E+00  0.999841398E+00  0.999759977E+00  0.999860776E+00  0.179762591E-03  0.158489766E-03  0.205259571E-03  0.138989946E-03  0.239931953E-03
 0.168393875E+03  0.221344166E+02  0.128068852E+01 -0.113486576E+01  0.171116435E+01  0.000000000E+00  0.690000000E+02  0.180000000E+01  0.000000000E+00  0.000000000E+00  0.000000000E+00  0.000000000E+00 -0.160000000E+01  0.570000000E+00  0.100000000E+01  0.998783085E+00  0.998649118E+00  0.998905886E+00  0.998529003E+00  0.998992034E+00  0.121691515E-02  0.109198787E-02  0.134988323E-02  0.100638586E-02  0.147093388E-02
 0.168399002E+03  0.221434441E+02  0.156605423E+01 -0.593203008E+00  0.167463899E+01  0.000000000E+00  0.727000000E+02  0.110000000E+01  0.000000000E+00  0.000000000E+00  0.000000000E+00  0.000000000E+00 -0.215000000E+01  0.460000000E+00  0.100000000E+01  0.999320030E+00  0.999255231E+00  0.999380965E+00  0.999177093E+00  0.999426303E+00  0.679969791E-03  0.618893962E-03  0.744524541E-03  0.573332849E-03  0.821960441E-03
 0.168342651E+03  0.221483345E+02 -0.156546712E+01 -0.299736798E+00  0.159390390E+01  0.000000000E+00  0.950000000E+02  0.700000000E+00  0.000000000E+00  0.000000000E+00  0.000000000E+00  0.000000000E+00 -0.175000000E+01  0.130000000E+00  0.100000000E+01  0.998232135E+00  0.997628115E+00  0.998656282E+00  0.996837146E+00  0.998895773E+00  0.176786459E-02  0.133954970E-02  0.236913886E-02  0.110258690E-02  0.314385658E-02
 0.168378036E+03  0.221808624E+02  0.400621891E+00  0.165179050E+01  0.169967938E+01  0.000000000E+00  0.785000000E+02  0.130000000E+01  0.000000000E+00  0.000000000E+00  0.000000000E+00  0.000000000E+00 -0.222000000E+01  0.260000000E+00  0.100000000E+01  0.999469827E+00  0.999403548E+00  0.999524258E+00  0.999324014E+00  0.999571403E+00  0.530172524E-03  0.474911589E-03  0.596364863E-03  0.427501523E-03  0.675344106E-03
 0.168345947E+03  0.221729717E+02 -0.138303053E+01  0.117848480E+01  0.181703055E+01  0.000000000E+00  0.862000000E+02  0.400000000E+00  0.000000000E+00  0.000000000E+00  0.000000000E+00  0.000000000E+00 -0.133000000E+01  0.900000000E-01  0.100000000E+01  0.999695635E+00  0.999658604E+00  0.999725494E+00  0.999621908E+00  0.999750729E+00  0.304365199E-03  0.274207356E-03  0.340956239E-03  0.249237105E-03  0.377916458E-03
 0.168383530E+03  0.221249161E+02  0.706007659E+00 -0.170489311E+01  0.184529328E+01  0.000000000E+00  0.795000000E+02  0.600000000E+00  0.000000000E+00  0.000000000E+00  0.000000000E+00  0.000000000E+00 -0.104000000E+01  0.110000000E+00  0.100000000E+01  0.999962619E+00  0.999958677E+00  0.999966041E+00  0.999953833E+00  0.999968826E+00  0.373807022E-04  0.339186671E-04  0.412888936E-04  0.309795952E-04  0.458374535E-04
 0.168356537E+03  0.221289158E+02 -0.794286907E+00 -0.146507216E+01  0.166653168E+01  0.000000000E+00  0.802000000E+02  0.120000000E+01  0.000000000E+00  0.000000000E+00  0.000000000E+00  0.000000000E+00 -0.144000000E+01  0.340000000E+00  0.100000000E+01  0.999865647E+00  0.999853167E+00  0.999875352E+00  0.999841242E+00  0.999885014E+00  0.134353174E-03  0.124508060E-03  0.146703130E-03  0.114686278E-03  0.158686050E-03
 0.168401489E+03  0.221565838E+02  0.170406413E+01  0.195234045E+00  0.171521163E+01  0.000000000E+00  0.726000000E+02  0.900000000E+00  0.000000000E+00  0.000000000E+00  0.000000000E+00  0.000000000E+00 -0.184000000E+01  0.210000000E+00  0.100000000E+01  0.999772022E+00  0.999749282E+00  0.999791477E+00  0.999725185E+00  0.999810388E+00  0.227977862E-03  0.208375501E-03  0.250538476E-03  0.189309828E-03  0.274502083E-03
 0.168366425E+03  0.221230831E+02 -0.244601309E+00 -0.181501937E+01  0.183142710E+01  0.000000000E+00  0.785000000E+02  0.700000000E+00  0.000000000E+00  0.000000000E+00  0.000000000E+00  0.000000000E+00 -0.135000000E+01  0.170000000E+00  0.100000000E+01  0.999758547E+00  0.999735180E+00  0.999779036E+00  0.999712459E+00  0.999798428E+00  0.241453483E-03  0.220769761E-03  0.264760997E-03  0.201430908E-03  0.287509448E-03
 0.168373199E+03  0.221211109E+02  0.132003263E+00 -0.193332076E+01  0.193782198E+01  0.000000000E+00  0.836000000E+02  0.900000000E+00  0.000000000E+00  0.000000000E+00  0.000000000E+00  0.000000000E+00 -0.140000000E+01  0.170000000E+00  0.100000000E+01  0.999746599E+00  0.999722392E+00  0.999770400E+00  0.999693488E+00  0.999787285E+00  0.253401420E-03  0.229395166E-03  0.277525386E-03  0.212253295E-03  0.306300991E-03
 0.168360672E+03  0.221239452E+02 -0.564254582E+00 -0.176325536E+01  0.185133803E+01  0.000000000E+00  0.851000000E+02  0.130000000E+01  0.000000000E+00  0.000000000E+00  0.000000000E+00  0.000000000E+00 -0.720000000E+00  0.310000000E+00  0.100000000E+01  0.999715013E+00  0.999675401E+00  0.999747320E+00  0.999625655E+00  0.999774610E+00  0.284987193E-03  0.252099938E-03  0.324076515E-03  0.224624680E-03  0.372757290E-03
 0.168360458E+03  0.221853886E+02 -0.576151371E+00  0.192338824E+01  0.200782776E+01  0.000000000E+00  0.835000000E+02  0.700000000E+00  0.000000000E+00  0.000000000E+00  0.000000000E+00  0.000000000E+00 -0.820000000E+00  0.200000000E+00  0.100000000E+01  0.998409076E+00  0.998198046E+00  0.998587475E+00  0.997932049E+00  0.998732922E+00  0.159092421E-02  0.141016722E-02  0.179888756E-02  0.126391123E-02  0.206629103E-02
 0.168398285E+03  0.221315002E+02  0.152594781E+01 -0.130983818E+01  0.201101780E+01  0.000000000E+00  0.731000000E+02  0.180000000E+01  0.000000000E+00  0.000000000E+00  0.000000000E+00  0.000000000E+00 -0.179000000E+01  0.390000000E+00  0.100000000E+01  0.999619607E+00  0.999587025E+00  0.999647564E+00  0.999550051E+00  0.999674892E+00  0.380393183E-03  0.352269392E-03  0.412368829E-03  0.324897760E-03  0.449133526E-03
 0.168390259E+03  0.221775551E+02  0.107992375E+01  0.145324349E+01  0.181056678E+01  0.000000000E+00  0.882000000E+02  0.130000000E+01  0.000000000E+00  0.000000000E+00  0.000000000E+00  0.000000000E+00 -0.112000000E+01  0.440000000E+00  0.100000000E+01  0.999916100E+00  0.999905119E+00  0.999924440E+00  0.999891267E+00  0.999931899E+00  0.839002569E-04  0.753986737E-04  0.948133307E-04  0.680664913E-04  0.108109340E-03
 0.168369949E+03  0.221862774E+02 -0.486852820E-01  0.197666013E+01  0.197725964E+01  0.000000000E+00  0.862000000E+02  0.240000000E+01  0.000000000E+00  0.000000000E+00  0.000000000E+00  0.000000000E+00 -0.138000000E+01  0.570000000E+00  0.100000000E+01  0.999461446E+00  0.999413857E+00  0.999502941E+00  0.999355728E+00  0.999539584E+00  0.538553988E-03  0.496531591E-03  0.585334339E-03  0.459170518E-03  0.643909884E-03
 0.168380112E+03  0.221844177E+02  0.515972018E+00  0.186503255E+01  0.193509007E+01  0.000000000E+00  0.737000000E+02  0.150000000E+01  0.000000000E+00  0.000000000E+00  0.000000000E+00  0.000000000E+00 -0.243000000E+01  0.460000000E+00  0.100000000E+01  0.999810384E+00  0.999789780E+00  0.999831291E+00  0.999763508E+00  0.999845458E+00  0.189616160E-03  0.168532867E-03  0.210094991E-03  0.154420196E-03  0.235444712E-03
 0.168341370E+03  0.221388054E+02 -0.163693750E+01 -0.871664703E+00  0.185455227E+01  0.000000000E+00  0.842000000E+02  0.230000000E+01  0.000000000E+00  0.000000000E+00  0.000000000E+00  0.000000000E+00  0.630000000E+00  0.560000000E+00  0.999999940E+00  0.997640800E+00  0.996905645E+00  0.998249160E+00  0.995772573E+00  0.998690172E+00  0.235919986E-02  0.174768452E-02  0.308787529E-02  0.130628769E-02  0.420101703E-02
 0.168335999E+03  0.221593628E+02 -0.193577755E+01  0.362003624E+00  0.196933520E+01  0.000000000E+00  0.800000000E+02  0.140000000E+01  0.000000000E+00  0.000000000E+00  0.000000000E+00  0.000000000E+00 -0.190000000E+01  0.350000000E+00  0.100000000E+01  0.999832107E+00  0.999817398E+00  0.999845817E+00  0.999798609E+00  0.999858112E+00  0.167892535E-03  0.154011659E-03  0.182404002E-03  0.141881788E-03  0.200765299E-03
 0.168404617E+03  0.221592216E+02  0.187786257E+01  0.353525043E+00  0.191085005E+01  0.000000000E+00  0.775000000E+02  0.600000000E+00  0.000000000E+00  0.000000000E+00  0.000000000E+00  0.000000000E+00 -0.223000000E+01  0.120000000E+00  0.100000000E+01  0.999359111E+00  0.999259898E+00  0.999438137E+00  0.999132008E+00  0.999504917E+00  0.640889303E-03  0.561009176E-03  0.738486897E-03  0.494244427E-03  0.865337195E-03
 0.168401733E+03  0.221684456E+02  0.171758306E+01  0.906881452E+00  0.194229901E+01  0.000000000E+00  0.882000000E+02  0.120000000E+01  0.000000000E+00  0.000000000E+00  0.000000000E+00  0.000000000E+00 -0.190000000E+01  0.330000000E+00  0.100000000E+01  0.999680329E+00  0.999639071E+00  0.999718188E+00  0.999583058E+00  0.999740675E+00  0.319671079E-03  0.281505801E-03  0.360521538E-03  0.259196533E-03  0.416001725E-03
 0.168374069E+03  0.221885548E+02  0.180511311E+00  0.211333942E+01  0.212103462E+01  0.000000000E+00  0.827000000E+02  0.150000000E+01  0.000000000E+00  0.000000000E+00  0.000000000E+00  0.000000000E+00 -0.126000000E+01  0.370000000E+00  0.100000000E+01  0.999889987E+00  0.999880825E+00  0.999898585E+00  0.999870862E+00  0.999905174E+00  0.110012939E-03  0.101281150E-03  0.118934496E-03  0.947764341E-04  0.129129658E-03
 0.168373535E+03  0.221889172E+02  0.150153860E+00  0.213510537E+01  0.214037871E+01  0.000000000E+00  0.778000000E+02  0.600000000E+00  0.000000000E+00  0.000000000E+00  0.000000000E+00  0.000000000E+00 -0.141000000E+01  0.160000000E+00  0.100000000E+01  0.999770393E+00  0.999748741E+00  0.999789560E+00  0.999724722E+00  0.999807516E+00  0.229606639E-03  0.210012666E-03  0.251015347E-03  0.192344909E-03  0.274716540E-03
 0.168336700E+03  0.221428890E+02 -0.189652717E+01 -0.626392722E+00  0.199729395E+01  0.000000000E+00  0.758000000E+02  0.900000000E+00  0.000000000E+00  0.000000000E+00  0.000000000E+00  0.000000000E+00 -0.710000000E+00  0.190000000E+00  0.100000000E+01  0.999694746E+00  0.999643651E+00  0.999733559E+00  0.999574985E+00  0.999765755E+00  0.305254341E-03  0.266272407E-03  0.356208776E-03  0.230973390E-03  0.424053811E-03
 0.168385986E+03  0.221179447E+02  0.842718005E+00 -0.212334371E+01  0.228446102E+01  0.000000000E+00  0.753000000E+02  0.800000000E+00  0.000000000E+00  0.000000000E+00  0.000000000E+00  0.000000000E+00 -0.203000000E+01  0.250000000E+00  0.100000000E+01  0.999734333E+00  0.999709263E+00  0.999759437E+00  0.999674271E+00  0.999776792E+00  0.265666781E-03  0.240107086E-03  0.290673068E-03  0.222086137E-03  0.325293370E-03
 0.168363617E+03  0.221182499E+02 -0.400267392E+00 -0.210492039E+01  0.214263940E+01  0.000000000E+00  0.837000000E+02  0.150000000E+01  0.000000000E+00  0.000000000E+00  0.000000000E+00  0.000000000E+00 -0.214000000E+01  0.510000000E+00  0.100000000E+01  0.999285990E+00  0.999220051E+00  0.999343006E+00  0.999144614E+00  0.999396052E+00  0.714010126E-03  0.656870647E-03  0.778743640E-03  0.603947661E-03  0.852492584E-03
 0.168338989E+03  0.221771660E+02 -0.176931429E+01  0.143011069E+01  0.227501416E+01  0.000000000E+00  0.613000000E+02  0.100000000E+01  0.000000000E+00  0.000000000E+00  0.000000000E+00  0.000000000E+00 -0.930000000E+00  0.210000000E+00  0.999999881E+00  0.995121630E+00  0.993360979E+00  0.996379922E+00  0.990860938E+00  0.997120430E+00  0.487837042E-02  0.361163121E-02  0.662421457E-02  0.286952560E-02  0.911064256E-02
 0.168353714E+03  0.221223316E+02 -0.951495767E+00 -0.186000264E+01  0.208924723E+01  0.000000000E+00  0.781000000E+02  0.900000000E+00  0.000000000E+00  0.000000000E+00  0.000000000E+00  0.000000000E+00 -0.970000000E+00  0.230000000E+00  0.100000000E+01  0.999906595E+00  0.999896877E+00  0.999914690E+00  0.999884675E+00  0.999921614E+00  0.934048550E-04  0.851670993E-04  0.103075619E-03  0.779538405E-04  0.115177977E-03
 0.168376068E+03  0.221159439E+02  0.291464925E+00 -0.224342966E+01  0.226228380E+01  0.000000000E+00  0.872000000E+02  0.130000000E+01  0.000000000E+00  0.000000000E+00  0.000000000E+00  0.000000000E+00 -0.252000000E+01  0.340000000E+00  0.100000000E+01  0.999532296E+00  0.999441653E+00  0.999600328E+00  0.999324488E+00  0.999655822E+00  0.467704071E-03  0.398552540E-03  0.557212159E-03  0.342884902E-03  0.667580962E-03
 0.168332458E+03  0.221556396E+02 -0.213243675E+01  0.138617247E+00  0.213693738E+01  0.000000000E+00  0.845000000E+02  0.800000000E+00  0.000000000E+00  0.000000000E+00  0.000000000E+00  0.000000000E+00 -0.110000000E+01  0.160000000E+00  0.100000000E+01  0.999941542E+00  0.999935169E+00  0.999946452E+00  0.999927999E+00  0.999950985E+00  0.584579460E-04  0.534981686E-04  0.647749583E-04  0.489762573E-04  0.719344815E-04
 0.168332657E+03  0.221627502E+02 -0.212094307E+01  0.565258205E+00  0.219497538E+01  0.000000000E+00  0.719000000E+02  0.800000000E+00  0.000000000E+00  0.000000000E+00  0.000000000E+00  0.000000000E+00 -0.700000000E-01  0.140000000E+00  0.999999940E+00  0.962381569E+00  0.939278023E+00  0.975669744E+00  0.892490343E+00  0.983200525E+00  0.376184312E-01  0.241875760E-01  0.597455748E-01  0.167283619E-01  0.105933915E+00
 0.168407883E+03  0.221369991E+02  0.205960917E+01 -0.979940236E+00  0.228084922E+01  0.000000000E+00  0.853000000E+02  0.900000000E+00  0.000000000E+00  0.000000000E+00  0.000000000E+00  0.000000000E+00 -0.199000000E+01  0.210000000E+00  0.100000000E+01  0.999727366E+00  0.999698076E+00  0.999753118E+00  0.999660015E+00  0.999777371E+00  0.272633570E-03  0.246689540E-03  0.301377757E-03  0.222608821E-03  0.339617409E-03
 0.168409622E+03  0.221523609E+02  0.215655184E+01 -0.580610410E-01  0.215733337E+01  0.000000000E+00  0.758000000E+02  0.190000000E+01  0.000000000E+00  0.000000000E+00  0.000000000E+00  0.000000000E+00 -0.165000000E+01  0.640000000E+00  0.100000000E+01  0.999429824E+00  0.999386542E+00  0.999464158E+00  0.999341568E+00  0.999496670E+00  0.570176027E-03  0.535340099E-03  0.613021492E-03  0.502700318E-03  0.658374246E-03
 0.168379196E+03  0.221894436E+02  0.465105832E+00  0.216665936E+01  0.221601796E+01  0.000000000E+00  0.743000000E+02  0.800000000E+00  0.000000000E+00  0.000000000E+00  0.000000000E+00  0.000000000E+00 -0.900000000E+00  0.240000000E+00  0.100000000E+01  0.999348408E+00  0.999272606E+00  0.999410892E+00  0.999181941E+00  0.999465794E+00  0.651591732E-03  0.588968761E-03  0.726450329E-03  0.533628391E-03  0.814838368E-03
 0.168384705E+03  0.221154728E+02  0.771356642E+00 -0.227161408E+01  0.239900446E+01  0.000000000E+00  0.698000000E+02  0.110000000E+01  0.000000000E+00  0.000000000E+00  0.000000000E+00  0.000000000E+00 -0.132000000E+01  0.250000000E+00  0.100000000E+01  0.999316424E+00  0.999242037E+00  0.999388916E+00  0.999170120E+00  0.999441258E+00  0.683575740E-03  0.609779648E-03  0.757614117E-03  0.558316753E-03  0.828610689E-03
 0.168331375E+03  0.221469154E+02 -0.219254184E+01 -0.384698302E+00  0.222603512E+01  0.000000000E+00  0.750000000E+02  0.900000000E+00  0.000000000E+00  0.000000000E+00  0.000000000E+00  0.000000000E+00 -0.125000000E+01  0.210000000E+00  0.100000000E+01  0.999900916E+00  0.999892224E+00  0.999909411E+00  0.999882189E+00  0.999916416E+00  0.990836912E-04  0.903952501E-04  0.107444649E-03  0.835455175E-04  0.117767589E-03
 0.168394669E+03  0.221838875E+02  0.132425749E+01  0.183348334E+01  0.226170707E+01  0.000000000E+00  0.854000000E+02  0.600000000E+00  0.000000000E+00  0.000000000E+00  0.000000000E+00  0.000000000E+00 -0.148000000E+01  0.170000000E+00  0.100000000E+01  0.999764037E+00  0.999738018E+00  0.999785034E+00  0.999707875E+00  0.999804075E+00  0.235963057E-03  0.214790772E-03  0.261716246E-03  0.195813158E-03  0.291754048E-03
 0.168343918E+03  0.221253052E+02 -0.149511146E+01 -0.168161833E+01  0.225015521E+01  0.000000000E+00  0.683000000E+02  0.700000000E+00  0.000000000E+00  0.000000000E+00  0.000000000E+00  0.000000000E+00 -0.202000000E+01  0.210000000E+00  0.100000000E+01  0.999370674E+00  0.999277625E+00  0.999449372E+00  0.999174097E+00  0.999508071E+00  0.629326186E-03  0.549933835E-03  0.721444090E-03  0.491828652E-03  0.823720232E-03
 0.168410461E+03  0.221631393E+02  0.220268965E+01  0.588700652E+00  0.228000212E+01  0.000000000E+00  0.763000000E+02  0.600000000E+00  0.000000000E+00  0.000000000E+00  0.000000000E+00  0.000000000E+00 -0.148000000E+01  0.140000000E+00  0.100000000E+01  0.999813094E+00  0.999794902E+00  0.999828815E+00  0.999774036E+00  0.999843850E+00  0.186906021E-03  0.171033601E-03  0.204465108E-03  0.155620792E-03  0.225828996E-03
 0.168332825E+03  0.221396389E+02 -0.211218119E+01 -0.821560562E+00  0.226633430E+01  0.000000000E+00  0.711000000E+02  0.220000000E+01  0.000000000E+00  0.000000000E+00  0.000000000E+00  0.000000000E+00  0.130000000E+00  0.550000000E+00  0.999999940E+00  0.995393768E+00  0.994454523E+00  0.996209302E+00  0.993040192E+00  0.996884011E+00  0.460623184E-02  0.377883621E-02  0.553515797E-02  0.310865958E-02  0.693127713E-02
 0.168347580E+03  0.221214161E+02 -0.129242265E+01 -0.191492152E+01  0.231025553E+01  0.000000000E+00  0.802000000E+02  0.600000000E+00  0.000000000E+00  0.000000000E+00  0.000000000E+00  0.000000000E+00 -0.149000000E+01  0.140000000E+00  0.100000000E+01  0.999804628E+00  0.999784921E+00  0.999821346E+00  0.999764237E+00  0.999837267E+00  0.195371677E-03  0.178270627E-03  0.214781986E-03  0.162571663E-03  0.235630568E-03
 0.168413025E+03  0.221556664E+02  0.234475923E+01  0.140328690E+00  0.234895468E+01  0.000000000E+00  0.802000000E+02  0.130000000E+01  0.000000000E+00  0.000000000E+00  0.000000000E+00  0.000000000E+00 -0.189000000E+01  0.430000000E+00  0.100000000E+01  0.999766670E+00  0.999746364E+00  0.999783622E+00  0.999721952E+00  0.999798999E+00  0.233330266E-03  0.216182989E-03  0.253414867E-03  0.200988662E-03  0.276972472E-03
 0.168393982E+03  0.221145840E+02  0.128770292E+01 -0.232495523E+01  0.265774250E+01  0.000000000E+00  0.695000000E+02  0.150000000E+01  0.000000000E+00  0.000000000E+00  0.000000000E+00  0.000000000E+00 -0.199000000E+01  0.500000000E+00  0.100000000E+01  0.999297054E+00  0.999217914E+00  0.999364912E+00  0.999138383E+00  0.999420219E+00  0.702945941E-03  0.632955544E-03  0.781246485E-03  0.579603787E-03  0.861585150E-03
 0.168414413E+03  0.221546688E+02  0.242144585E+01  0.804207770E-01  0.242278099E+01  0.000000000E+00  0.830000000E+02  0.700000000E+00  0.000000000E+00  0.000000000E+00  0.000000000E+00  0.000000000E+00 -0.163000000E+01  0.160000000E+00  0.100000000E+01  0.999496016E+00  0.999444163E+00  0.999538690E+00  0.999384494E+00  0.999577612E+00  0.503984168E-03  0.461054451E-03  0.555504663E-03  0.420669492E-03  0.614113969E-03
 0.168358643E+03  0.221133327E+02 -0.676678300E+00 -0.239994717E+01  0.249351954E+01  0.000000000E+00  0.835000000E+02  0.900000000E+00  0.000000000E+00  0.000000000E+00  0.000000000E+00  0.000000000E+00 -0.121000000E+01  0.240000000E+00  0.100000000E+01  0.999915839E+00  0.999908292E+00  0.999922840E+00  0.999898825E+00  0.999928977E+00  0.841613268E-04  0.771046790E-04  0.916563745E-04  0.710009652E-04  0.101140411E-03
 0.168348450E+03  0.221186390E+02 -0.124385273E+01 -0.208166623E+01  0.242497516E+01  0.000000000E+00  0.812000000E+02  0.600000000E+00  0.000000000E+00  0.000000000E+00  0.000000000E+00  0.000000000E+00 -0.125000000E+01  0.140000000E+00  0.100000000E+01  0.999904287E+00  0.999895223E+00  0.999912823E+00  0.999885428E+00  0.999920225E+00  0.957128930E-04  0.870251830E-04  0.104677812E-03  0.796581555E-04  0.114074755E-03
 0.168362244E+03  0.221972237E+02 -0.476689696E+00  0.263333678E+01  0.267613435E+01  0.000000000E+00  0.766000000E+02  0.170000000E+01  0.000000000E+00  0.000000000E+00  0.000000000E+00  0.000000000E+00 -0.208000000E+01  0.490000000E+00  0.100000000E+01  0.999427998E+00  0.999378939E+00  0.999472560E+00  0.999317750E+00  0.999506458E+00  0.572001615E-03  0.527006568E-03  0.620274910E-03  0.493475601E-03  0.681595926E-03
 0.168412994E+03  0.221646099E+02  0.234309197E+01  0.676900327E+00  0.243890834E+01  0.000000000E+00  0.963000000E+02  0.190000000E+01  0.000000000E+00  0.000000000E+00  0.000000000E+00  0.000000000E+00 -0.113000000E+01  0.620000000E+00  0.999999940E+00  0.999116082E+00  0.998793685E+00  0.999324962E+00  0.998396754E+00  0.999460959E+00  0.883918048E-03  0.672645270E-03  0.120310584E-02  0.537745952E-03  0.159388011E-02
 0.168379532E+03  0.221083908E+02  0.484357744E+00 -0.269647002E+01  0.273962641E+01  0.000000000E+00  0.863000000E+02  0.800000000E+00  0.000000000E+00  0.000000000E+00  0.000000000E+00  0.000000000E+00 -0.130000000E+01  0.150000000E+00  0.100000000E+01  0.999580772E+00  0.999534828E+00  0.999622042E+00  0.999479970E+00  0.999654722E+00  0.419228042E-03  0.377688420E-03  0.464887471E-03  0.344290975E-03  0.519100698E-03
 0.168404541E+03  0.221187210E+02  0.187384725E+01 -0.207648969E+01  0.279698277E+01  0.000000000E+00  0.698000000E+02  0.500000000E+00  0.000000000E+00  0.000000000E+00  0.000000000E+00  0.000000000E+00 -0.146000000E+01  0.120000000E+00  0.100000000E+01  0.999466423E+00  0.999403193E+00  0.999522766E+00  0.999341310E+00  0.999567123E+00  0.533576660E-03  0.476766058E-03  0.595168265E-03  0.432274153E-03  0.656669081E-03
 0.168341568E+03  0.221922226E+02 -0.162569153E+01  0.233350539E+01  0.284396219E+01  0.000000000E+00  0.813000000E+02  0.700000000E+00  0.000000000E+00  0.000000000E+00  0.000000000E+00  0.000000000E+00 -0.168000000E+01  0.190000000E+00  0.100000000E+01  0.999437365E+00  0.999378826E+00  0.999481696E+00  0.999322327E+00  0.999523394E+00  0.562634702E-03  0.517718097E-03  0.620528556E-03  0.474617387E-03  0.676099725E-03
 0.168326904E+03  0.221421394E+02 -0.244086742E+01 -0.671381116E+00  0.253151870E+01  0.000000000E+00  0.763000000E+02  0.180000000E+01  0.000000000E+00  0.000000000E+00  0.000000000E+00  0.000000000E+00 -0.150000000E+01  0.550000000E+00  0.100000000E+01  0.999588406E+00  0.999556036E+00  0.999614212E+00  0.999521034E+00  0.999637123E+00  0.411593565E-03  0.385446243E-03  0.443491808E-03  0.362437778E-03  0.477390524E-03
 0.168324127E+03  0.221518345E+02 -0.259556079E+01 -0.895574320E-01  0.259710527E+01  0.000000000E+00  0.788000000E+02  0.700000000E+00  0.000000000E+00  0.000000000E+00  0.000000000E+00  0.000000000E+00 -0.113000000E+01  0.160000000E+00  0.100000000E+01  0.999933064E+00  0.999926559E+00  0.999938529E+00  0.999919109E+00  0.999943880E+00  0.669364298E-04  0.613754875E-04  0.733675313E-04  0.560564468E-04  0.808252168E-04
 0.168325912E+03  0.221415005E+02 -0.249629855E+01 -0.709605396E+00  0.259519672E+01  0.000000000E+00  0.753000000E+02  0.900000000E+00  0.000000000E+00  0.000000000E+00  0.000000000E+00  0.000000000E+00 -0.162000000E+01  0.240000000E+00  0.100000000E+01  0.999330667E+00  0.999268178E+00  0.999378902E+00  0.999191515E+00  0.999429369E+00  0.669333213E-03  0.620872634E-03  0.731322298E-03  0.569888986E-03  0.806970518E-03
 0.168392380E+03  0.221080551E+02  0.119815803E+01 -0.271669984E+01  0.296918178E+01  0.000000000E+00  0.741000000E+02  0.100000000E+01  0.000000000E+00  0.000000000E+00  0.000000000E+00  0.000000000E+00 -0.154000000E+01  0.220000000E+00  0.100000000E+01  0.999053786E+00  0.998971108E+00  0.999130604E+00  0.998866383E+00  0.999201059E+00  0.946213528E-03  0.869097025E-03  0.102740854E-02  0.798837373E-03  0.113018498E-02
 0.168336868E+03  0.221918869E+02 -0.188676000E+01  0.231343102E+01  0.298526812E+01  0.000000000E+00  0.737000000E+02  0.130000000E+01  0.000000000E+00  0.000000000E+00  0.000000000E+00  0.000000000E+00 -0.116000000E+01  0.320000000E+00  0.100000000E+01  0.999867693E+00  0.999856523E+00  0.999879017E+00  0.999844010E+00  0.999886899E+00  0.132306586E-03  0.120909225E-03  0.143276683E-03  0.113047699E-03  0.155582308E-03
 0.168369232E+03  0.222013893E+02 -0.881406290E-01  0.288348937E+01  0.288483620E+01  0.000000000E+00  0.597000000E+02  0.200000000E+01  0.000000000E+00  0.000000000E+00  0.000000000E+00  0.000000000E+00 -0.173000000E+01  0.390000000E+00  0.999999940E+00  0.983408014E+00  0.976904778E+00  0.987775523E+00  0.968572912E+00  0.990561134E+00  0.165919864E-01  0.121995237E-01  0.229260052E-01  0.934262570E-02  0.313806574E-01
 0.168395950E+03  0.221929989E+02  0.139550865E+01  0.238015246E+01  0.275908876E+01  0.000000000E+00  0.883000000E+02  0.160000000E+01  0.000000000E+00  0.000000000E+00  0.000000000E+00  0.000000000E+00 -0.269000000E+01  0.400000000E+00  0.100000000E+01  0.997785894E+00  0.997309922E+00  0.998151165E+00  0.996673779E+00  0.998422432E+00  0.221410556E-02  0.184775286E-02  0.268311062E-02  0.157677867E-02  0.332529778E-02
 0.168393524E+03  0.221951389E+02  0.126116371E+01  0.250843835E+01  0.280763197E+01  0.000000000E+00  0.833000000E+02  0.700000000E+00  0.000000000E+00  0.000000000E+00  0.000000000E+00  0.000000000E+00 -0.183000000E+01  0.210000000E+00  0.100000000E+01  0.999600752E+00  0.999562999E+00  0.999636015E+00  0.999517927E+00  0.999666830E+00  0.399247863E-03  0.363755417E-03  0.436710834E-03  0.332865228E-03  0.481508455E-03
 0.168335815E+03  0.221207790E+02 -0.194541979E+01 -0.195305479E+01  0.275664306E+01  0.000000000E+00  0.713000000E+02  0.110000000E+01  0.000000000E+00  0.000000000E+00  0.000000000E+00  0.000000000E+00 -0.144000000E+01  0.320000000E+00  0.100000000E+01  0.999479468E+00  0.999429529E+00  0.999526217E+00  0.999382479E+00  0.999559696E+00  0.520532456E-03  0.472905176E-03  0.570075632E-03  0.440214166E-03  0.617199783E-03
 0.168356659E+03  0.222035007E+02 -0.786277533E+00  0.300998759E+01  0.311098981E+01  0.000000000E+00  0.837000000E+02  0.140000000E+01  0.000000000E+00  0.000000000E+00  0.000000000E+00  0.000000000E+00 -0.108000000E+01  0.500000000E+00  0.100000000E+01  0.999869890E+00  0.999858918E+00  0.999879526E+00  0.999846362E+00  0.999888581E+00  0.130109892E-03  0.120417386E-03  0.141040398E-03  0.111411510E-03  0.153552906E-03
 0.168328415E+03  0.221874428E+02 -0.235583997E+01  0.204702187E+01  0.312094212E+01  0.000000000E+00  0.665000000E+02  0.120000000E+01  0.000000000E+00  0.000000000E+00  0.000000000E+00  0.000000000E+00 -0.228000000E+01  0.250000000E+00  0.100000000E+01  0.995424436E+00  0.994472184E+00  0.996192921E+00  0.993460052E+00  0.996776714E+00  0.457556402E-02  0.380262493E-02  0.551863480E-02  0.322133933E-02  0.646900775E-02
 0.168423401E+03  0.221478615E+02  0.292184043E+01 -0.327858239E+00  0.294017744E+01  0.000000000E+00  0.727000000E+02  0.150000000E+01  0.000000000E+00  0.000000000E+00  0.000000000E+00  0.000000000E+00 -0.189000000E+01  0.590000000E+00  0.100000000E+01  0.999397945E+00  0.999348116E+00  0.999441237E+00  0.999297499E+00  0.999476225E+00  0.602054876E-03  0.558590852E-03  0.651555891E-03  0.523754587E-03  0.702364714E-03
 0.168395157E+03  0.221048889E+02  0.135233867E+01 -0.290658617E+01  0.320578599E+01  0.000000000E+00  0.755000000E+02  0.600000000E+00  0.000000000E+00  0.000000000E+00  0.000000000E+00  0.000000000E+00 -0.124000000E+01  0.170000000E+00  0.100000000E+01  0.999829509E+00  0.999814642E+00  0.999844375E+00  0.999796640E+00  0.999857315E+00  0.170491165E-03  0.155530627E-03  0.185115290E-03  0.142608206E-03  0.203155391E-03
 0.168391129E+03  0.221022224E+02  0.112910295E+01 -0.306664085E+01  0.326789832E+01  0.000000000E+00  0.801000000E+02  0.400000000E+00  0.000000000E+00  0.000000000E+00  0.000000000E+00  0.000000000E+00 -0.146000000E+01  0.900000000E-01  0.100000000E+01  0.999672402E+00  0.999639678E+00  0.999701533E+00  0.999605209E+00  0.999729256E+00  0.327597849E-03  0.298329190E-03  0.360123484E-03  0.270198507E-03  0.394691858E-03
 0.168421829E+03  0.221281128E+02  0.283493638E+01 -0.151280558E+01  0.321332312E+01  0.000000000E+00  0.738000000E+02  0.900000000E+00  0.000000000E+00  0.000000000E+00  0.000000000E+00  0.000000000E+00 -0.570000000E+00  0.240000000E+00  0.100000000E+01  0.994190880E+00  0.993043509E+00  0.995060495E+00  0.991272443E+00  0.995770827E+00  0.580912040E-02  0.493856135E-02  0.694534445E-02  0.422264231E-02  0.868559472E-02
 0.168341293E+03  0.222018051E+02 -0.163999903E+01  0.290845823E+01  0.333897090E+01  0.000000000E+00  0.726000000E+02  0.200000000E+01  0.000000000E+00  0.000000000E+00  0.000000000E+00  0.000000000E+00 -0.197000000E+01  0.560000000E+00  0.100000000E+01  0.999222431E+00  0.999154951E+00  0.999279952E+00  0.999088900E+00  0.999329702E+00  0.777568610E-03  0.719571123E-03  0.844492073E-03  0.668760662E-03  0.910185095E-03
 0.168377792E+03  0.222054729E+02  0.386892796E+00  0.312831855E+01  0.315215206E+01  0.000000000E+00  0.722000000E+02  0.120000000E+01  0.000000000E+00  0.000000000E+00  0.000000000E+00  0.000000000E+00 -0.103000000E+01  0.570000000E+00  0.100000000E+01  0.999813563E+00  0.999798379E+00  0.999829197E+00  0.999780373E+00  0.999839213E+00  0.186437026E-03  0.170724358E-03  0.201453936E-03  0.160619064E-03  0.219594512E-03
 0.168354996E+03  0.221038055E+02 -0.880238950E+00 -0.297171569E+01  0.309934092E+01  0.000000000E+00  0.740000000E+02  0.210000000E+01  0.000000000E+00  0.000000000E+00  0.000000000E+00  0.000000000E+00 -0.800000000E+00  0.590000000E+00  0.100000000E+01  0.996392473E+00  0.996090450E+00  0.996671314E+00  0.995728556E+00  0.996904317E+00  0.360752681E-02  0.332425084E-02  0.390857127E-02  0.309435314E-02  0.426365264E-02
 0.168408401E+03  0.221881676E+02  0.208769965E+01  0.209032917E+01  0.295431328E+01  0.000000000E+00  0.690000000E+02  0.100000000E+01  0.000000000E+00  0.000000000E+00  0.000000000E+00  0.000000000E+00 -0.950000000E+00  0.330000000E+00  0.100000000E+01  0.999267203E+00  0.999165889E+00  0.999343896E+00  0.999038605E+00  0.999412886E+00  0.732796969E-03  0.654739009E-03  0.832792082E-03  0.586717510E-03  0.956238408E-03
 0.168316162E+03  0.221694164E+02 -0.303775096E+01  0.965605199E+00  0.318752623E+01  0.000000000E+00  0.500000000E+02  0.130000000E+01  0.000000000E+00  0.000000000E+00  0.000000000E+00  0.000000000E+00 -0.163000000E+01  0.290000000E+00  0.999996126E+00  0.389655506E+00  0.227039372E+00  0.570773593E+00  0.112955175E+00  0.727497378E+00  0.610344494E+00  0.428689868E+00  0.770258006E+00  0.271884513E+00  0.885815720E+00
 0.168315445E+03  0.221515274E+02 -0.307761168E+01 -0.107679367E+00  0.307949495E+01  0.000000000E+00  0.687000000E+02  0.120000000E+01  0.000000000E+00  0.000000000E+00  0.000000000E+00  0.000000000E+00 -0.188000000E+01  0.430000000E+00  0.100000000E+01  0.998885496E+00  0.998740961E+00  0.999003642E+00  0.998600208E+00  0.999096582E+00  0.111450392E-02  0.995063879E-03  0.125712682E-02  0.902535248E-03  0.139801666E-02
 0.168423370E+03  0.221271381E+02  0.291999292E+01 -0.157122314E+01  0.331588626E+01  0.000000000E+00  0.792000000E+02  0.150000000E+01  0.000000000E+00  0.000000000E+00  0.000000000E+00  0.000000000E+00 -0.194000000E+01  0.330000000E+00  0.100000000E+01  0.999550347E+00  0.999508017E+00  0.999585009E+00  0.999457081E+00  0.999616872E+00  0.449652745E-03  0.414230571E-03  0.491547355E-03  0.382879987E-03  0.542487606E-03
 0.168351944E+03  0.221036930E+02 -0.104958236E+01 -0.297831702E+01  0.315784669E+01  0.000000000E+00  0.787000000E+02  0.700000000E+00  0.000000000E+00  0.000000000E+00  0.000000000E+00  0.000000000E+00 -0.205000000E+01  0.180000000E+00  0.100000000E+01  0.999489025E+00  0.999430812E+00  0.999536728E+00  0.999360990E+00  0.999572733E+00  0.510974844E-03  0.462152583E-03  0.568018728E-03  0.427219661E-03  0.635611900E-03
 0.168350784E+03  0.221042233E+02 -0.111412585E+01 -0.294651675E+01  0.315011716E+01  0.000000000E+00  0.936000000E+02  0.700000000E+00  0.000000000E+00  0.000000000E+00  0.000000000E+00  0.000000000E+00 -0.142000000E+01  0.220000000E+00  0.100000000E+01  0.997330935E+00  0.996541386E+00  0.997847218E+00  0.995619640E+00  0.998218398E+00  0.266906490E-02  0.214068061E-02  0.345111220E-02  0.177698018E-02  0.436647132E-02
 0.168417664E+03  0.221788616E+02  0.260242557E+01  0.153215134E+01  0.301995134E+01  0.000000000E+00  0.656000000E+02  0.900000000E+00  0.000000000E+00  0.000000000E+00  0.000000000E+00  0.000000000E+00 -0.160000000E+01  0.290000000E+00  0.100000000E+01  0.994923150E+00  0.993923313E+00  0.995686244E+00  0.992676110E+00  0.996244926E+00  0.507685006E-02  0.430792362E-02  0.607402464E-02  0.374993805E-02  0.732042476E-02
 0.168314667E+03  0.221502209E+02 -0.312091088E+01 -0.186161578E+00  0.312645817E+01  0.000000000E+00  0.794000000E+02  0.110000000E+01  0.000000000E+00  0.000000000E+00  0.000000000E+00  0.000000000E+00 -0.120000000E+00  0.290000000E+00  0.999999881E+00  0.973270133E+00  0.964154035E+00  0.980035295E+00  0.949831409E+00  0.984892139E+00  0.267298667E-01  0.198336228E-01  0.357596555E-01  0.150692879E-01  0.499832270E-01
 0.168354584E+03  0.222098618E+02 -0.902340174E+00  0.339174747E+01  0.350972485E+01  0.000000000E+00  0.837000000E+02  0.260000000E+01  0.000000000E+00  0.000000000E+00  0.000000000E+00  0.000000000E+00  0.690000000E+00  0.360000000E+00  0.999999106E+00  0.959447483E+00  0.928728917E+00  0.976899278E+00  0.866721219E+00  0.986395117E+00  0.405525166E-01  0.227919090E-01  0.708653272E-01  0.134857325E-01  0.132541852E+00
 0.168425034E+03  0.221706676E+02  0.301169085E+01  0.104059386E+01  0.318639565E+01  0.000000000E+00  0.734000000E+02  0.150000000E+01  0.000000000E+00  0.000000000E+00  0.000000000E+00  0.000000000E+00 -0.163000000E+01  0.370000000E+00  0.100000000E+01  0.998713722E+00  0.998608477E+00  0.998812532E+00  0.998486614E+00  0.998895678E+00  0.128627818E-02  0.118660982E-02  0.139074946E-02  0.110363604E-02  0.151058554E-02
 0.168429733E+03  0.221325836E+02  0.327443981E+01 -0.124435174E+01  0.350290847E+01  0.000000000E+00  0.839000000E+02  0.100000000E+01  0.000000000E+00  0.000000000E+00  0.000000000E+00  0.000000000E+00 -0.134000000E+01  0.320000000E+00  0.100000000E+01  0.998967795E+00  0.998881917E+00  0.999055521E+00  0.998766550E+00  0.999127836E+00  0.103220538E-02  0.942836466E-03  0.111700605E-02  0.870991110E-03  0.123239413E-02
 0.168427994E+03  0.221243343E+02  0.317744494E+01 -0.173942792E+01  0.362239766E+01  0.000000000E+00  0.775000000E+02  0.600000000E+00  0.000000000E+00  0.000000000E+00  0.000000000E+00  0.000000000E+00 -0.215000000E+01  0.130000000E+00  0.100000000E+01  0.998015098E+00  0.997759962E+00  0.998239154E+00  0.997422905E+00  0.998399800E+00  0.198490205E-02  0.175923859E-02  0.223711632E-02  0.159073741E-02  0.255983371E-02
 0.168417664E+03  0.221079998E+02  0.260373616E+01 -0.271959948E+01  0.376505828E+01  0.000000000E+00  0.744000000E+02  0.230000000E+01  0.000000000E+00  0.000000000E+00  0.000000000E+00  0.000000000E+00 -0.151000000E+01  0.540000000E+00  0.100000000E+01  0.998623244E+00  0.998519486E+00  0.998720144E+00  0.998408567E+00  0.998792294E+00  0.137675635E-02  0.127909162E-02  0.147970509E-02  0.120621664E-02  0.158599811E-02
 0.168329376E+03  0.221124992E+02 -0.230470061E+01 -0.244965887E+01  0.336340213E+01  0.000000000E+00  0.770000000E+02  0.140000000E+01  0.000000000E+00  0.000000000E+00  0.000000000E+00  0.000000000E+00 -0.177000000E+01  0.310000000E+00  0.100000000E+01  0.999214070E+00  0.999142269E+00  0.999271191E+00  0.999058253E+00  0.999326041E+00  0.785930218E-03  0.727764595E-03  0.856639873E-03  0.672676567E-03  0.941511324E-03
 0.168400070E+03  0.222057781E+02  0.162454963E+01  0.314693999E+01  0.354152417E+01  0.000000000E+00  0.834000000E+02  0.500000000E+00  0.000000000E+00  0.000000000E+00  0.000000000E+00  0.000000000E+00 -0.119000000E+01  0.170000000E+00  0.100000000E+01  0.999835272E+00  0.999819317E+00  0.999849408E+00  0.999799141E+00  0.999862296E+00  0.164728052E-03  0.150308313E-03  0.180422706E-03  0.137641171E-03  0.200801598E-03
 0.168307831E+03  0.221472492E+02 -0.350131106E+01 -0.364300519E+00  0.352021217E+01  0.000000000E+00  0.671000000E+02  0.900000000E+00  0.000000000E+00  0.000000000E+00  0.000000000E+00  0.000000000E+00 -0.181000000E+01  0.120000000E+00  0.100000000E+01  0.997588980E+00  0.997200907E+00  0.997916054E+00  0.996752519E+00  0.998167996E+00  0.241102003E-02  0.208045176E-02  0.279026760E-02  0.183168895E-02  0.324580121E-02
 0.168344910E+03  0.220984173E+02 -0.144071937E+01 -0.329482102E+01  0.359604192E+01  0.000000000E+00  0.649000000E+02  0.700000000E+00  0.000000000E+00  0.000000000E+00  0.000000000E+00  0.000000000E+00 -0.194000000E+01  0.180000000E+00  0.100000000E+01  0.996648415E+00  0.995862962E+00  0.997234220E+00  0.994954224E+00  0.997649917E+00  0.335158498E-02  0.275332284E-02  0.412448515E-02  0.234160432E-02  0.501296838E-02
 0.168322998E+03  0.222022762E+02 -0.265685630E+01  0.293710446E+01  0.396048856E+01  0.000000000E+00  0.756000000E+02  0.700000000E+00  0.000000000E+00  0.000000000E+00  0.000000000E+00  0.000000000E+00 -0.203000000E+01  0.110000000E+00  0.100000000E+01  0.999122515E+00  0.999030929E+00  0.999213917E+00  0.998899900E+00  0.999285298E+00  0.877484599E-03  0.785321864E-03  0.968123271E-03  0.713338124E-03  0.110005402E-02
 0.168326172E+03  0.221124172E+02 -0.248238707E+01 -0.245457411E+01  0.349101400E+01  0.000000000E+00  0.786000000E+02  0.600000000E+00  0.000000000E+00  0.000000000E+00  0.000000000E+00  0.000000000E+00 -0.790000000E+00  0.140000000E+00  0.100000000E+01  0.996361279E+00  0.995787621E+00  0.996796593E+00  0.995074074E+00  0.997177784E+00  0.363872130E-02  0.320205568E-02  0.421102501E-02  0.278609227E-02  0.491824353E-02
 0.168426834E+03  0.221808891E+02  0.311241484E+01  0.165391564E+01  0.352456570E+01  0.000000000E+00  0.722000000E+02  0.100000000E+01  0.000000000E+00  0.000000000E+00  0.000000000E+00  0.000000000E+00 -0.840000000E+00  0.530000000E+00  0.100000000E+01  0.993889506E+00  0.993315256E+00  0.994434415E+00  0.992680545E+00  0.994839096E+00  0.611049436E-02  0.556227938E-02  0.668096080E-02  0.515788281E-02  0.731815294E-02
 0.168323837E+03  0.221132793E+02 -0.261221767E+01 -0.240278626E+01  0.354923415E+01  0.000000000E+00  0.821000000E+02  0.210000000E+01  0.000000000E+00  0.000000000E+00  0.000000000E+00  0.000000000E+00 -0.370000000E+00  0.810000000E+00  0.100000000E+01  0.995600912E+00  0.995209705E+00  0.995947074E+00  0.994808292E+00  0.996238531E+00  0.439908767E-02  0.404835998E-02  0.477809963E-02  0.375972512E-02  0.519125468E-02
 0.168351379E+03  0.220928898E+02 -0.108080006E+01 -0.362650442E+01  0.378413296E+01  0.000000000E+00  0.748000000E+02  0.800000000E+00  0.000000000E+00  0.000000000E+00  0.000000000E+00  0.000000000E+00 -0.191000000E+01  0.140000000E+00  0.100000000E+01  0.999301362E+00  0.999230494E+00  0.999365096E+00  0.999134931E+00  0.999416189E+00  0.698637866E-03  0.633686628E-03  0.769169445E-03  0.583334569E-03  0.864393248E-03
 0.168303787E+03  0.221549454E+02 -0.372581577E+01  0.976192500E-01  0.372709441E+01  0.000000000E+00  0.750000000E+02  0.700000000E+00  0.000000000E+00  0.000000000E+00  0.000000000E+00  0.000000000E+00 -0.130000000E+01  0.160000000E+00  0.100000000E+01  0.999324685E+00  0.999264754E+00  0.999384649E+00  0.999191410E+00  0.999435248E+00  0.675315152E-03  0.614722526E-03  0.734764396E-03  0.564633383E-03  0.808076019E-03
 0.168347534E+03  0.220939999E+02 -0.129495275E+01 -0.356001902E+01  0.378822374E+01  0.000000000E+00  0.823000000E+02  0.140000000E+01  0.000000000E+00  0.000000000E+00  0.000000000E+00  0.000000000E+00 -0.233000000E+01  0.300000000E+00  0.100000000E+01  0.998987874E+00  0.998840513E+00  0.999105158E+00  0.998678966E+00  0.999200591E+00  0.101212599E-02  0.892081255E-03  0.115726639E-02  0.798225940E-03  0.131930621E-02
 0.168369781E+03  0.222199440E+02 -0.577787200E-01  0.399659681E+01  0.399701452E+01  0.000000000E+00  0.726000000E+02  0.140000000E+01  0.000000000E+00  0.000000000E+00  0.000000000E+00  0.000000000E+00 -0.190000000E+01  0.300000000E+00  0.100000000E+01  0.998922911E+00  0.998817516E+00  0.999016065E+00  0.998700604E+00  0.999088375E+00  0.107708885E-02  0.982925782E-03  0.118143260E-02  0.910112966E-03  0.129917096E-02
 0.168333801E+03  0.221017780E+02 -0.205807281E+01 -0.309312057E+01  0.371524668E+01  0.000000000E+00  0.719000000E+02  0.800000000E+00  0.000000000E+00  0.000000000E+00  0.000000000E+00  0.000000000E+00 -0.109000000E+01  0.230000000E+00  0.100000000E+01  0.999750822E+00  0.999724679E+00  0.999774292E+00  0.999697188E+00  0.999791621E+00  0.249178448E-03  0.225382507E-03  0.275075646E-03  0.208286686E-03  0.301780011E-03
 0.168316864E+03  0.221159172E+02 -0.300018072E+01 -0.224446273E+01  0.374682498E+01  0.000000000E+00  0.875000000E+02  0.130000000E+01  0.000000000E+00  0.000000000E+00  0.000000000E+00  0.000000000E+00 -0.216000000E+01  0.420000000E+00  0.100000000E+01  0.996212838E+00  0.995736344E+00  0.996635495E+00  0.995091734E+00  0.996972830E+00  0.378716153E-02  0.336183205E-02  0.424973415E-02  0.302476867E-02  0.489599787E-02
 0.168347122E+03  0.222214184E+02 -0.131654310E+01  0.408520603E+01  0.429210806E+01  0.000000000E+00  0.723000000E+02  0.900000000E+00  0.000000000E+00  0.000000000E+00  0.000000000E+00  0.000000000E+00 -0.181000000E+01  0.200000000E+00  0.100000000E+01  0.998259508E+00  0.998082603E+00  0.998421946E+00  0.997868272E+00  0.998551507E+00  0.174049208E-02  0.157636196E-02  0.191449812E-02  0.144816002E-02  0.212671864E-02
 0.168303925E+03  0.221359711E+02 -0.371872592E+01 -0.104086280E+01  0.386164689E+01  0.000000000E+00  0.830000000E+02  0.600000000E+00  0.000000000E+00  0.000000000E+00  0.000000000E+00  0.000000000E+00 -0.113000000E+01  0.170000000E+00  0.100000000E+01  0.999811723E+00  0.999793350E+00  0.999827690E+00  0.999770968E+00  0.999841835E+00  0.188277373E-03  0.172222793E-03  0.206582218E-03  0.157839395E-03  0.228545448E-03
 0.168356110E+03  0.222239170E+02 -0.818030357E+00  0.423512125E+01  0.431340075E+01  0.000000000E+00  0.913000000E+02  0.600000000E+00  0.000000000E+00  0.000000000E+00  0.000000000E+00  0.000000000E+00 -0.214000000E+01  0.130000000E+00  0.100000000E+01  0.989690499E+00  0.987292577E+00  0.991474607E+00  0.984102686E+00  0.992917693E+00  0.103095014E-01  0.847818007E-02  0.126793732E-01  0.704958831E-02  0.158297633E-01
 0.168347092E+03  0.220897484E+02 -0.132005394E+01 -0.381489706E+01  0.403682804E+01  0.000000000E+00  0.667000000E+02  0.900000000E+00  0.000000000E+00  0.000000000E+00  0.000000000E+00  0.000000000E+00 -0.153000000E+01  0.190000000E+00  0.100000000E+01  0.994406290E+00  0.993456056E+00  0.995194813E+00  0.992318914E+00  0.995777472E+00  0.559371034E-02  0.479260796E-02  0.653188537E-02  0.421763093E-02  0.763225642E-02
 0.168382797E+03  0.220822506E+02  0.665208697E+00 -0.426499796E+01  0.431656265E+01  0.000000000E+00  0.880000000E+02  0.100000000E+01  0.000000000E+00  0.000000000E+00  0.000000000E+00  0.000000000E+00 -0.212000000E+01  0.260000000E+00  0.100000000E+01  0.995255195E+00  0.994557794E+00  0.995852816E+00  0.993631765E+00  0.996332854E+00  0.474480520E-02  0.413444385E-02  0.543265040E-02  0.364467835E-02  0.635542172E-02
 0.168304749E+03  0.221312771E+02 -0.367253661E+01 -0.132259142E+01  0.390343094E+01  0.000000000E+00  0.797000000E+02  0.700000000E+00  0.000000000E+00  0.000000000E+00  0.000000000E+00  0.000000000E+00 -0.146000000E+01  0.160000000E+00  0.100000000E+01  0.999468813E+00  0.999416432E+00  0.999515033E+00  0.999360164E+00  0.999557561E+00  0.531186823E-03  0.484538497E-03  0.583090255E-03  0.441857628E-03  0.639644249E-03
 0.168332535E+03  0.220963879E+02 -0.212877822E+01 -0.341645718E+01  0.402540398E+01  0.000000000E+00  0.768000000E+02  0.120000000E+01  0.000000000E+00  0.000000000E+00  0.000000000E+00  0.000000000E+00 -0.800000000E+00  0.320000000E+00  0.100000000E+01  0.994278387E+00  0.993605013E+00  0.994833344E+00  0.992847789E+00  0.995414755E+00  0.572161324E-02  0.515777081E-02  0.638373486E-02  0.458292649E-02  0.714154064E-02
 0.168397614E+03  0.220809441E+02  0.149003947E+01 -0.434321928E+01  0.459170675E+01  0.000000000E+00  0.720000000E+02  0.150000000E+01  0.000000000E+00  0.000000000E+00  0.000000000E+00  0.000000000E+00 -0.226000000E+01  0.510000000E+00  0.100000000E+01  0.994770698E+00  0.994238679E+00  0.995284582E+00  0.993627748E+00  0.995686583E+00  0.522930212E-02  0.471401481E-02  0.574424484E-02  0.431174203E-02  0.636082280E-02
 0.168418472E+03  0.222051106E+02  0.264671159E+01  0.310703659E+01  0.408151436E+01  0.000000000E+00  0.814000000E+02  0.500000000E+00  0.000000000E+00  0.000000000E+00  0.000000000E+00  0.000000000E+00 -0.189000000E+01  0.900000000E-01  0.100000000E+01  0.999273393E+00  0.999190654E+00  0.999339463E+00  0.999109972E+00  0.999397951E+00  0.726607009E-03  0.660251072E-03  0.808090880E-03  0.601070274E-03  0.889121498E-03
 0.168364532E+03  0.222281933E+02 -0.349121004E+00  0.449159098E+01  0.450513887E+01  0.000000000E+00  0.847000000E+02  0.100000000E+01  0.000000000E+00  0.000000000E+00  0.000000000E+00  0.000000000E+00 -0.228000000E+01  0.220000000E+00  0.100000000E+01  0.996398146E+00  0.995811862E+00  0.996850705E+00  0.995168501E+00  0.997220335E+00  0.360185352E-02  0.314562129E-02  0.418266582E-02  0.277326675E-02  0.481369316E-02
 0.168328247E+03  0.222203617E+02 -0.236515260E+01  0.402202320E+01  0.466589928E+01  0.000000000E+00  0.855000000E+02  0.180000000E+01  0.000000000E+00  0.000000000E+00  0.000000000E+00  0.000000000E+00 -0.236000000E+01  0.490000000E+00  0.100000000E+01  0.998428240E+00  0.998246836E+00  0.998592130E+00  0.998028989E+00  0.998731194E+00  0.157176016E-02  0.140690522E-02  0.175080356E-02  0.126460013E-02  0.196733799E-02
 0.168424698E+03  0.220931110E+02  0.299512410E+01 -0.361289740E+01  0.469295168E+01  0.000000000E+00  0.706000000E+02  0.110000000E+01  0.000000000E+00  0.000000000E+00  0.000000000E+00  0.000000000E+00 -0.216000000E+01  0.370000000E+00  0.100000000E+01  0.992000177E+00  0.991110671E+00  0.992904647E+00  0.989987852E+00  0.993569738E+00  0.799982330E-02  0.709363506E-02  0.888156676E-02  0.642247434E-02  0.998979606E-02
 0.168339447E+03  0.220877781E+02 -0.174461627E+01 -0.393311953E+01  0.430268717E+01  0.000000000E+00  0.756000000E+02  0.200000000E+01  0.000000000E+00  0.000000000E+00  0.000000000E+00  0.000000000E+00 -0.310000000E+00  0.400000000E+00  0.100000000E+01  0.966640367E+00  0.960571149E+00  0.971887787E+00  0.952316146E+00  0.976388033E+00  0.333596334E-01  0.280491513E-01  0.393704016E-01  0.236002962E-01  0.473927262E-01
 0.168349289E+03  0.220827503E+02 -0.119784045E+01 -0.423480272E+01  0.440095186E+01  0.000000000E+00  0.830000000E+02  0.900000000E+00  0.000000000E+00  0.000000000E+00  0.000000000E+00  0.000000000E+00 -0.108000000E+01  0.330000000E+00  0.100000000E+01  0.999721235E+00  0.999694835E+00  0.999743760E+00  0.999664281E+00  0.999763432E+00  0.278765315E-03  0.255841459E-03  0.304833167E-03  0.235785333E-03  0.335009161E-03
 0.168320587E+03  0.221009712E+02 -0.279318333E+01 -0.314125347E+01  0.420349217E+01  0.000000000E+00  0.808000000E+02  0.120000000E+01  0.000000000E+00  0.000000000E+00  0.000000000E+00  0.000000000E+00 -0.440000000E+00  0.390000000E+00  0.100000000E+01  0.987166461E+00  0.985048327E+00  0.988857552E+00  0.982503643E+00  0.990409273E+00  0.128335390E-01  0.111197647E-01  0.149288464E-01  0.958409594E-02  0.174306165E-01
 0.168298096E+03  0.221909447E+02 -0.404057121E+01  0.225768161E+01  0.462853575E+01  0.000000000E+00  0.750000000E+02  0.800000000E+00  0.000000000E+00  0.000000000E+00  0.000000000E+00  0.000000000E+00 -0.161000000E+01  0.170000000E+00  0.100000000E+01  0.997021171E+00  0.996730441E+00  0.997280307E+00  0.996375461E+00  0.997499773E+00  0.297882869E-02  0.271734253E-02  0.326554443E-02  0.249246082E-02  0.362396162E-02
 0.168292938E+03  0.221514988E+02 -0.432789516E+01 -0.108976066E+00  0.432926703E+01  0.000000000E+00  0.714000000E+02  0.170000000E+01  0.000000000E+00  0.000000000E+00  0.000000000E+00  0.000000000E+00 -0.193000000E+01  0.610000000E+00  0.100000000E+01  0.998111221E+00  0.997932318E+00  0.998260091E+00  0.997737447E+00  0.998392516E+00  0.188877851E-02  0.173882610E-02  0.206558077E-02  0.160426844E-02  0.225761175E-02
 0.168406494E+03  0.220783596E+02  0.198375559E+01 -0.449826956E+01  0.491627026E+01  0.000000000E+00  0.773000000E+02  0.130000000E+01  0.000000000E+00  0.000000000E+00  0.000000000E+00  0.000000000E+00 -0.198000000E+01  0.310000000E+00  0.100000000E+01  0.998629401E+00  0.998482738E+00  0.998741663E+00  0.998323056E+00  0.998843789E+00  0.137059865E-02  0.125741982E-02  0.151575613E-02  0.115557642E-02  0.167289288E-02
 0.168380508E+03  0.220736122E+02  0.538405240E+00 -0.478325462E+01  0.481346083E+01  0.000000000E+00  0.850000000E+02  0.800000000E+00  0.000000000E+00  0.000000000E+00  0.000000000E+00  0.000000000E+00 -0.154000000E+01  0.200000000E+00  0.100000000E+01  0.996557550E+00  0.996213692E+00  0.996895748E+00  0.995749654E+00  0.997158739E+00  0.344245019E-02  0.309682497E-02  0.377466534E-02  0.283941205E-02  0.424820655E-02
 0.168422562E+03  0.222089729E+02  0.287428379E+01  0.333880329E+01  0.440557766E+01  0.000000000E+00  0.591000000E+02  0.300000000E+00  0.000000000E+00  0.000000000E+00  0.000000000E+00  0.000000000E+00 -0.430000000E+00  0.400000000E-01  0.999998987E+00  0.547320196E+00  0.426511255E+00  0.661109455E+00  0.292364732E+00  0.748290065E+00  0.452679804E+00  0.337957109E+00  0.572827619E+00  0.251348452E+00  0.703894827E+00
 0.168407700E+03  0.220773621E+02  0.205060792E+01 -0.455808830E+01  0.499811554E+01  0.000000000E+00  0.851000000E+02  0.140000000E+01  0.000000000E+00  0.000000000E+00  0.000000000E+00  0.000000000E+00 -0.173000000E+01  0.600000000E+00  0.100000000E+01  0.995698089E+00  0.995321294E+00  0.996057036E+00  0.994811774E+00  0.996327945E+00  0.430191064E-02  0.393677418E-02  0.467769943E-02  0.367021665E-02  0.518569847E-02
 0.168382370E+03  0.222373047E+02  0.640957534E+00  0.503840399E+01  0.507901001E+01  0.000000000E+00  0.872000000E+02  0.500000000E+00  0.000000000E+00  0.000000000E+00  0.000000000E+00  0.000000000E+00 -0.134000000E+01  0.110000000E+00  0.100000000E+01  0.996255785E+00  0.995782876E+00  0.996671615E+00  0.995219682E+00  0.996978365E+00  0.374421541E-02  0.332522731E-02  0.421310564E-02  0.302048293E-02  0.476957064E-02
 0.168376617E+03  0.220661392E+02  0.321951538E+00 -0.523155785E+01  0.524145508E+01  0.000000000E+00  0.786000000E+02  0.900000000E+00  0.000000000E+00  0.000000000E+00  0.000000000E+00  0.000000000E+00 -0.121000000E+01  0.260000000E+00  0.100000000E+01  0.999507270E+00  0.999460891E+00  0.999548298E+00  0.999412821E+00  0.999588446E+00  0.492730277E-03  0.451389942E-03  0.538799779E-03  0.411475039E-03  0.586085433E-03
 0.168341827E+03  0.220746098E+02 -0.161261928E+01 -0.472328377E+01  0.499098682E+01  0.000000000E+00  0.973000000E+02  0.800000000E+00  0.000000000E+00  0.000000000E+00  0.000000000E+00  0.000000000E+00 -0.232000000E+01  0.170000000E+00  0.999999881E+00  0.956480302E+00  0.937182064E+00  0.969430686E+00  0.910788711E+00  0.977735975E+00  0.435196979E-01  0.305023910E-01  0.620057665E-01  0.216622494E-01  0.890658409E-01
 0.168281616E+03  0.221583881E+02 -0.495696926E+01  0.304772913E+00  0.496632957E+01  0.000000000E+00  0.701000000E+02  0.110000000E+01  0.000000000E+00  0.000000000E+00  0.000000000E+00  0.000000000E+00 -0.113000000E+01  0.510000000E+00  0.100000000E+01  0.999096476E+00  0.998995312E+00  0.999183538E+00  0.998887918E+00  0.999249606E+00  0.903524280E-03  0.815424574E-03  0.100440970E-02  0.749202101E-03  0.110952192E-02
 0.168279327E+03  0.221575260E+02 -0.508452749E+01  0.253100008E+00  0.509082317E+01  0.000000000E+00  0.772000000E+02  0.170000000E+01  0.000000000E+00  0.000000000E+00  0.000000000E+00  0.000000000E+00 -0.140000000E+01  0.520000000E+00  0.100000000E+01  0.997209980E+00  0.996977394E+00  0.997409326E+00  0.996727301E+00  0.997593929E+00  0.279001954E-02  0.258763954E-02  0.302060558E-02  0.240584502E-02  0.326315032E-02
 0.168464615E+03  0.221505833E+02  0.521132708E+01 -0.163423613E+00  0.521388864E+01  0.000000000E+00  0.828000000E+02  0.180000000E+01  0.000000000E+00  0.000000000E+00  0.000000000E+00  0.000000000E+00 -0.192000000E+01  0.410000000E+00  0.100000000E+01  0.998148681E+00  0.997979137E+00  0.998304421E+00  0.997804920E+00  0.998438636E+00  0.185131908E-02  0.169367283E-02  0.201716134E-02  0.155947297E-02  0.219454102E-02
 0.168386444E+03  0.222426682E+02  0.867764831E+00  0.536014891E+01  0.542993641E+01  0.000000000E+00  0.981000000E+02  0.130000000E+01  0.000000000E+00  0.000000000E+00  0.000000000E+00  0.000000000E+00 -0.205000000E+01  0.610000000E+00  0.999999881E+00  0.945825162E+00  0.921330988E+00  0.961353086E+00  0.889496355E+00  0.970883571E+00  0.541748381E-01  0.384879706E-01  0.784376421E-01  0.290555143E-01  0.110057364E+00
 0.168407837E+03  0.220623074E+02  0.205842328E+01 -0.546138668E+01  0.583642435E+01  0.000000000E+00  0.761000000E+02  0.130000000E+01  0.000000000E+00  0.000000000E+00  0.000000000E+00  0.000000000E+00 -0.950000000E+00  0.310000000E+00  0.100000000E+01  0.997904925E+00  0.997689950E+00  0.998092898E+00  0.997438468E+00  0.998271097E+00  0.209507493E-02  0.190548916E-02  0.230956664E-02  0.172868070E-02  0.255530603E-02
 0.168310226E+03  0.222340832E+02 -0.336562276E+01  0.484569597E+01  0.589984608E+01  0.000000000E+00  0.788000000E+02  0.160000000E+01  0.000000000E+00  0.000000000E+00  0.000000000E+00  0.000000000E+00 -0.121000000E+01  0.410000000E+00  0.100000000E+01  0.999193081E+00  0.999120934E+00  0.999257189E+00  0.999047746E+00  0.999315599E+00  0.806918667E-03  0.742195553E-03  0.877618343E-03  0.683843379E-03  0.950063571E-03
 0.168315979E+03  0.220808907E+02 -0.304953575E+01 -0.434601688E+01  0.530919313E+01  0.000000000E+00  0.833000000E+02  0.190000000E+01  0.000000000E+00  0.000000000E+00  0.000000000E+00  0.000000000E+00 -0.137000000E+01  0.720000000E+00  0.100000000E+01  0.995013830E+00  0.994617306E+00  0.995363519E+00  0.994150469E+00  0.995671329E+00  0.498616987E-02  0.463156300E-02  0.537727714E-02  0.432348390E-02  0.582478275E-02
 0.168470123E+03  0.221451111E+02  0.551823139E+01 -0.491453499E+00  0.554007244E+01  0.000000000E+00  0.780000000E+02  0.180000000E+01  0.000000000E+00  0.000000000E+00  0.000000000E+00  0.000000000E+00 -0.212000000E+01  0.560000000E+00  0.100000000E+01  0.994289357E+00  0.993732548E+00  0.994720820E+00  0.993166535E+00  0.995119318E+00  0.571064279E-02  0.527677756E-02  0.626257596E-02  0.486264146E-02  0.683040982E-02
 0.168276657E+03  0.222014999E+02 -0.523091602E+01  0.289163876E+01  0.597696066E+01  0.000000000E+00  0.742000000E+02  0.120000000E+01  0.000000000E+00  0.000000000E+00  0.000000000E+00  0.000000000E+00 -0.151000000E+01  0.340000000E+00  0.100000000E+01  0.995418638E+00  0.994989861E+00  0.995814932E+00  0.994546396E+00  0.996081404E+00  0.458136188E-02  0.417546073E-02  0.500689235E-02  0.390748914E-02  0.544722385E-02
 0.168355042E+03  0.220576096E+02 -0.878248930E+00 -0.574341297E+01  0.581017351E+01  0.000000000E+00  0.853000000E+02  0.400000000E+00  0.000000000E+00  0.000000000E+00  0.000000000E+00  0.000000000E+00 -0.144000000E+01  0.110000000E+00  0.100000000E+01  0.997366384E+00  0.997085605E+00  0.997642534E+00  0.996691069E+00  0.997861604E+00  0.263361574E-02  0.235641528E-02  0.291392505E-02  0.213835119E-02  0.329304823E-02
 0.168394196E+03  0.222479153E+02  0.129786229E+01  0.567505836E+01  0.582157516E+01  0.000000000E+00  0.739000000E+02  0.700000000E+00  0.000000000E+00  0.000000000E+00  0.000000000E+00  0.000000000E+00 -0.164000000E+01  0.170000000E+00  0.100000000E+01  0.994484430E+00  0.993920149E+00  0.994981226E+00  0.993282823E+00  0.995356751E+00  0.551556992E-02  0.501633304E-02  0.607508585E-02  0.463753050E-02  0.670783333E-02
 0.168395081E+03  0.220529423E+02  0.134827983E+01 -0.602344084E+01  0.617249536E+01  0.000000000E+00  0.850000000E+02  0.900000000E+00  0.000000000E+00  0.000000000E+00  0.000000000E+00  0.000000000E+00 -0.144000000E+01  0.270000000E+00  0.100000000E+01  0.996564610E+00  0.996230774E+00  0.996895505E+00  0.995768403E+00  0.997158244E+00  0.343539043E-02  0.309667705E-02  0.376519779E-02  0.283790957E-02  0.423128176E-02
 0.168342697E+03  0.220601673E+02 -0.156416905E+01 -0.558972263E+01  0.580444861E+01  0.000000000E+00  0.807000000E+02  0.400000000E+00  0.000000000E+00  0.000000000E+00  0.000000000E+00  0.000000000E+00 -0.274000000E+01  0.600000000E-01  0.100000000E+01  0.976458786E+00  0.964683083E+00  0.982940937E+00  0.944005591E+00  0.987239398E+00  0.235412145E-01  0.169986546E-01  0.352001755E-01  0.127264876E-01  0.539676337E-01
 0.168428635E+03  0.222321110E+02  0.320991158E+01  0.472735357E+01  0.571414089E+01  0.000000000E+00  0.897000000E+02  0.170000000E+01  0.000000000E+00  0.000000000E+00  0.000000000E+00  0.000000000E+00 -0.840000000E+00  0.520000000E+00  0.100000000E+01  0.961524648E+00  0.955846488E+00  0.966362780E+00  0.948656060E+00  0.969688132E+00  0.384753520E-01  0.335622270E-01  0.440430694E-01  0.301574523E-01  0.513074577E-01
 0.168281067E+03  0.221072788E+02 -0.498914432E+01 -0.276183033E+01  0.570256662E+01  0.000000000E+00  0.759000000E+02  0.230000000E+01  0.000000000E+00  0.000000000E+00  0.000000000E+00  0.000000000E+00 -0.185000000E+01  0.510000000E+00  0.100000000E+01  0.996923505E+00  0.996657414E+00  0.997155234E+00  0.996364138E+00  0.997337941E+00  0.307649475E-02  0.284368739E-02  0.333943255E-02  0.265702791E-02  0.363583708E-02
 0.168358490E+03  0.220502224E+02 -0.686097741E+00 -0.618650866E+01  0.622443724E+01  0.000000000E+00  0.795000000E+02  0.800000000E+00  0.000000000E+00  0.000000000E+00  0.000000000E+00  0.000000000E+00 -0.122000000E+01  0.210000000E+00  0.100000000E+01  0.999120201E+00  0.999035709E+00  0.999195068E+00  0.998943801E+00  0.999268979E+00  0.879798589E-03  0.803865349E-03  0.963758547E-03  0.730437566E-03  0.105344103E-02
 0.168428360E+03  0.222354717E+02  0.319542027E+01  0.492898083E+01  0.587414360E+01  0.000000000E+00  0.862000000E+02  0.110000000E+01  0.000000000E+00  0.000000000E+00  0.000000000E+00  0.000000000E+00 -0.244000000E+01  0.210000000E+00  0.100000000E+01  0.995988373E+00  0.995068372E+00  0.996614723E+00  0.993937529E+00  0.997105200E+00  0.401162688E-02  0.337962915E-02  0.491853965E-02  0.289439455E-02  0.605686861E-02
 0.168273712E+03  0.221183357E+02 -0.539801884E+01 -0.209814692E+01  0.579144430E+01  0.000000000E+00  0.914000000E+02  0.900000000E+00  0.000000000E+00  0.000000000E+00  0.000000000E+00  0.000000000E+00  0.700000000E-01  0.270000000E+00  0.477091938E+00  0.705616048E+00  0.602649097E+00  0.788879554E+00  0.469643565E+00  0.848297814E+00  0.294383952E+00  0.210528131E+00  0.396112816E+00  0.150061303E+00  0.528736530E+00
 0.168265274E+03  0.221399441E+02 -0.586636972E+01 -0.801237166E+00  0.592083406E+01  0.000000000E+00  0.846000000E+02  0.240000000E+01  0.000000000E+00  0.000000000E+00  0.000000000E+00  0.000000000E+00 -0.860000000E+00  0.930000000E+00  0.970698714E+00  0.978269602E+00  0.976484486E+00  0.979833212E+00  0.974444675E+00  0.981177168E+00  0.217303984E-01  0.201206467E-01  0.234978050E-01  0.188140783E-01  0.255533194E-01
 0.168264694E+03  0.221928883E+02 -0.589603710E+01  0.237530684E+01  0.635651922E+01  0.000000000E+00  0.499000000E+02  0.300000000E+00  0.000000000E+00  0.000000000E+00  0.000000000E+00  0.000000000E+00  0.100000000E-01  0.500000000E-01  0.220853100E-02  0.676445693E-03  0.240935784E-03  0.191919876E-02  0.782225639E-04  0.481642818E-02  0.999323554E+00  0.998060230E+00  0.999757494E+00  0.995150555E+00  0.999921336E+00
 0.168272705E+03  0.221158047E+02 -0.545430565E+01 -0.224995208E+01  0.590014744E+01  0.000000000E+00  0.655000000E+02  0.120000000E+01  0.000000000E+00  0.000000000E+00  0.000000000E+00  0.000000000E+00 -0.153000000E+01  0.500000000E+00  0.949128509E+00  0.970492125E+00  0.964631339E+00  0.974654636E+00  0.957722431E+00  0.977917738E+00  0.295078746E-01  0.252615980E-01  0.352818108E-01  0.219299126E-01  0.422224934E-01
 0.168307297E+03  0.220719986E+02 -0.353204632E+01 -0.487931824E+01  0.602354527E+01  0.000000000E+00  0.780000000E+02  0.130000000E+01  0.000000000E+00  0.000000000E+00  0.000000000E+00  0.000000000E+00 -0.247000000E+01  0.340000000E+00  0.987545788E+00  0.997175756E+00  0.996696785E+00  0.997543886E+00  0.996166951E+00  0.997831309E+00  0.282424400E-02  0.244632892E-02  0.329623617E-02  0.216711091E-02  0.381518630E-02
 0.168408066E+03  0.222520008E+02  0.206854629E+01  0.592030096E+01  0.627127171E+01  0.000000000E+00 -0.282000000E+02  0.400000000E+00  0.000000000E+00  0.000000000E+00  0.000000000E+00  0.000000000E+00 -0.590000000E+00  0.600000000E-01  0.000000000E+00  0.100000000E-09  0.100000000E-09  0.100000000E-09  0.100000000E-09  0.100000000E-09  0.100000000E+01  0.100000000E+01  0.100000000E+01  0.100000000E+01  0.100000000E+01
 0.168462082E+03  0.222077217E+02  0.506958771E+01  0.326476335E+01  0.602987528E+01  0.000000000E+00  0.768000000E+02  0.600000000E+00  0.000000000E+00  0.000000000E+00  0.000000000E+00  0.000000000E+00 -0.187000000E+01  0.170000000E+00  0.990303695E+00  0.997385234E+00  0.997097212E+00  0.997613893E+00  0.996753783E+00  0.997813665E+00  0.261476626E-02  0.238381547E-02  0.290070176E-02  0.217846523E-02  0.323950469E-02
 0.168261307E+03  0.221206665E+02 -0.608736896E+01 -0.195786273E+01  0.639447308E+01  0.000000000E+00  0.755000000E+02  0.120000000E+01  0.000000000E+00  0.000000000E+00  0.000000000E+00  0.000000000E+00 -0.900000000E-01  0.720000000E+00  0.949825823E+00  0.942588059E+00  0.936087312E+00  0.948298514E+00  0.928669620E+00  0.953954879E+00  0.574119407E-01  0.516324522E-01  0.638875699E-01  0.459839125E-01  0.712017593E-01
 0.168434906E+03  0.222435837E+02  0.355861998E+01  0.541564894E+01  0.648020315E+01  0.000000000E+00  0.793000000E+02  0.150000000E+01  0.000000000E+00  0.000000000E+00  0.000000000E+00  0.000000000E+00 -0.237000000E+01  0.540000000E+00  0.988397360E+00  0.996990050E+00  0.996686357E+00  0.997279072E+00  0.996302145E+00  0.997498771E+00  0.300995021E-02  0.271699617E-02  0.331170262E-02  0.248759433E-02  0.367681464E-02
 0.168265839E+03  0.220963612E+02 -0.583629036E+01 -0.341636872E+01  0.676268148E+01  0.000000000E+00  0.701000000E+02  0.240000000E+01  0.000000000E+00  0.000000000E+00  0.000000000E+00  0.000000000E+00 -0.101000000E+01  0.540000000E+00  0.964940190E+00  0.997450562E+00  0.997169632E+00  0.997692968E+00  0.996859719E+00  0.997887248E+00  0.254943837E-02  0.230386478E-02  0.282497905E-02  0.211240215E-02  0.312913058E-02
 0.168300201E+03  0.220566654E+02 -0.392668343E+01 -0.579916906E+01  0.700351381E+01  0.000000000E+00  0.812000000E+02  0.130000000E+01  0.000000000E+00  0.000000000E+00  0.000000000E+00  0.000000000E+00 -0.179000000E+01  0.420000000E+00  0.988386691E+00  0.993033393E+00  0.992363384E+00  0.993599463E+00  0.991713260E+00  0.994100352E+00  0.696660711E-02  0.639845085E-02  0.763278393E-02  0.589197238E-02  0.827161234E-02
 0.168300903E+03  0.222691669E+02 -0.388207507E+01  0.695091867E+01  0.796151829E+01  0.000000000E+00  0.833000000E+02  0.140000000E+01  0.000000000E+00  0.000000000E+00  0.000000000E+00  0.000000000E+00 -0.206000000E+01  0.270000000E+00  0.988004565E+00  0.989004246E+00  0.987700106E+00  0.990101348E+00  0.986395139E+00  0.991064743E+00  0.109957541E-01  0.987802809E-02  0.122862632E-01  0.892661389E-02  0.135981213E-01
 0.168498901E+03  0.221132507E+02  0.711939955E+01 -0.240203905E+01  0.751369667E+01  0.000000000E+00  0.787000000E+02  0.400000000E+00  0.000000000E+00  0.000000000E+00  0.000000000E+00  0.000000000E+00 -0.118000000E+01  0.110000000E+00  0.985044360E+00  0.998560871E+00  0.998413366E+00  0.998695223E+00  0.998260886E+00  0.998829777E+00  0.143912924E-02  0.130398514E-02  0.158591578E-02  0.116991936E-02  0.173374600E-02
 0.168240753E+03  0.221806126E+02 -0.722627020E+01  0.163980889E+01  0.740999031E+01  0.000000000E+00  0.784000000E+02  0.600000000E+00  0.000000000E+00  0.000000000E+00  0.000000000E+00  0.000000000E+00 -0.146000000E+01  0.160000000E+00  0.988946438E+00  0.995898760E+00  0.995488796E+00  0.996295343E+00  0.994996751E+00  0.996636487E+00  0.410123963E-02  0.369865026E-02  0.450314886E-02  0.336336681E-02  0.500060481E-02
 0.168391205E+03  0.220142517E+02  0.113360786E+01 -0.834483814E+01  0.842148399E+01  0.000000000E+00 -0.347000000E+02  0.180000000E+01  0.000000000E+00  0.000000000E+00  0.000000000E+00  0.000000000E+00 -0.254000000E+01  0.410000000E+00  0.000000000E+00  0.100000000E-09  0.100000000E-09  0.100000000E-09  0.100000000E-09  0.100000000E-09  0.100000000E+01  0.100000000E+01  0.100000000E+01  0.100000000E+01  0.100000000E+01
 0.168472290E+03  0.222460556E+02  0.563413525E+01  0.556518555E+01  0.791926575E+01  0.000000000E+00  0.833000000E+02  0.800000000E+00  0.000000000E+00  0.000000000E+00  0.000000000E+00  0.000000000E+00 -0.242000000E+01  0.240000000E+00  0.942360878E+00  0.992156557E+00  0.990584120E+00  0.993273643E+00  0.988803397E+00  0.994182423E+00  0.784344300E-02  0.672027394E-02  0.940813320E-02  0.580265588E-02  0.111701025E-01
 0.168405029E+03  0.222896366E+02  0.189811528E+01  0.817848301E+01  0.839585781E+01  0.000000000E+00 -0.990000000E+01  0.300000000E+00  0.000000000E+00  0.000000000E+00  0.000000000E+00  0.000000000E+00  0.220000000E+00  0.500000000E-01  0.000000000E+00  0.100000000E-09  0.100000000E-09  0.100000000E-09  0.100000000E-09  0.100000000E-09  0.100000000E+01  0.100000000E+01  0.100000000E+01  0.100000000E+01  0.100000000E+01
 0.168516205E+03  0.221747761E+02  0.807794666E+01  0.129049516E+01  0.818037891E+01  0.000000000E+00  0.855000000E+02  0.300000000E+00  0.000000000E+00  0.000000000E+00  0.000000000E+00  0.000000000E+00 -0.275000000E+01  0.700000000E-01  0.871956468E+00  0.896516824E+00  0.850801075E+00  0.924515147E+00  0.777906678E+00  0.942043744E+00  0.103483176E+00  0.752840940E-01  0.149005056E+00  0.575793436E-01  0.221952543E+00
 0.168227158E+03  0.221037502E+02 -0.798656750E+01 -0.297120905E+01  0.852134609E+01  0.000000000E+00  0.639000000E+02  0.120000000E+01  0.000000000E+00  0.000000000E+00  0.000000000E+00  0.000000000E+00 -0.276000000E+01  0.250000000E+00  0.685803175E+00  0.631986812E+00  0.540986043E+00  0.703488966E+00  0.457507413E+00  0.767335617E+00  0.368013188E+00  0.294959599E+00  0.457159173E+00  0.232330158E+00  0.542322892E+00
 0.168507721E+03  0.220523033E+02  0.761246586E+01 -0.605837441E+01  0.972900486E+01  0.000000000E+00  0.129100000E+03  0.180000000E+01  0.000000000E+00  0.000000000E+00  0.000000000E+00  0.000000000E+00 -0.126000000E+01  0.400000000E+00  0.330000000E-07  0.884644344E-07  0.828866048E-08  0.868131809E-06  0.861897613E-09  0.722536775E-05  0.999999912E+00  0.999999097E+00  0.999999991E+00  0.999992311E+00  0.999999999E+00
 0.168513962E+03  0.222118053E+02  0.795061779E+01  0.351200199E+01  0.869174766E+01  0.000000000E+00  0.825000000E+02  0.800000000E+00  0.000000000E+00  0.000000000E+00  0.000000000E+00  0.000000000E+00 -0.236000000E+01  0.300000000E+00  0.943469465E+00  0.988916575E+00  0.987150911E+00  0.990286611E+00  0.985155854E+00  0.991403104E+00  0.110834254E-01  0.970037323E-02  0.128325009E-01  0.857802407E-02  0.147173130E-01
 0.168381119E+03  0.223166962E+02  0.571596324E+00  0.980182266E+01  0.981847477E+01  0.000000000E+00  0.280000000E+02  0.300000000E+00  0.000000000E+00  0.000000000E+00  0.000000000E+00  0.000000000E+00 -0.214000000E+01  0.600000000E-01  0.300000000E-08  0.153881587E-08  0.124192978E-09  0.197767522E-07  0.100000000E-09  0.173828619E-06  0.999999998E+00  0.999999980E+00  0.100000000E+01  0.999999813E+00  0.100000000E+01
 0.168264740E+03  0.222969418E+02 -0.588940096E+01  0.861857796E+01  0.104386263E+02  0.000000000E+00  0.140000000E+02  0.400000000E+00  0.000000000E+00  0.000000000E+00  0.000000000E+00  0.000000000E+00 -0.610000000E+00  0.500000000E-01  0.000000000E+00  0.100000000E-09  0.100000000E-09  0.100000000E-09  0.100000000E-09  0.100000000E-09  0.100000000E+01  0.100000000E+01  0.100000000E+01  0.100000000E+01  0.100000000E+01
 0.168452499E+03  0.222898350E+02  0.453424454E+01  0.819117451E+01  0.936240959E+01  0.000000000E+00  0.280200000E+03  0.160000000E+01  0.000000000E+00  0.000000000E+00  0.000000000E+00  0.000000000E+00 -0.187000000E+01  0.380000000E+00  0.000000000E+00  0.100000000E-09  0.100000000E-09  0.100000000E-09  0.100000000E-09  0.100000000E-09  0.100000000E+01  0.100000000E+01  0.100000000E+01  0.100000000E+01  0.100000000E+01
 0.168391739E+03  0.219807243E+02  0.116351962E+01 -0.103565283E+02  0.104216814E+02  0.000000000E+00 -0.360000000E+01  0.200000000E+00  0.000000000E+00  0.000000000E+00  0.000000000E+00  0.000000000E+00 -0.500000000E-01  0.300000000E-01  0.000000000E+00  0.100000000E-09  0.100000000E-09  0.100000000E-09  0.100000000E-09  0.100000000E-09  0.100000000E+01  0.100000000E+01  0.100000000E+01  0.100000000E+01  0.100000000E+01
 0.168271667E+03  0.223197479E+02 -0.550402784E+01  0.998675537E+01  0.114030523E+02  0.000000000E+00 -0.500000000E+00  0.200000000E+00  0.000000000E+00  0.000000000E+00  0.000000000E+00  0.000000000E+00 -0.170000000E+00  0.300000000E-01  0.000000000E+00  0.100000000E-09  0.100000000E-09  0.100000000E-09  0.100000000E-09  0.100000000E-09  0.100000000E+01  0.100000000E+01  0.100000000E+01  0.100000000E+01  0.100000000E+01
 0.168225250E+03  0.222987499E+02 -0.808091354E+01  0.872883224E+01  0.118951120E+02  0.000000000E+00  0.766000000E+02  0.200000000E+00  0.000000000E+00  0.000000000E+00  0.000000000E+00  0.000000000E+00 -0.196000000E+01  0.600000000E-01  0.811599851E+00  0.970917323E+00  0.967512741E+00  0.973674738E+00  0.963625895E+00  0.976279539E+00  0.290826773E-01  0.262359976E-01  0.324494202E-01  0.237079071E-01  0.363561265E-01
 0.168559296E+03  0.220670280E+02  0.104798698E+02 -0.517185640E+01  0.116865635E+02  0.000000000E+00 -0.225000000E+02  0.400000000E+00  0.000000000E+00  0.000000000E+00  0.000000000E+00  0.000000000E+00 -0.170000000E+01  0.900000000E-01  0.000000000E+00  0.100000000E-09  0.100000000E-09  0.100000000E-09  0.100000000E-09  0.100000000E-09  0.100000000E+01  0.100000000E+01  0.100000000E+01  0.100000000E+01  0.100000000E+01
 0.168319916E+03  0.219711933E+02 -0.283300304E+01 -0.109279423E+02  0.112891912E+02  0.000000000E+00  0.426000000E+02  0.200000000E+00  0.000000000E+00  0.000000000E+00  0.000000000E+00  0.000000000E+00 -0.310000000E+00  0.300000000E-01  0.647800000E-05  0.351566281E-05  0.881980118E-06  0.134606370E-04  0.201125982E-06  0.436442020E-04  0.999996484E+00  0.999986354E+00  0.999999097E+00  0.999956070E+00  0.999999794E+00
 0.168171753E+03  0.222017231E+02 -0.110589495E+02  0.291059279E+01  0.114355545E+02  0.000000000E+00  0.240000000E+01  0.140000000E+01  0.000000000E+00  0.000000000E+00  0.000000000E+00  0.000000000E+00  0.400000000E+00  0.300000000E+00  0.000000000E+00  0.100000000E-09  0.100000000E-09  0.100000000E-09  0.100000000E-09  0.100000000E-09  0.100000000E+01  0.100000000E+01  0.100000000E+01  0.100000000E+01  0.100000000E+01
 0.168565582E+03  0.222060547E+02  0.108185892E+02  0.317028379E+01  0.112735338E+02  0.000000000E+00  0.211700000E+03  0.300000000E+00  0.000000000E+00  0.000000000E+00  0.000000000E+00  0.000000000E+00 -0.136000000E+01  0.500000000E-01  0.000000000E+00  0.100000000E-09  0.100000000E-09  0.100000000E-09  0.100000000E-09  0.100000000E-09  0.100000000E+01  0.100000000E+01  0.100000000E+01  0.100000000E+01  0.100000000E+01
 0.168178040E+03  0.220896111E+02 -0.107176476E+02 -0.381649542E+01  0.113768892E+02  0.000000000E+00  0.831000000E+02  0.500000000E+00  0.000000000E+00  0.000000000E+00  0.000000000E+00  0.000000000E+00 -0.170000000E+01  0.110000000E+00  0.789528906E+00  0.954611102E+00  0.949861967E+00  0.959013515E+00  0.944045615E+00  0.962780928E+00  0.453888982E-01  0.409175407E-01  0.500338034E-01  0.372158962E-01  0.555418890E-01
 0.168578964E+03  0.221855831E+02  0.115639343E+02  0.194286847E+01  0.117260103E+02  0.000000000E+00 -0.319000000E+02  0.260000000E+01  0.000000000E+00  0.000000000E+00  0.000000000E+00  0.000000000E+00 -0.351000000E+01  0.360000000E+00  0.000000000E+00  0.100000000E-09  0.100000000E-09  0.100000000E-09  0.100000000E-09  0.100000000E-09  0.100000000E+01  0.100000000E+01  0.100000000E+01  0.100000000E+01  0.100000000E+01
 0.168468536E+03  0.223330536E+02  0.542291689E+01  0.107850342E+02  0.120716610E+02  0.000000000E+00  0.166000000E+02  0.500000000E+00  0.000000000E+00  0.000000000E+00  0.000000000E+00  0.000000000E+00 -0.380000000E+00  0.900000000E-01  0.000000000E+00  0.100000000E-09  0.100000000E-09  0.100000000E-09  0.100000000E-09  0.100000000E-09  0.100000000E+01  0.100000000E+01  0.100000000E+01  0.100000000E+01  0.100000000E+01
 0.168206619E+03  0.223388042E+02 -0.911268711E+01  0.111333723E+02  0.143872528E+02  0.000000000E+00  0.489000000E+02  0.200000000E+00  0.000000000E+00  0.000000000E+00  0.000000000E+00  0.000000000E+00 -0.310000000E+00  0.300000000E-01  0.141957000E-03  0.592035456E-04  0.218071590E-04  0.153478217E-03  0.820897550E-05  0.346839450E-03  0.999940796E+00  0.999844837E+00  0.999977842E+00  0.999651783E+00  0.999991624E+00
 0.168167786E+03  0.220568333E+02 -0.112906361E+02 -0.578246212E+01  0.126852407E+02  0.000000000E+00 -0.340000000E+01  0.200000000E+00  0.000000000E+00  0.000000000E+00  0.000000000E+00  0.000000000E+00 -0.150000000E+00  0.200000000E-01  0.000000000E+00  0.100000000E-09  0.100000000E-09  0.100000000E-09  0.100000000E-09  0.100000000E-09  0.100000000E+01  0.100000000E+01  0.100000000E+01  0.100000000E+01  0.100000000E+01
 0.168215042E+03  0.223508339E+02 -0.864494514E+01  0.118545561E+02  0.146719313E+02  0.000000000E+00  0.780000000E+01  0.200000000E+00  0.000000000E+00  0.000000000E+00  0.000000000E+00  0.000000000E+00 -0.223000000E+01  0.600000000E-01  0.000000000E+00  0.100000000E-09  0.100000000E-09  0.100000000E-09  0.100000000E-09  0.100000000E-09  0.100000000E+01  0.100000000E+01  0.100000000E+01  0.100000000E+01  0.100000000E+01
 0.168228745E+03  0.223680267E+02 -0.788289309E+01  0.128854046E+02  0.151054182E+02  0.000000000E+00  0.208700000E+03  0.900000000E+00  0.000000000E+00  0.000000000E+00  0.000000000E+00  0.000000000E+00 -0.177000000E+01  0.260000000E+00  0.000000000E+00  0.100000000E-09  0.100000000E-09  0.100000000E-09  0.100000000E-09  0.100000000E-09  0.100000000E+01  0.100000000E+01  0.100000000E+01  0.100000000E+01  0.100000000E+01
 0.168614502E+03  0.220763340E+02  0.135484800E+02 -0.460918856E+01  0.143110418E+02  0.000000000E+00  0.779000000E+02  0.700000000E+00  0.000000000E+00  0.000000000E+00  0.000000000E+00  0.000000000E+00 -0.172000000E+01  0.110000000E+00  0.758430958E+00  0.907383664E+00  0.897811222E+00  0.915304062E+00  0.886979555E+00  0.922832275E+00  0.926163362E-01  0.846434412E-01  0.102026249E+00  0.771360410E-01  0.112863007E+00
 0.168123917E+03  0.221465836E+02 -0.137218695E+02 -0.393870711E+00  0.137275209E+02  0.000000000E+00  0.115800000E+03  0.100000000E+01  0.000000000E+00  0.000000000E+00  0.000000000E+00  0.000000000E+00 -0.230000000E+00  0.260000000E+00  0.297600000E-05  0.302806894E-05  0.722701805E-06  0.119583105E-04  0.166541474E-06  0.445488755E-04  0.999996972E+00  0.999987927E+00  0.999999261E+00  0.999955216E+00  0.999999828E+00
 0.168407959E+03  0.219058895E+02  0.206679344E+01 -0.148464508E+02  0.149896212E+02  0.000000000E+00  0.518000000E+02  0.200000000E+00  0.000000000E+00  0.000000000E+00  0.000000000E+00  0.000000000E+00 -0.490000000E+00  0.300000000E-01  0.854004000E-03  0.305854305E-03  0.141348227E-03  0.668967484E-03  0.615822414E-04  0.124028736E-02  0.999694146E+00  0.999326620E+00  0.999857957E+00  0.998751488E+00  0.999936052E+00
 0.168256165E+03  0.223896103E+02 -0.636144543E+01  0.141790190E+02  0.155406752E+02  0.000000000E+00 -0.202000000E+02  0.400000000E+00  0.000000000E+00  0.000000000E+00  0.000000000E+00  0.000000000E+00 -0.460000000E+00  0.600000000E-01  0.000000000E+00  0.100000000E-09  0.100000000E-09  0.100000000E-09  0.100000000E-09  0.100000000E-09  0.100000000E+01  0.100000000E+01  0.100000000E+01  0.100000000E+01  0.100000000E+01
 0.168476532E+03  0.223819160E+02  0.586515236E+01  0.137170382E+02  0.149183493E+02  0.000000000E+00  0.361000000E+02  0.200000000E+00  0.000000000E+00  0.000000000E+00  0.000000000E+00  0.000000000E+00 -0.840000000E+00  0.300000000E-01  0.276000000E-06  0.106405337E-06  0.193559815E-07  0.635412898E-06  0.247688377E-08  0.306832530E-05  0.999999894E+00  0.999999321E+00  0.999999980E+00  0.999996688E+00  0.999999998E+00
 0.168431290E+03  0.224019165E+02  0.335380268E+01  0.149157209E+02  0.152881231E+02  0.000000000E+00  0.930000000E+01  0.200000000E+00  0.000000000E+00  0.000000000E+00  0.000000000E+00  0.000000000E+00 -0.790000000E+00  0.300000000E-01  0.000000000E+00  0.100000000E-09  0.100000000E-09  0.100000000E-09  0.100000000E-09  0.100000000E-09  0.100000000E+01  0.100000000E+01  0.100000000E+01  0.100000000E+01  0.100000000E+01
 0.168521301E+03  0.219133320E+02  0.837583065E+01 -0.143959551E+02  0.166552715E+02  0.000000000E+00  0.113000000E+03  0.200000000E+00  0.000000000E+00  0.000000000E+00  0.000000000E+00  0.000000000E+00 -0.500000000E+00  0.300000000E-01  0.205030000E-04  0.641377055E-05  0.179687377E-05  0.214414559E-04  0.459123039E-06  0.692225042E-04  0.999993586E+00  0.999978283E+00  0.999998178E+00  0.999930552E+00  0.999999495E+00
 0.168576965E+03  0.219528351E+02  0.114713144E+02 -0.120222635E+02  0.166170349E+02  0.000000000E+00  0.226000000E+02  0.300000000E+00  0.000000000E+00  0.000000000E+00  0.000000000E+00  0.000000000E+00 -0.870000000E+00  0.500000000E-01  0.000000000E+00  0.100000000E-09  0.100000000E-09  0.100000000E-09  0.100000000E-09  0.290153684E-09  0.100000000E+01  0.100000000E+01  0.100000000E+01  0.100000000E+01  0.100000000E+01
 0.168647583E+03  0.221327209E+02  0.153819342E+02 -0.122271383E+01  0.154304543E+02  0.000000000E+00 -0.328000000E+02  0.130000000E+01  0.000000000E+00  0.000000000E+00  0.000000000E+00  0.000000000E+00 -0.281000000E+01  0.140000000E+00  0.000000000E+00  0.100000000E-09  0.100000000E-09  0.100000000E-09  0.100000000E-09  0.100000000E-09  0.100000000E+01  0.100000000E+01  0.100000000E+01  0.100000000E+01  0.100000000E+01
 0.168648712E+03  0.221179180E+02  0.154458160E+02 -0.211093831E+01  0.155893965E+02  0.000000000E+00  0.380000000E+02  0.300000000E+00  0.000000000E+00  0.000000000E+00  0.000000000E+00  0.000000000E+00 -0.200000000E-01  0.400000000E-01  0.690000000E-07  0.122857670E-07  0.206987290E-08  0.736484443E-07  0.298593618E-09  0.342392573E-06  0.999999988E+00  0.999999925E+00  0.999999998E+00  0.999999651E+00  0.100000000E+01
 0.168107407E+03  0.220910263E+02 -0.146454782E+02 -0.372568512E+01  0.151119413E+02  0.000000000E+00 -0.937000000E+02  0.110000000E+01  0.000000000E+00  0.000000000E+00  0.000000000E+00  0.000000000E+00 -0.360000000E+00  0.220000000E+00  0.000000000E+00  0.100000000E-09  0.100000000E-09  0.100000000E-09  0.100000000E-09  0.100000000E-09  0.100000000E+01  0.100000000E+01  0.100000000E+01  0.100000000E+01  0.100000000E+01
 0.168172195E+03  0.219695835E+02 -0.110521145E+02 -0.110177040E+02  0.156057367E+02  0.000000000E+00  0.708000000E+02  0.200000000E+00  0.000000000E+00  0.000000000E+00  0.000000000E+00  0.000000000E+00 -0.220000000E+00  0.200000000E-01  0.718348620E-01  0.667379755E-01  0.434769298E-01  0.989808510E-01  0.242595714E-01  0.137731169E+00  0.933262025E+00  0.900757866E+00  0.956081582E+00  0.861440968E+00  0.975715245E+00
 0.168232254E+03  0.219135265E+02 -0.771372509E+01 -0.143849926E+02  0.163226700E+02  0.000000000E+00  0.145000000E+02  0.200000000E+00  0.000000000E+00  0.000000000E+00  0.000000000E+00  0.000000000E+00 -0.490000000E+00  0.300000000E-01  0.000000000E+00  0.100000000E-09  0.100000000E-09  0.100000000E-09  0.100000000E-09  0.100000000E-09  0.100000000E+01  0.100000000E+01  0.100000000E+01  0.100000000E+01  0.100000000E+01
 0.168583374E+03  0.223359737E+02  0.117956944E+02  0.109667263E+02  0.161061325E+02  0.000000000E+00  0.142700000E+03  0.140000000E+01  0.000000000E+00  0.000000000E+00  0.000000000E+00  0.000000000E+00 -0.300000000E-01  0.280000000E+00  0.000000000E+00  0.100000000E-09  0.100000000E-09  0.100000000E-09  0.100000000E-09  0.100000000E-09  0.100000000E+01  0.100000000E+01  0.100000000E+01  0.100000000E+01  0.100000000E+01
 0.168599380E+03  0.223269730E+02  0.126850462E+02  0.104280844E+02  0.164211864E+02  0.000000000E+00  0.863000000E+02  0.900000000E+00  0.000000000E+00  0.000000000E+00  0.000000000E+00  0.000000000E+00 -0.161000000E+01  0.150000000E+00  0.609864414E+00  0.737213542E+00  0.714185370E+00  0.759489760E+00  0.685080958E+00  0.778616937E+00  0.262786458E+00  0.240400030E+00  0.285399824E+00  0.221376486E+00  0.314533333E+00
 0.168655075E+03  0.222489166E+02  0.157857151E+02  0.574979162E+01  0.168002644E+02  0.000000000E+00  0.782000000E+02  0.700000000E+00  0.000000000E+00  0.000000000E+00  0.000000000E+00  0.000000000E+00 -0.157000000E+01  0.110000000E+00  0.713558495E+00  0.774726333E+00  0.756118104E+00  0.793195429E+00  0.735140664E+00  0.808463053E+00  0.225273667E+00  0.206726470E+00  0.243590601E+00  0.190436819E+00  0.263843471E+00
 0.168630798E+03  0.223015575E+02  0.144314947E+02  0.890581513E+01  0.169582310E+02  0.000000000E+00 -0.200000000E+00  0.200000000E+00  0.000000000E+00  0.000000000E+00  0.000000000E+00  0.000000000E+00 -0.130000000E+00  0.300000000E-01  0.000000000E+00  0.100000000E-09  0.100000000E-09  0.100000000E-09  0.100000000E-09  0.100000000E-09  0.100000000E+01  0.100000000E+01  0.100000000E+01  0.100000000E+01  0.100000000E+01
 0.168582672E+03  0.223658619E+02  0.117545290E+02  0.127600250E+02  0.173489819E+02  0.000000000E+00 -0.108000000E+02  0.300000000E+00  0.000000000E+00  0.000000000E+00  0.000000000E+00  0.000000000E+00 -0.157000000E+01  0.400000000E-01  0.000000000E+00  0.100000000E-09  0.100000000E-09  0.100000000E-09  0.100000000E-09  0.100000000E-09  0.100000000E+01  0.100000000E+01  0.100000000E+01  0.100000000E+01  0.100000000E+01
